YOB,Name,mFrequency,fFrequency,mForF
1949,Terry,8,5,1.6
1951,Terry,7,5,1.4
1952,Terry,16,7,2.286
1952,Leslie,5,7,0.714
1953,Terry,17,11,1.545
1953,Leslie,6,14,0.429
1953,Lynn,6,10,0.6
1953,Robin,5,10,0.5
1954,Terry,23,13,1.769
1954,Lee,9,7,1.286
1954,Kim,5,6,0.833
1954,Leslie,5,10,0.5
1955,Terry,22,15,1.467
1955,Kim,10,14,0.714
1955,Leslie,8,14,0.571
1956,Terry,20,7,2.857
1956,Leslie,9,8,1.125
1956,Robin,8,16,0.5
1957,Terry,24,8,3.0
1957,Leslie,7,10,0.7
1958,Terry,27,10,2.7
1958,Kelly,6,12,0.5
1958,Robin,6,12,0.5
1959,Terry,13,13,1.0
1959,Chris,7,5,1.4
1959,Jackie,6,6,1.0
1959,Kelly,6,19,0.316
1959,Leslie,6,17,0.353
1959,Kim,5,19,0.263
1960,Terry,19,14,1.357
1960,Kelly,7,32,0.219
1960,Tracy,7,10,0.7
1960,Leslie,5,21,0.238
1961,Chris,15,6,2.5
1961,Terry,15,8,1.875
1961,Kelly,7,34,0.206
1961,Jackie,6,5,1.2
1961,Leslie,5,8,0.625
1962,Terry,15,5,3.0
1962,Kelly,8,37,0.216
1962,Leslie,6,8,0.75
1962,Tracy,6,9,0.667
1963,Terry,13,6,2.167
1963,Kelly,11,28,0.393
1963,Tracy,7,16,0.438
1963,Dana,5,6,0.833
1964,Shannon,5,11,0.455
1964,Tracy,5,14,0.357
1965,Tracy,9,13,0.692
1965,Kelly,5,17,0.294
1966,Tracy,7,16,0.438
1966,Kelly,5,23,0.217
1967,Kelly,9,26,0.346
1967,Leslie,7,6,1.167
1967,Tracy,7,21,0.333
1968,Leslie,6,7,0.857
1968,Kelly,5,18,0.278
1968,Stacey,5,7,0.714
1969,Shawn,24,12,2.0
1969,Shannon,7,26,0.269
1969,Kelly,6,24,0.25
1970,Shawn,33,7,4.714
1970,Robin,7,18,0.389
1970,Shannon,7,47,0.149
1971,Tracy,7,31,0.226
1971,Kelly,5,26,0.192
1971,Leslie,5,7,0.714
1971,Robin,5,14,0.357
1972,Shannon,6,30,0.2
1973,Shawn,26,5,5.2
1973,Kelly,7,14,0.5
1973,Jamie,5,10,0.5
1974,Shannon,5,21,0.238
1975,Jamie,10,8,1.25
1975,Kelly,6,22,0.273
1975,Shannon,6,21,0.286
1976,Jamie,11,41,0.268
1977,Jamie,6,34,0.176
1977,Dana,5,9,0.556
1978,Casey,8,5,1.6
1979,Jessie,7,5,1.4
1979,Kelly,7,29,0.241
1979,Shannon,6,28,0.214
1980,Casey,17,6,2.833
1980,Jamie,6,34,0.176
1980,Morgan,5,5,1.0
1981,Ryan,86,5,17.2
1981,Jamie,8,33,0.242
1981,Kelly,8,25,0.32
1982,Casey,13,7,1.857
1982,Jamie,9,37,0.243
1982,Morgan,8,16,0.5
1982,Kelly,7,27,0.259
1982,Robin,6,13,0.462
1982,Dana,5,7,0.714
1983,Casey,9,11,0.818
1983,Jamie,6,39,0.154
1983,Kelly,6,26,0.231
1983,Morgan,6,7,0.857
1984,Jesse,42,5,8.4
1984,Casey,25,7,3.571
1984,Jamie,8,42,0.19
1984,Kelly,8,22,0.364
1984,Morgan,5,14,0.357
1985,Jordan,21,7,3.0
1985,Casey,15,6,2.5
1985,Morgan,7,10,0.7
1985,Jessie,6,5,1.2
1985,Kelly,6,27,0.222
1986,Jesse,66,5,13.2
1986,Jordan,33,14,2.357
1986,Casey,26,11,2.364
1986,Jessie,7,8,0.875
1986,Morgan,7,13,0.538
1986,Jamie,6,47,0.128
1986,Kelly,5,23,0.217
1987,Casey,12,8,1.5
1987,Morgan,7,7,1.0
1987,Kelly,5,30,0.167
1988,Jordan,29,9,3.222
1988,Casey,17,9,1.889
1988,Taylor,9,6,1.5
1988,Robin,6,11,0.545
1988,Morgan,5,13,0.385
1989,Jordan,35,19,1.842
1989,Casey,19,10,1.9
1989,Taylor,15,14,1.071
1989,Kelly,7,27,0.259
1990,Jordan,41,25,1.64
1990,Taylor,23,10,2.3
1990,Casey,20,11,1.818
1990,Kelly,6,22,0.273
1990,Morgan,6,13,0.462
1991,Jordan,51,16,3.188
1991,Taylor,35,27,1.296
1991,Jamie,6,22,0.273
1991,Kelly,6,20,0.3
1992,Tyler,98,10,9.8
1992,Jordan,35,25,1.4
1992,Taylor,34,33,1.03
1992,Casey,13,7,1.857
1992,Devon,9,5,1.8
1992,Morgan,8,18,0.444
1992,Mackenzie,5,10,0.5
1993,Tyler,103,7,14.714
1993,Jordan,48,23,2.087
1993,Taylor,31,56,0.554
1993,Dakota,17,8,2.125
1993,Casey,12,7,1.714
1993,Dominique,5,6,0.833
1994,Tyler,91,6,15.167
1994,Jordan,30,21,1.429
1994,Taylor,25,55,0.455
1994,Casey,6,9,0.667
1994,Jamie,6,17,0.353
1994,Morgan,6,23,0.261
1995,Jordan,31,36,0.861
1995,Dakota,22,9,2.444
1995,Logan,19,5,3.8
1995,Taylor,19,35,0.543
1995,Morgan,12,20,0.6
1996,Jordan,31,12,2.583
1996,Taylor,16,40,0.4
1996,Mackenzie,6,13,0.462
1996,Bailey,5,8,0.625
1996,Casey,5,7,0.714
1997,Jordan,34,16,2.125
1997,Taylor,14,46,0.304
1997,Riley,11,5,2.2
1997,Bailey,5,15,0.333
1997,Morgan,5,26,0.192
1998,Hunter,37,5,7.4
1998,Jordan,23,24,0.958
1998,Dakota,17,6,2.833
1998,Bailey,9,9,1.0
1998,Taylor,7,35,0.2
1998,Morgan,5,20,0.25
1999,Jordan,22,14,1.571
1999,Riley,15,7,2.143
1999,Dakota,13,7,1.857
1999,Taylor,8,33,0.242
1999,Morgan,6,15,0.4
1999,Avery,5,5,1.0
1999,Bailey,5,10,0.5
2000,Jordan,26,10,2.6
2000,Taylor,20,25,0.8
2000,Riley,14,5,2.8
2000,Skyler,9,5,1.8
2000,Peyton,6,7,0.857
2001,Jordan,20,11,1.818
2001,Riley,17,7,2.429
2001,Dakota,11,6,1.833
2001,Taylor,10,27,0.37
2001,Payton,7,6,1.167
2001,Casey,6,5,1.2
2001,Morgan,6,24,0.25
2001,Mackenzie,5,13,0.385
2002,Jordan,26,11,2.364
2002,Riley,16,12,1.333
2002,Payton,11,5,2.2
2002,Justice,8,5,1.6
2002,Taylor,7,21,0.333
2002,Dakota,5,5,1.0
2003,Jordan,21,17,1.235
2003,Cameron,20,5,4.0
2003,Jaden,17,7,2.429
2003,Riley,13,6,2.167
2003,Dakota,12,5,2.4
2003,Taylor,10,21,0.476
2003,Morgan,6,14,0.429
2003,Skyler,6,7,0.857
2003,Angel,5,7,0.714
2004,Riley,16,17,0.941
2004,Jordan,14,15,0.933
2004,Peyton,7,8,0.875
2004,Taylor,6,21,0.286
2005,Hayden,26,5,5.2
2005,Jordan,19,10,1.9
2005,Riley,18,13,1.385
2005,Avery,11,9,1.222
2005,Taylor,8,21,0.381
2005,Sage,6,6,1.0
2006,Riley,24,8,3.0
2006,Jordan,20,13,1.538
2006,Taylor,12,17,0.706
2006,Peyton,10,7,1.429
2006,Sage,6,5,1.2
2006,Morgan,5,7,0.714
2007,Jayden,27,5,5.4
2007,Riley,24,17,1.412
2007,Hayden,14,10,1.4
2007,Jordan,14,10,1.4
2007,Peyton,10,8,1.25
2007,Avery,5,8,0.625
2007,Taylor,5,20,0.25
2008,Riley,24,17,1.412
2008,Hayden,16,7,2.286
2008,Jordan,14,6,2.333
2008,Peyton,7,14,0.5
2008,Taylor,7,27,0.259
2008,Rowan,5,5,1.0
2009,Jayden,30,5,6.0
2009,Jordan,24,12,2.0
2009,Riley,22,24,0.917
2009,Hayden,15,8,1.875
2009,Avery,10,18,0.556
2009,Peyton,8,17,0.471
2009,Dakota,7,5,1.4
2009,Morgan,6,8,0.75
2010,Riley,21,17,1.235
2010,Taylor,5,14,0.357
2011,Parker,13,5,2.6
2011,Riley,13,20,0.65
2011,Avery,12,13,0.923
2011,Jordan,10,6,1.667
2011,Hayden,9,6,1.5
2011,Peyton,6,14,0.429
2012,Parker,21,5,4.2
2012,Riley,17,13,1.308
2012,Hayden,12,6,2.0
2012,Charlie,8,9,0.889
2012,Avery,6,19,0.316
2012,River,6,6,1.0
2012,Rylee,5,7,0.714
2013,Parker,16,6,2.667
2013,Avery,12,30,0.4
2013,Riley,11,8,1.375
2013,Peyton,9,14,0.643
2013,Finley,8,5,1.6
2013,Quinn,7,11,0.636
2013,Taylor,5,12,0.417
2014,Dylan,17,5,3.4
2014,Avery,12,32,0.375
2014,Charlie,9,6,1.5
2014,Riley,9,15,0.6
2014,Hayden,5,7,0.714
2014,Peyton,5,20,0.25
2014,River,5,11,0.455
2015,Sawyer,15,5,3.0
2015,Jordan,10,5,2.0
2015,Riley,10,23,0.435
2015,Charlie,7,6,1.167
2015,Hayden,6,6,1.0
2015,Quinn,6,8,0.75
2015,Avery,5,18,0.278
2016,Sawyer,19,5,3.8
2016,Finley,8,6,1.333
2016,River,8,9,0.889
2016,Sage,8,6,1.333
2016,Peyton,7,7,1.0
2016,Taylor,7,5,1.4
2016,Avery,6,17,0.353
2016,Charlie,5,9,0.556
2016,Hayden,5,6,0.833
2016,Remington,5,6,0.833
2017,Sawyer,14,6,2.333
2017,Elliot,12,5,2.4
2017,Hayden,12,5,2.4
2017,Avery,7,16,0.438
2017,River,7,6,1.167
2017,Charlie,6,7,0.857
2017,Riley,6,12,0.5
2017,Emerson,5,6,0.833
2017,Sage,5,5,1.0
2018,Parker,16,5,3.2
2018,Rowan,11,5,2.2
2018,Charlie,9,9,1.0
2018,Avery,7,14,0.5
2018,Riley,6,14,0.429
2018,River,6,6,1.0
2018,Sage,5,5,1.0
2019,Avery,13,14,0.929
2019,Rowan,10,7,1.429
2019,River,8,6,1.333
2019,Blake,7,7,1.0
2019,Charlie,6,9,0.667
2019,Riley,6,13,0.462
2019,Finley,5,8,0.625
2020,Rowan,15,9,1.667
2020,River,13,9,1.444
2020,Riley,5,14,0.357
2021,Parker,13,5,2.6
2021,Charlie,7,12,0.583
2021,Finley,7,5,1.4
