YOB,Name,mFrequency,fFrequency,mForF
1910,Willie,127,132,0.962
1910,Charlie,49,5,9.8
1910,Lee,35,9,3.889
1910,Jessie,30,68,0.441
1910,Cecil,25,12,2.083
1910,Eddie,25,5,5.0
1910,Johnnie,15,15,1.0
1910,Johnie,13,5,2.6
1910,Tommie,10,7,1.429
1910,Lonnie,9,5,1.8
1910,Virgil,9,5,1.8
1910,Jewell,7,47,0.149
1910,Ollie,7,40,0.175
1910,Marion,6,6,1.0
1910,Alva,5,6,0.833
1910,Freddie,5,5,1.0
1910,Ocie,5,6,0.833
1911,Willie,99,104,0.952
1911,Cecil,36,13,2.769
1911,Lee,33,10,3.3
1911,Jessie,32,65,0.492
1911,Eddie,19,7,2.714
1911,Johnnie,16,17,0.941
1911,Marion,16,14,1.143
1911,Cleo,13,27,0.481
1911,Jimmie,11,11,1.0
1911,Johnie,11,6,1.833
1911,Bennie,8,6,1.333
1911,Francis,8,10,0.8
1911,Ollie,5,37,0.135
1912,Willie,150,126,1.19
1912,Cecil,45,6,7.5
1912,Lee,41,12,3.417
1912,Jessie,38,73,0.521
1912,Eddie,29,8,3.625
1912,Johnnie,23,20,1.15
1912,Johnie,22,8,2.75
1912,Jewell,16,47,0.34
1912,Cleo,14,16,0.875
1912,Marion,13,5,2.6
1912,Tommie,13,5,2.6
1912,Jimmie,12,14,0.857
1912,Francis,8,11,0.727
1912,Jewel,8,38,0.211
1912,Ollie,7,42,0.167
1912,Merle,5,10,0.5
1913,James,526,6,87.667
1913,Willie,172,136,1.265
1913,Joe,86,7,12.286
1913,Charlie,63,7,9.0
1913,Lee,55,8,6.875
1913,Jessie,46,95,0.484
1913,Eddie,41,7,5.857
1913,Cecil,40,5,8.0
1913,Johnnie,31,22,1.409
1913,Jimmie,19,15,1.267
1913,Johnie,17,5,3.4
1913,Bennie,14,10,1.4
1913,Cleo,13,32,0.406
1913,Fay,13,9,1.444
1913,Marion,12,17,0.706
1913,Louie,10,5,2.0
1913,Opal,9,115,0.078
1913,Jewel,8,39,0.205
1913,Ollie,8,37,0.216
1913,Francis,7,13,0.538
1913,Tommie,7,10,0.7
1913,Alva,6,5,1.2
1913,Connie,6,6,1.0
1913,Jewell,6,45,0.133
1913,Ocie,6,9,0.667
1913,Artie,5,6,0.833
1913,Audie,5,8,0.625
1913,Billie,5,17,0.294
1913,Merle,5,6,0.833
1913,Odie,5,6,0.833
1914,James,648,7,92.571
1914,George,210,5,42.0
1914,Willie,170,146,1.164
1914,Henry,128,6,21.333
1914,Joe,127,6,21.167
1914,Cecil,59,13,4.538
1914,Jessie,58,127,0.457
1914,Lee,53,16,3.312
1914,Eddie,47,14,3.357
1914,Johnnie,42,28,1.5
1914,Charlie,40,14,2.857
1914,Johnie,29,12,2.417
1914,Bennie,25,15,1.667
1914,Tommie,20,6,3.333
1914,Marion,18,12,1.5
1914,Jewel,16,38,0.421
1914,Ollie,14,36,0.389
1914,Francis,13,10,1.3
1914,Fay,12,18,0.667
1914,Freddie,8,9,0.889
1914,Cleo,7,38,0.184
1914,Odell,7,8,0.875
1914,Connie,6,8,0.75
1914,Jewell,6,50,0.12
1914,Merle,6,10,0.6
1914,Billie,5,23,0.217
1914,Odie,5,9,0.556
1914,Vernie,5,5,1.0
1915,Willie,182,165,1.103
1915,Joe,131,13,10.077
1915,Cecil,116,7,16.571
1915,Lee,77,16,4.812
1915,Charlie,70,7,10.0
1915,Jessie,67,144,0.465
1915,Johnnie,47,17,2.765
1915,Marion,46,15,3.067
1915,Eddie,44,19,2.316
1915,Johnie,35,16,2.188
1915,Jimmie,29,19,1.526
1915,Bennie,23,9,2.556
1915,Cleo,21,46,0.457
1915,Ollie,20,53,0.377
1915,Tommie,20,16,1.25
1915,Maurice,19,8,2.375
1915,Francis,18,19,0.947
1915,Odell,16,7,2.286
1915,Jewel,15,55,0.273
1915,Fay,14,26,0.538
1915,Jewell,13,61,0.213
1915,Dean,12,5,2.4
1915,Freddie,12,8,1.5
1915,Merle,9,18,0.5
1915,Ora,8,48,0.167
1915,Odie,6,5,1.2
1915,Connie,5,7,0.714
1915,Hazel,5,219,0.023
1915,Lois,5,176,0.028
1915,Ruby,5,349,0.014
1915,Shirley,5,19,0.263
1916,James,915,13,70.385
1916,John,623,6,103.833
1916,Charles,304,7,43.429
1916,Willie,203,171,1.187
1916,Joe,155,7,22.143
1916,Lee,99,21,4.714
1916,Cecil,98,9,10.889
1916,Charlie,87,6,14.5
1916,Jessie,75,121,0.62
1916,Eddie,57,15,3.8
1916,Johnnie,52,31,1.677
1916,Virgil,49,6,8.167
1916,Marion,40,23,1.739
1916,Francis,36,15,2.4
1916,Johnie,36,10,3.6
1916,Ira,35,5,7.0
1916,Jimmie,32,17,1.882
1916,Bennie,24,7,3.429
1916,Coy,23,5,4.6
1916,Tommie,20,12,1.667
1916,Maurice,18,6,3.0
1916,Cleo,17,50,0.34
1916,Freddie,17,10,1.7
1916,Jewel,17,58,0.293
1916,Fay,15,26,0.577
1916,Ollie,15,78,0.192
1916,Jewell,11,68,0.162
1916,Billie,8,24,0.333
1916,Lois,7,167,0.042
1916,Odell,7,11,0.636
1916,Alva,6,7,0.857
1916,Ora,6,47,0.128
1916,Shirley,6,18,0.333
1916,Bonnie,5,47,0.106
1916,Claudie,5,11,0.455
1916,Mary,5,904,0.006
1916,Merle,5,20,0.25
1916,Thelma,5,199,0.025
1916,Vernie,5,7,0.714
1917,James,985,5,197.0
1917,John,679,7,97.0
1917,Willie,261,208,1.255
1917,Joe,183,9,20.333
1917,Jessie,107,143,0.748
1917,Cecil,104,9,11.556
1917,Charlie,95,8,11.875
1917,Lee,87,25,3.48
1917,Johnnie,53,31,1.71
1917,Marion,47,27,1.741
1917,Eddie,46,17,2.706
1917,Jimmie,37,22,1.682
1917,Johnie,33,13,2.538
1917,Bennie,29,12,2.417
1917,Francis,29,24,1.208
1917,Cleo,28,48,0.583
1917,Coy,24,6,4.0
1917,Freddie,24,15,1.6
1917,Jewel,22,45,0.489
1917,Odell,21,15,1.4
1917,Maurice,17,6,2.833
1917,Tommie,16,10,1.6
1917,Fay,15,31,0.484
1917,Ollie,13,63,0.206
1917,Arlie,12,5,2.4
1917,Billie,12,28,0.429
1917,Opal,9,159,0.057
1917,Otha,9,7,1.286
1917,Sammie,9,8,1.125
1917,Ora,7,57,0.123
1917,Shirley,7,11,0.636
1917,Artie,6,14,0.429
1917,Elzie,6,5,1.2
1917,Ossie,6,8,0.75
1917,Audrey,5,31,0.161
1917,Ivory,5,5,1.0
1917,Jewell,5,73,0.068
1917,Lois,5,176,0.028
1917,Theo,5,6,0.833
1918,James,1156,10,115.6
1918,William,810,5,162.0
1918,John,782,7,111.714
1918,Willie,250,220,1.136
1918,Joe,201,9,22.333
1918,Cecil,106,5,21.2
1918,Charlie,92,11,8.364
1918,Ray,86,5,17.2
1918,Clyde,85,6,14.167
1918,Johnnie,76,60,1.267
1918,Jessie,74,141,0.525
1918,Lee,72,21,3.429
1918,Eddie,53,21,2.524
1918,Johnie,43,23,1.87
1918,Jimmie,42,28,1.5
1918,Marion,41,24,1.708
1918,Bennie,36,15,2.4
1918,Francis,35,19,1.842
1918,Tommie,26,16,1.625
1918,Ollie,23,55,0.418
1918,Cleo,22,42,0.524
1918,Odell,22,8,2.75
1918,Jerry,21,7,3.0
1918,Billie,15,42,0.357
1918,Jewel,14,60,0.233
1918,Freddie,13,11,1.182
1918,Opal,11,182,0.06
1918,Odie,10,6,1.667
1918,Bernice,9,132,0.068
1918,Alva,8,6,1.333
1918,Connie,8,19,0.421
1918,Fay,8,17,0.471
1918,Jewell,8,77,0.104
1918,Ruby,8,375,0.021
1918,Claudie,5,10,0.5
1918,Lucille,5,176,0.028
1918,Mary,5,1048,0.005
1919,James,1222,6,203.667
1919,Robert,507,7,72.429
1919,George,390,7,55.714
1919,Willie,313,222,1.41
1919,Joe,225,9,25.0
1919,Jessie,110,133,0.827
1919,Charlie,105,15,7.0
1919,Lee,98,28,3.5
1919,Cecil,89,7,12.714
1919,Eddie,87,12,7.25
1919,Sam,63,6,10.5
1919,Johnnie,55,42,1.31
1919,Jimmie,51,28,1.821
1919,Johnie,45,23,1.957
1919,Marion,38,33,1.152
1919,Francis,34,29,1.172
1919,Cleo,31,40,0.775
1919,Jerry,29,6,4.833
1919,Louie,28,9,3.111
1919,Bennie,27,9,3.0
1919,Jewel,26,56,0.464
1919,Gene,20,5,4.0
1919,Freddie,18,20,0.9
1919,Odell,18,6,3.0
1919,Tommie,18,13,1.385
1919,Fay,16,23,0.696
1919,Jewell,16,72,0.222
1919,Sammie,16,11,1.455
1919,Tommy,16,5,3.2
1919,Billie,15,33,0.455
1919,Loy,14,5,2.8
1919,Ollie,14,56,0.25
1919,Bobbie,6,19,0.316
1919,Eunice,6,54,0.111
1919,Joy,6,10,0.6
1919,Shirley,6,19,0.316
1919,Artie,5,13,0.385
1919,Bernice,5,119,0.042
1919,Connie,5,10,0.5
1919,Elsie,5,105,0.048
1919,Odie,5,8,0.625
1920,James,1308,8,163.5
1920,Robert,563,7,80.429
1920,Willie,300,189,1.587
1920,Clyde,111,9,12.333
1920,Jessie,108,113,0.956
1920,Lee,99,27,3.667
1920,Cecil,97,11,8.818
1920,Charlie,84,12,7.0
1920,Eddie,78,21,3.714
1920,Sam,65,5,13.0
1920,Johnnie,63,44,1.432
1920,Leo,54,6,9.0
1920,Johnie,47,14,3.357
1920,Jimmie,41,28,1.464
1920,Bennie,37,14,2.643
1920,Lonnie,34,5,6.8
1920,Marion,33,31,1.065
1920,Billie,31,44,0.705
1920,Ira,28,6,4.667
1920,Jerry,28,6,4.667
1920,Odell,26,9,2.889
1920,Cleo,25,42,0.595
1920,Francis,25,25,1.0
1920,Freddie,22,21,1.048
1920,Gene,20,7,2.857
1920,Jewel,19,62,0.306
1920,Ollie,17,55,0.309
1920,Tommie,15,12,1.25
1920,Jewell,14,82,0.171
1920,Otha,11,6,1.833
1920,Fay,10,31,0.323
1920,Loy,9,5,1.8
1920,Merle,8,12,0.667
1920,Connie,7,16,0.438
1920,Bobbie,6,15,0.4
1920,Ocie,6,5,1.2
1920,Sammie,6,5,1.2
1920,Allie,5,20,0.25
1920,Bernice,5,128,0.039
1920,Bonnie,5,76,0.066
1921,James,1336,11,121.455
1921,John,854,10,85.4
1921,Robert,581,5,116.2
1921,Willie,289,232,1.246
1921,Joe,194,10,19.4
1921,Eugene,152,5,30.4
1921,Cecil,125,11,11.364
1921,Charlie,100,6,16.667
1921,Ray,98,7,14.0
1921,Jessie,94,147,0.639
1921,Lee,90,28,3.214
1921,Johnnie,80,44,1.818
1921,Jimmie,58,21,2.762
1921,Sam,52,5,10.4
1921,Eddie,51,24,2.125
1921,Johnie,51,20,2.55
1921,Marion,45,27,1.667
1921,Ira,37,7,5.286
1921,Odell,37,15,2.467
1921,Jerry,31,6,5.167
1921,Francis,30,33,0.909
1921,Bennie,28,9,3.111
1921,Cleo,27,33,0.818
1921,Billie,25,53,0.472
1921,Tommie,25,16,1.562
1921,Freddie,23,21,1.095
1921,Jewel,21,55,0.382
1921,Maurice,18,6,3.0
1921,Tommy,16,5,3.2
1921,Jewell,14,68,0.206
1921,Leslie,14,9,1.556
1921,Bobby,13,5,2.6
1921,Ollie,12,51,0.235
1921,Arlie,10,5,2.0
1921,Otha,9,5,1.8
1921,Allie,7,42,0.167
1921,Bernice,7,120,0.058
1921,Fay,7,24,0.292
1921,Bobbie,6,25,0.24
1921,Frankie,6,22,0.273
1921,Lois,6,180,0.033
1921,Mary,6,1190,0.005
1921,Opal,6,143,0.042
1921,Shirley,6,20,0.3
1921,Artie,5,18,0.278
1921,Claudie,5,8,0.625
1921,Gail,5,5,1.0
1921,Joy,5,12,0.417
1921,June,5,41,0.122
1921,Vernice,5,7,0.714
1922,James,1417,5,283.4
1922,William,869,6,144.833
1922,John,813,7,116.143
1922,Charles,483,8,60.375
1922,George,350,7,50.0
1922,Willie,294,225,1.307
1922,Joe,221,5,44.2
1922,Roy,185,5,37.0
1922,Louis,121,6,20.167
1922,Jessie,117,140,0.836
1922,Cecil,105,12,8.75
1922,Lee,85,22,3.864
1922,Charlie,83,10,8.3
1922,Vernon,79,5,15.8
1922,Eddie,64,23,2.783
1922,Johnnie,64,54,1.185
1922,Johnie,47,18,2.611
1922,Marion,42,34,1.235
1922,Jimmie,41,32,1.281
1922,Bennie,37,12,3.083
1922,Jerry,36,10,3.6
1922,Ira,34,5,6.8
1922,Odell,32,8,4.0
1922,Gene,29,5,5.8
1922,Jewel,27,59,0.458
1922,Billie,25,54,0.463
1922,Cleo,25,42,0.595
1922,Tommie,24,21,1.143
1922,Francis,22,26,0.846
1922,Ollie,20,58,0.345
1922,Freddie,19,15,1.267
1922,Sammie,17,9,1.889
1922,Fay,13,17,0.765
1922,Jewell,12,70,0.171
1922,Noble,10,5,2.0
1922,Bobbie,8,20,0.4
1922,Ivory,8,8,1.0
1922,Shirley,7,26,0.269
1922,Alpha,6,8,0.75
1922,Connie,6,18,0.333
1922,Merle,6,16,0.375
1922,Vernie,6,7,0.857
1922,Bonnie,5,78,0.064
1922,Joy,5,18,0.278
1922,June,5,28,0.179
1922,Opal,5,147,0.034
1922,Ora,5,51,0.098
1923,James,1397,14,99.786
1923,William,931,7,133.0
1923,John,829,7,118.429
1923,Robert,647,5,129.4
1923,Willie,271,269,1.007
1923,Henry,224,5,44.8
1923,Joe,185,18,10.278
1923,Cecil,113,7,16.143
1923,Billy,105,7,15.0
1923,Jessie,103,128,0.805
1923,Charlie,97,14,6.929
1923,Lee,92,25,3.68
1923,Ray,92,5,18.4
1923,Johnnie,70,54,1.296
1923,Eddie,67,23,2.913
1923,Jimmie,67,28,2.393
1923,Marion,52,35,1.486
1923,Billie,44,64,0.688
1923,Johnie,43,15,2.867
1923,Leslie,33,5,6.6
1923,Tommie,31,11,2.818
1923,Cleo,29,31,0.935
1923,Bennie,28,12,2.333
1923,Francis,28,29,0.966
1923,Ira,26,13,2.0
1923,Odell,26,5,5.2
1923,Freddie,25,17,1.471
1923,Jerry,25,13,1.923
1923,Jewel,21,43,0.488
1923,Jewell,18,56,0.321
1923,Ollie,15,34,0.441
1923,Dean,11,6,1.833
1923,Alva,9,5,1.8
1923,Fay,8,19,0.421
1923,Frankie,8,31,0.258
1923,Lois,8,166,0.048
1923,Donnie,7,8,0.875
1923,Doris,7,148,0.047
1923,Jean,7,64,0.109
1923,Bobbie,6,23,0.261
1923,Bonnie,6,76,0.079
1923,Joyce,6,55,0.109
1923,Argie,5,6,0.833
1923,Mary,5,1257,0.004
1923,Sammie,5,10,0.5
1924,James,1507,16,94.188
1924,William,927,9,103.0
1924,John,838,10,83.8
1924,Charles,549,8,68.625
1924,George,387,12,32.25
1924,Willie,272,212,1.283
1924,Joe,241,7,34.429
1924,Billy,168,6,28.0
1924,Roy,156,5,31.2
1924,Lee,101,31,3.258
1924,Jessie,99,153,0.647
1924,Cecil,97,8,12.125
1924,Ray,93,5,18.6
1924,Charlie,91,9,10.111
1924,Clyde,78,5,15.6
1924,Eddie,75,21,3.571
1924,Johnnie,74,66,1.121
1924,Sam,62,5,12.4
1924,Jimmie,61,29,2.103
1924,Johnie,52,15,3.467
1924,Marion,51,36,1.417
1924,Johnny,41,5,8.2
1924,Billie,37,78,0.474
1924,Bobby,37,5,7.4
1924,Freddie,30,12,2.5
1924,Ira,30,5,6.0
1924,Jerry,28,5,5.6
1924,Maurice,28,5,5.6
1924,Bennie,26,13,2.0
1924,Gene,26,6,4.333
1924,Sammie,25,6,4.167
1924,Tommie,22,14,1.571
1924,Cleo,21,25,0.84
1924,Odell,21,5,4.2
1924,Francis,19,24,0.792
1924,Jewel,19,53,0.358
1924,Jewell,15,54,0.278
1924,Bobbie,12,20,0.6
1924,Fay,11,20,0.55
1924,Alva,9,7,1.286
1924,Ollie,9,49,0.184
1924,Jackie,7,16,0.438
1924,Lavern,7,10,0.7
1924,Shirley,7,34,0.206
1924,Ethel,5,106,0.047
1924,Frankie,5,28,0.179
1924,Laverne,5,31,0.161
1924,Lois,5,200,0.025
1925,James,1422,11,129.273
1925,John,759,8,94.875
1925,Robert,703,8,87.875
1925,Willie,277,220,1.259
1925,Joe,242,9,26.889
1925,Billy,201,9,22.333
1925,Carl,132,5,26.4
1925,Cecil,112,12,9.333
1925,Jessie,105,143,0.734
1925,Jimmie,92,34,2.706
1925,Lee,86,31,2.774
1925,Elmer,83,5,16.6
1925,Charlie,79,13,6.077
1925,Johnnie,70,67,1.045
1925,Bobby,67,11,6.091
1925,Eddie,65,26,2.5
1925,Marion,56,33,1.697
1925,Billie,51,119,0.429
1925,Bennie,48,20,2.4
1925,Gene,41,9,4.556
1925,Johnny,41,5,8.2
1925,Dale,38,5,7.6
1925,Johnie,38,20,1.9
1925,Lonnie,37,5,7.4
1925,Tommy,37,5,7.4
1925,Freddie,34,28,1.214
1925,Jerry,32,11,2.909
1925,Cleo,25,24,1.042
1925,Tommie,25,16,1.562
1925,Francis,22,32,0.688
1925,Odell,20,7,2.857
1925,Bobbie,16,44,0.364
1925,Jewell,16,56,0.286
1925,Dean,15,5,3.0
1925,Jewel,14,77,0.182
1925,Sammie,14,6,2.333
1925,Fay,13,19,0.684
1925,Ollie,10,57,0.175
1925,Claudie,9,5,1.8
1925,Bonnie,8,107,0.075
1925,Jackie,6,15,0.4
1925,Merle,6,17,0.353
1925,Theo,6,7,0.857
1925,Verna,6,57,0.105
1925,Bernice,5,145,0.034
1925,Jonnie,5,7,0.714
1925,Mary,5,1400,0.004
1925,Shirley,5,51,0.098
1926,James,1458,13,112.154
1926,John,778,7,111.143
1926,Robert,709,9,78.778
1926,George,412,5,82.4
1926,Willie,308,238,1.294
1926,Billy,288,11,26.182
1926,Joe,238,13,18.308
1926,Bobby,104,9,11.556
1926,Jessie,98,133,0.737
1926,Charlie,84,16,5.25
1926,Lee,81,21,3.857
1926,Eddie,79,33,2.394
1926,Johnnie,78,59,1.322
1926,Jimmie,73,42,1.738
1926,Billie,71,132,0.538
1926,Gene,53,8,6.625
1926,Jerry,52,8,6.5
1926,Marion,52,36,1.444
1926,Johnie,45,8,5.625
1926,Cleo,37,21,1.762
1926,Bennie,36,24,1.5
1926,Freddie,35,19,1.842
1926,Tommie,30,14,2.143
1926,Odell,29,6,4.833
1926,Ira,28,5,5.6
1926,Ollie,21,50,0.42
1926,Francis,18,35,0.514
1926,Sammie,18,8,2.25
1926,Jackie,17,13,1.308
1926,Bobbie,16,57,0.281
1926,Alva,13,7,1.857
1926,Jewel,13,56,0.232
1926,Jewell,11,34,0.324
1926,Frankie,10,31,0.323
1926,Ivory,10,6,1.667
1926,Pat,8,9,0.889
1926,Bonnie,7,138,0.051
1926,Artie,6,10,0.6
1926,Doris,6,188,0.032
1926,Fay,6,18,0.333
1926,Lavon,6,7,0.857
1926,Lois,6,160,0.038
1926,Mary,6,1321,0.005
1926,Bernice,5,107,0.047
1926,Betty,5,506,0.01
1926,Dorris,5,5,1.0
1926,Laverne,5,37,0.135
1926,Merle,5,16,0.312
1926,Muriel,5,16,0.312
1926,Ocie,5,7,0.714
1927,James,1388,6,231.333
1927,John,781,14,55.786
1927,Charles,650,11,59.091
1927,Robert,609,8,76.125
1927,Billy,400,11,36.364
1927,Willie,297,238,1.248
1927,Joe,238,12,19.833
1927,Bobby,118,12,9.833
1927,Charlie,106,11,9.636
1927,Billie,97,172,0.564
1927,Eddie,95,24,3.958
1927,Lee,91,25,3.64
1927,Jessie,90,154,0.584
1927,Cecil,89,5,17.8
1927,Jimmie,89,41,2.171
1927,Junior,84,5,16.8
1927,Vernon,83,5,16.6
1927,Johnnie,76,58,1.31
1927,Gene,62,9,6.889
1927,Bennie,44,15,2.933
1927,Jerry,43,7,6.143
1927,Johnie,42,11,3.818
1927,Marion,42,33,1.273
1927,Freddie,36,27,1.333
1927,Cleo,28,25,1.12
1927,Leslie,25,7,3.571
1927,Tommie,23,19,1.211
1927,Sammie,19,11,1.727
1927,Bobbie,18,82,0.22
1927,Francis,18,24,0.75
1927,Odell,18,6,3.0
1927,Jewel,17,52,0.327
1927,Jackie,16,21,0.762
1927,Ollie,15,51,0.294
1927,Fay,13,27,0.481
1927,Alva,11,10,1.1
1927,Frankie,11,26,0.423
1927,Lois,11,177,0.062
1927,Jewell,10,39,0.256
1927,Pat,10,5,2.0
1927,Merle,8,7,1.143
1927,Ocie,8,7,1.143
1927,Odie,8,6,1.333
1927,Laverne,7,24,0.292
1927,Opal,6,91,0.066
1927,Ozell,6,5,1.2
1927,Ruby,6,335,0.018
1927,Artie,5,6,0.833
1927,Doris,5,217,0.023
1927,Ivory,5,10,0.5
1927,Lavern,5,8,0.625
1927,Mary,5,1344,0.004
1927,Shirley,5,31,0.161
1927,Virginia,5,279,0.018
1928,James,1279,10,127.9
1928,William,749,5,149.8
1928,John,697,9,77.444
1928,Robert,617,10,61.7
1928,Charles,581,7,83.0
1928,Billy,455,10,45.5
1928,George,340,8,42.5
1928,Willie,275,187,1.471
1928,Joe,243,9,27.0
1928,Bobby,173,14,12.357
1928,Billie,104,207,0.502
1928,Jessie,90,96,0.938
1928,Jimmie,89,37,2.405
1928,Lee,88,21,4.19
1928,Eddie,73,20,3.65
1928,Charlie,72,8,9.0
1928,Johnny,67,6,11.167
1928,Gene,64,6,10.667
1928,Johnnie,58,74,0.784
1928,Jerry,57,6,9.5
1928,Marion,46,33,1.394
1928,Freddie,39,21,1.857
1928,Bennie,35,16,2.188
1928,Johnie,30,14,2.143
1928,Jewel,25,45,0.556
1928,Bobbie,22,122,0.18
1928,Tommie,21,18,1.167
1928,Francis,19,29,0.655
1928,Ira,19,5,3.8
1928,Jackie,18,15,1.2
1928,Maurice,18,5,3.6
1928,Cleo,16,23,0.696
1928,Ollie,15,47,0.319
1928,Dean,13,7,1.857
1928,Frankie,9,33,0.273
1928,Jewell,9,38,0.237
1928,Sammie,8,12,0.667
1928,Fay,7,24,0.292
1928,Ivory,7,6,1.167
1928,Juanita,6,199,0.03
1928,Lois,5,159,0.031
1928,Mary,5,1173,0.004
1928,Opal,5,71,0.07
1929,James,1296,8,162.0
1929,William,730,6,121.667
1929,John,700,5,140.0
1929,Robert,625,6,104.167
1929,Charles,586,7,83.714
1929,Billy,553,13,42.538
1929,Willie,283,184,1.538
1929,Joe,263,15,17.533
1929,Bobby,260,22,11.818
1929,Earl,107,6,17.833
1929,Billie,106,188,0.564
1929,Lee,94,16,5.875
1929,Jimmie,91,42,2.167
1929,Jessie,88,91,0.967
1929,Eddie,74,33,2.242
1929,Johnnie,72,67,1.075
1929,Charlie,67,15,4.467
1929,Jerry,59,8,7.375
1929,Freddie,45,25,1.8
1929,Marion,43,35,1.229
1929,Bennie,41,18,2.278
1929,Johnie,38,14,2.714
1929,Bobbie,34,119,0.286
1929,Odell,27,8,3.375
1929,Francis,26,19,1.368
1929,Jackie,25,22,1.136
1929,Tommie,24,20,1.2
1929,Maurice,20,5,4.0
1929,Ollie,13,48,0.271
1929,Jewel,12,43,0.279
1929,Pat,11,8,1.375
1929,Cleo,10,20,0.5
1929,Mary,10,1239,0.008
1929,Sammie,10,8,1.25
1929,Jewell,9,37,0.243
1929,Donnie,8,7,1.143
1929,Doris,8,209,0.038
1929,Merle,7,5,1.4
1929,Carol,6,9,0.667
1929,Fay,6,13,0.462
1929,Frankie,6,33,0.182
1929,Shirley,5,40,0.125
1930,James,1244,6,207.333
1930,William,745,9,82.778
1930,John,719,7,102.714
1930,Robert,666,5,133.2
1930,Billy,650,7,92.857
1930,Charles,639,10,63.9
1930,Bobby,356,17,20.941
1930,George,315,13,24.231
1930,Willie,279,154,1.812
1930,Joe,228,12,19.0
1930,Henry,182,8,22.75
1930,Roy,164,5,32.8
1930,Billie,121,220,0.55
1930,Jimmie,112,41,2.732
1930,Lee,100,24,4.167
1930,Jerry,94,16,5.875
1930,Eddie,83,27,3.074
1930,Johnnie,83,48,1.729
1930,Jessie,77,103,0.748
1930,Charlie,70,8,8.75
1930,Marion,53,42,1.262
1930,Bobbie,47,121,0.388
1930,Bennie,46,13,3.538
1930,Freddie,40,19,2.105
1930,Jackie,38,17,2.235
1930,Johnie,37,8,4.625
1930,Tommie,22,17,1.294
1930,Cleo,20,14,1.429
1930,Jewel,17,40,0.425
1930,Ollie,16,40,0.4
1930,Sammie,14,8,1.75
1930,Frankie,12,32,0.375
1930,Francis,11,23,0.478
1930,Terry,11,5,2.2
1930,Ivory,10,7,1.429
1930,Doris,9,187,0.048
1930,Pat,9,15,0.6
1930,Carol,8,18,0.444
1930,Jewell,7,26,0.269
1930,Ocie,7,9,0.778
1930,Artie,6,9,0.667
1930,Bonnie,6,126,0.048
1930,Connie,6,11,0.545
1930,Fay,6,26,0.231
1930,Alva,5,5,1.0
1930,Clovis,5,6,0.833
1931,James,1226,10,122.6
1931,Charles,653,5,130.6
1931,John,653,11,59.364
1931,Robert,623,6,103.833
1931,Billy,573,12,47.75
1931,Bobby,380,20,19.0
1931,George,293,9,32.556
1931,Joe,266,8,33.25
1931,Willie,226,137,1.65
1931,Roy,148,5,29.6
1931,Jimmie,118,40,2.95
1931,Billie,100,200,0.5
1931,Jerry,98,9,10.889
1931,Lee,90,20,4.5
1931,Eddie,85,17,5.0
1931,Ray,78,5,15.6
1931,Johnnie,72,57,1.263
1931,Jessie,70,74,0.946
1931,Charlie,55,15,3.667
1931,Gene,51,5,10.2
1931,Marion,47,21,2.238
1931,Bennie,40,14,2.857
1931,Bobbie,36,127,0.283
1931,Freddie,36,20,1.8
1931,Jackie,33,16,2.062
1931,Johnie,33,9,3.667
1931,Ira,26,7,3.714
1931,Sammie,26,11,2.364
1931,Tommie,26,12,2.167
1931,Donnie,14,8,1.75
1931,Jewel,14,31,0.452
1931,Cleo,13,16,0.812
1931,Francis,13,21,0.619
1931,Ollie,13,38,0.342
1931,Pat,13,22,0.591
1931,Bonnie,10,139,0.072
1931,Frankie,10,32,0.312
1931,Mary,10,1174,0.009
1931,Shirley,10,56,0.179
1931,Carol,8,14,0.571
1931,Jewell,8,28,0.286
1931,Ivory,7,5,1.4
1931,Fay,5,16,0.312
1931,Ocie,5,8,0.625
1932,James,1329,10,132.9
1932,Charles,725,5,145.0
1932,John,678,5,135.6
1932,Billy,631,13,48.538
1932,Bobby,431,22,19.591
1932,Willie,262,140,1.871
1932,Joe,249,9,27.667
1932,Jimmy,141,6,23.5
1932,Jerry,137,24,5.708
1932,Jimmie,136,34,4.0
1932,Eddie,92,24,3.833
1932,Lee,92,16,5.75
1932,Cecil,80,5,16.0
1932,Billie,75,178,0.421
1932,Jessie,75,76,0.987
1932,Charlie,63,9,7.0
1932,Johnnie,63,52,1.212
1932,Marion,45,25,1.8
1932,Freddie,44,23,1.913
1932,Bennie,41,19,2.158
1932,Jackie,39,29,1.345
1932,Johnie,38,9,4.222
1932,Bobbie,33,147,0.224
1932,Sammie,30,8,3.75
1932,Sammy,25,6,4.167
1932,Cleo,24,13,1.846
1932,Tommie,23,20,1.15
1932,Odell,21,6,3.5
1932,Francis,19,20,0.95
1932,Frankie,15,36,0.417
1932,Pat,14,30,0.467
1932,Donnie,13,11,1.182
1932,Jewel,12,38,0.316
1932,Dean,11,7,1.571
1932,Ollie,11,41,0.268
1932,Betty,8,960,0.008
1932,Jewell,8,30,0.267
1932,Lois,8,137,0.058
1932,Claudie,6,6,1.0
1932,Frances,6,168,0.036
1932,Lavern,6,9,0.667
1932,Audrey,5,26,0.192
1932,Gloria,5,65,0.077
1932,Joy,5,52,0.096
1932,Merle,5,9,0.556
1932,Otha,5,5,1.0
1932,Shirley,5,77,0.065
1932,Vernell,5,10,0.5
1933,James,1334,10,133.4
1933,Billy,665,11,60.455
1933,Robert,600,6,100.0
1933,Bobby,447,22,20.318
1933,Willie,252,166,1.518
1933,Joe,233,11,21.182
1933,Jerry,161,12,13.417
1933,Jimmie,133,38,3.5
1933,Lee,99,18,5.5
1933,Jessie,84,109,0.771
1933,Billie,72,168,0.429
1933,Eddie,70,15,4.667
1933,Johnnie,59,42,1.405
1933,Charlie,56,11,5.091
1933,Marion,49,35,1.4
1933,Freddie,48,21,2.286
1933,Jackie,46,25,1.84
1933,Bennie,41,18,2.278
1933,Bobbie,31,134,0.231
1933,Tommie,28,22,1.273
1933,Johnie,27,9,3.0
1933,Francis,16,24,0.667
1933,Jewel,16,42,0.381
1933,Cleo,15,16,0.938
1933,Ollie,15,43,0.349
1933,Dean,14,6,2.333
1933,Odell,13,7,1.857
1933,Donnie,12,10,1.2
1933,Frankie,12,42,0.286
1933,Pat,10,20,0.5
1933,Carol,9,41,0.22
1933,Fay,9,12,0.75
1933,Jewell,9,22,0.409
1933,Bonnie,7,161,0.043
1933,Mary,7,1148,0.006
1933,Ocie,6,6,1.0
1933,Allie,5,16,0.312
1933,Bernice,5,86,0.058
1933,Dorothy,5,470,0.011
1933,Loyce,5,7,0.714
1933,Merle,5,5,1.0
1933,Otha,5,5,1.0
1934,James,1358,9,150.889
1934,Charles,751,6,125.167
1934,Billy,721,7,103.0
1934,John,707,9,78.556
1934,Bobby,500,16,31.25
1934,Joe,294,10,29.4
1934,Willie,248,129,1.922
1934,Jerry,190,11,17.273
1934,Jimmie,129,43,3.0
1934,Lee,106,13,8.154
1934,Eddie,88,22,4.0
1934,Ray,78,5,15.6
1934,Johnnie,75,62,1.21
1934,Jackie,67,26,2.577
1934,Billie,63,184,0.342
1934,Freddie,63,21,3.0
1934,Charlie,60,10,6.0
1934,Jessie,60,78,0.769
1934,Gene,56,5,11.2
1934,Bennie,48,17,2.824
1934,Elmer,48,6,8.0
1934,Marion,34,19,1.789
1934,Bobbie,33,145,0.228
1934,Johnie,33,10,3.3
1934,Tommie,20,15,1.333
1934,Jewel,19,42,0.452
1934,Ira,18,9,2.0
1934,Jewell,15,17,0.882
1934,Sammie,15,9,1.667
1934,Donnie,13,10,1.3
1934,Francis,13,14,0.929
1934,Cleo,12,11,1.091
1934,Frankie,12,32,0.375
1934,Mary,12,1212,0.01
1934,Pat,11,25,0.44
1934,Carol,10,33,0.303
1934,Merle,9,5,1.8
1934,Dorothy,8,460,0.017
1934,Laverne,8,25,0.32
1934,Betty,7,926,0.008
1934,Bonnie,7,152,0.046
1934,Ivory,7,7,1.0
1934,Lavern,7,12,0.583
1934,Ollie,7,50,0.14
1934,Connie,6,21,0.286
1934,Fay,6,11,0.545
1934,Ruby,6,246,0.024
1934,Georgie,5,5,1.0
1934,June,5,48,0.104
1934,Lois,5,124,0.04
1934,Mickey,5,5,1.0
1934,Robbie,5,18,0.278
1935,James,1376,9,152.889
1935,Billy,673,6,112.167
1935,John,650,5,130.0
1935,Bobby,502,24,20.917
1935,Joe,291,13,22.385
1935,George,285,5,57.0
1935,Willie,263,133,1.977
1935,Jerry,236,16,14.75
1935,Jimmie,153,36,4.25
1935,Earl,108,5,21.6
1935,Lee,80,19,4.211
1935,Eddie,74,30,2.467
1935,Johnnie,74,51,1.451
1935,Charlie,69,5,13.8
1935,Jackie,69,27,2.556
1935,Jessie,66,67,0.985
1935,Billie,60,161,0.373
1935,Freddie,56,26,2.154
1935,Bennie,45,23,1.957
1935,Marion,39,26,1.5
1935,Lonnie,34,7,4.857
1935,Tommie,32,22,1.455
1935,Johnie,24,6,4.0
1935,Bobbie,21,138,0.152
1935,Cleo,21,6,3.5
1935,Pat,19,28,0.679
1935,Ira,18,5,3.6
1935,Jewell,16,19,0.842
1935,Sammie,16,8,2.0
1935,Jewel,13,33,0.394
1935,Francis,12,22,0.545
1935,Lynn,12,6,2.0
1935,Shirley,11,594,0.019
1935,Betty,8,876,0.009
1935,Carol,7,56,0.125
1935,Fay,7,11,0.636
1935,Ollie,7,52,0.135
1935,Adell,6,7,0.857
1935,Connie,6,18,0.333
1935,Frankie,6,41,0.146
1935,Mary,6,1229,0.005
1935,Ruby,6,214,0.028
1936,Charles,679,9,75.444
1936,Billy,587,10,58.7
1936,Robert,571,5,114.2
1936,William,545,7,77.857
1936,Bobby,517,11,47.0
1936,Joe,327,19,17.211
1936,Jerry,279,12,23.25
1936,Willie,269,128,2.102
1936,Jimmie,156,56,2.786
1936,Lee,92,20,4.6
1936,Eddie,83,30,2.767
1936,Freddie,70,29,2.414
1936,Jessie,64,73,0.877
1936,Jackie,63,23,2.739
1936,Johnnie,61,54,1.13
1936,Billie,58,114,0.509
1936,Charlie,58,7,8.286
1936,Bennie,43,23,1.87
1936,Lonnie,38,5,7.6
1936,Sam,36,5,7.2
1936,Marion,34,22,1.545
1936,Donnie,33,14,2.357
1936,Bobbie,27,119,0.227
1936,Archie,25,5,5.0
1936,Johnie,24,12,2.0
1936,Sammie,21,15,1.4
1936,Tommie,20,13,1.538
1936,Sidney,19,6,3.167
1936,Frankie,18,46,0.391
1936,Ira,16,6,2.667
1936,Jewel,12,18,0.667
1936,Claudie,11,5,2.2
1936,Cleo,11,6,1.833
1936,Pat,11,27,0.407
1936,Shirley,11,722,0.015
1936,Francis,9,14,0.643
1936,Ollie,9,30,0.3
1936,Bonnie,8,135,0.059
1936,Carol,8,67,0.119
1936,Joy,8,47,0.17
1936,Shelby,8,34,0.235
1936,Jewell,7,18,0.389
1936,Ivory,6,6,1.0
1936,Lynn,6,7,0.857
1936,Mary,6,1087,0.006
1936,Connie,5,23,0.217
1936,Gayle,5,6,0.833
1936,Jan,5,8,0.625
1937,James,1304,7,186.286
1937,Charles,784,9,87.111
1937,John,639,7,91.286
1937,Billy,566,5,113.2
1937,Bobby,508,12,42.333
1937,Joe,316,17,18.588
1937,Jerry,301,18,16.722
1937,Jimmy,295,5,59.0
1937,George,281,5,56.2
1937,Willie,266,130,2.046
1937,Jimmie,160,32,5.0
1937,Henry,155,7,22.143
1937,Eddie,89,27,3.296
1937,Jackie,87,27,3.222
1937,Lee,79,14,5.643
1937,Johnnie,74,53,1.396
1937,Jessie,73,71,1.028
1937,Ray,66,6,11.0
1937,Freddie,60,22,2.727
1937,Charlie,58,12,4.833
1937,Donnie,41,13,3.154
1937,Marion,40,19,2.105
1937,Tommie,32,15,2.133
1937,Bennie,31,11,2.818
1937,Ira,31,6,5.167
1937,Billie,28,105,0.267
1937,Johnie,23,6,3.833
1937,Bobbie,19,121,0.157
1937,Sammie,19,13,1.462
1937,Archie,18,5,3.6
1937,Sidney,18,5,3.6
1937,Terry,18,7,2.571
1937,Cleo,17,7,2.429
1937,Dean,17,5,3.4
1937,Lynn,15,5,3.0
1937,Frankie,13,46,0.283
1937,Shelby,12,73,0.164
1937,Francis,11,18,0.611
1937,Otha,11,5,2.2
1937,Carol,10,73,0.137
1937,Alva,9,5,1.8
1937,Jewel,9,32,0.281
1937,Shirley,9,589,0.015
1937,Betty,7,821,0.009
1937,Doris,7,197,0.036
1937,Jewell,7,11,0.636
1937,Mary,7,1148,0.006
1937,Ollie,7,27,0.259
1937,Pat,7,26,0.269
1937,Lavern,6,12,0.5
1937,Frances,5,182,0.027
1937,Gail,5,16,0.312
1937,Joyce,5,228,0.022
1937,Kay,5,25,0.2
1938,James,1368,15,91.2
1938,Robert,637,6,106.167
1938,Billy,606,8,75.75
1938,Bobby,507,13,39.0
1938,Jerry,330,21,15.714
1938,Joe,289,11,26.273
1938,Willie,234,125,1.872
1938,Jimmie,128,37,3.459
1938,Lee,96,27,3.556
1938,Eddie,88,26,3.385
1938,Jackie,73,29,2.517
1938,Jessie,71,66,1.076
1938,Freddie,68,26,2.615
1938,Cecil,60,9,6.667
1938,Johnnie,54,60,0.9
1938,Charlie,50,7,7.143
1938,Marion,43,16,2.688
1938,Bennie,35,13,2.692
1938,Billie,35,104,0.337
1938,Lonnie,35,5,7.0
1938,Terry,32,6,5.333
1938,Bobbie,28,152,0.184
1938,Tommie,26,15,1.733
1938,Sammie,20,12,1.667
1938,Carrol,19,5,3.8
1938,Shelby,19,45,0.422
1938,Frankie,18,45,0.4
1938,Johnie,18,6,3.0
1938,Archie,17,5,3.4
1938,Cleo,17,12,1.417
1938,Ira,16,5,3.2
1938,Jewel,13,25,0.52
1938,Ollie,13,26,0.5
1938,Francis,12,24,0.5
1938,Pat,12,24,0.5
1938,Lynn,10,11,0.909
1938,Connie,9,33,0.273
1938,Shirley,9,611,0.015
1938,Carol,8,70,0.114
1938,Alva,6,6,1.0
1938,Mickey,6,5,1.2
1938,Robbie,6,23,0.261
1938,Bonnie,5,146,0.034
1938,Helen,5,218,0.023
1938,Ivory,5,8,0.625
1938,Jewell,5,19,0.263
1938,Laverne,5,28,0.179
1938,Lois,5,97,0.052
1938,Mary,5,1159,0.004
1938,Merle,5,5,1.0
1938,Ocie,5,15,0.333
1938,Ruby,5,182,0.027
1939,James,1401,8,175.125
1939,William,585,5,117.0
1939,Bobby,472,11,42.909
1939,Jerry,436,17,25.647
1939,Willie,285,93,3.065
1939,Joe,261,19,13.737
1939,George,250,8,31.25
1939,Tommy,156,5,31.2
1939,Jimmie,151,39,3.872
1939,Johnny,149,5,29.8
1939,Eddie,109,28,3.893
1939,Jackie,90,37,2.432
1939,Lee,83,14,5.929
1939,Johnnie,65,44,1.477
1939,Freddie,58,27,2.148
1939,Jessie,42,62,0.677
1939,Marion,39,20,1.95
1939,Bennie,31,25,1.24
1939,Tommie,30,21,1.429
1939,Bobbie,27,152,0.178
1939,Donnie,25,10,2.5
1939,Billie,23,98,0.235
1939,Sammie,23,6,3.833
1939,Shelby,21,32,0.656
1939,Lynn,18,5,3.6
1939,Frankie,16,31,0.516
1939,Ivory,14,6,2.333
1939,Francis,12,12,1.0
1939,Jewel,12,27,0.444
1939,Johnie,10,7,1.429
1939,Cleo,9,12,0.75
1939,Pat,9,37,0.243
1939,Ollie,8,33,0.242
1939,Mary,7,1111,0.006
1939,Doris,6,188,0.032
1939,Jewell,6,8,0.75
1939,Betty,5,821,0.006
1939,Connie,5,27,0.185
1939,Shirley,5,554,0.009
1940,James,1474,8,184.25
1940,Charles,768,7,109.714
1940,John,706,9,78.444
1940,Billy,546,6,91.0
1940,Jerry,531,23,23.087
1940,Bobby,472,18,26.222
1940,Joe,282,12,23.5
1940,George,276,5,55.2
1940,Willie,257,109,2.358
1940,Johnny,182,5,36.4
1940,Jimmie,124,31,4.0
1940,Eddie,104,24,4.333
1940,Lee,94,23,4.087
1940,Jackie,74,27,2.741
1940,Freddie,70,27,2.593
1940,Charlie,59,6,9.833
1940,Johnnie,57,54,1.056
1940,Jessie,50,58,0.862
1940,Marion,47,20,2.35
1940,Bennie,45,19,2.368
1940,Donnie,39,8,4.875
1940,Billie,31,80,0.388
1940,Tommie,24,22,1.091
1940,Leslie,22,5,4.4
1940,Lynn,22,9,2.444
1940,Frankie,20,30,0.667
1940,Royce,20,6,3.333
1940,Maurice,19,5,3.8
1940,Bobbie,17,126,0.135
1940,Sammie,17,9,1.889
1940,Shelby,16,24,0.667
1940,Ollie,15,27,0.556
1940,Cleo,13,8,1.625
1940,Francis,13,23,0.565
1940,Jewel,11,21,0.524
1940,Shirley,11,541,0.02
1940,Ivory,10,5,2.0
1940,Louie,10,6,1.667
1940,Carol,9,113,0.08
1940,Mary,9,1192,0.008
1940,Pat,9,38,0.237
1940,Jewell,6,17,0.353
1940,Robbie,6,20,0.3
1940,Bonnie,5,141,0.035
1940,Connie,5,32,0.156
1941,James,1460,7,208.571
1941,John,776,6,129.333
1941,Charles,741,10,74.1
1941,Robert,671,7,95.857
1941,Jerry,626,17,36.824
1941,Bobby,462,15,30.8
1941,Joe,301,9,33.444
1941,Willie,257,94,2.734
1941,Jimmie,136,33,4.121
1941,Eddie,107,12,8.917
1941,Jackie,90,35,2.571
1941,Lee,88,17,5.176
1941,Johnnie,69,59,1.169
1941,Freddie,66,31,2.129
1941,Jessie,57,49,1.163
1941,Bennie,52,19,2.737
1941,Terry,37,8,4.625
1941,Marion,36,21,1.714
1941,Bobbie,27,120,0.225
1941,Billie,26,90,0.289
1941,Tommie,25,24,1.042
1941,Sammie,24,12,2.0
1941,Lynn,23,6,3.833
1941,Frankie,18,37,0.486
1941,Pat,15,54,0.278
1941,Shelby,15,31,0.484
1941,Cleo,13,6,2.167
1941,Francis,11,12,0.917
1941,Jewel,10,29,0.345
1941,Jewell,10,10,1.0
1941,Mary,9,1223,0.007
1941,Connie,8,34,0.235
1941,Ollie,8,28,0.286
1941,Shirley,6,513,0.012
1941,Carol,5,111,0.045
1941,Doris,5,200,0.025
1941,Jan,5,5,1.0
1942,James,1614,8,201.75
1942,Charles,799,6,133.167
1942,Jerry,668,18,37.111
1942,Bobby,411,12,34.25
1942,Willie,307,121,2.537
1942,Joe,292,10,29.2
1942,Tommy,193,5,38.6
1942,Jimmie,131,25,5.24
1942,Eddie,118,17,6.941
1942,Lee,110,15,7.333
1942,Jackie,90,43,2.093
1942,Gene,87,5,17.4
1942,Jessie,73,52,1.404
1942,Lonnie,66,6,11.0
1942,Freddie,64,30,2.133
1942,Charlie,60,6,10.0
1942,Johnnie,59,73,0.808
1942,Bennie,51,19,2.684
1942,Terry,44,11,4.0
1942,Donnie,37,8,4.625
1942,Tommie,37,16,2.312
1942,Marion,29,20,1.45
1942,Sammie,29,16,1.812
1942,Frankie,25,39,0.641
1942,Billie,23,100,0.23
1942,Ollie,21,33,0.636
1942,Shelby,20,15,1.333
1942,Carrol,19,8,2.375
1942,Archie,18,5,3.6
1942,Johnie,18,5,3.6
1942,Lynn,17,11,1.545
1942,Odell,16,5,3.2
1942,Bobbie,14,129,0.109
1942,Ivory,13,5,2.6
1942,Pat,13,50,0.26
1942,Jewel,12,21,0.571
1942,Carol,11,123,0.089
1942,Cleo,10,6,1.667
1942,Connie,9,43,0.209
1942,Jewell,8,25,0.32
1942,Betty,5,716,0.007
1942,Doris,5,176,0.028
1942,Francis,5,14,0.357
1942,Mary,5,1208,0.004
1942,Robbie,5,24,0.208
1943,James,1613,9,179.222
1943,Charles,795,7,113.571
1943,John,775,5,155.0
1943,Robert,760,6,126.667
1943,Jerry,657,18,36.5
1943,Bobby,346,8,43.25
1943,Joe,273,8,34.125
1943,Willie,268,102,2.627
1943,Johnny,231,6,38.5
1943,Jimmie,151,36,4.194
1943,Eddie,147,24,6.125
1943,Jackie,114,39,2.923
1943,Lee,82,17,4.824
1943,Ray,79,5,15.8
1943,Freddie,73,32,2.281
1943,Lonnie,71,8,8.875
1943,Johnnie,62,59,1.051
1943,Terry,52,7,7.429
1943,Bennie,49,18,2.722
1943,Jessie,44,44,1.0
1943,Carroll,41,5,8.2
1943,Marion,38,31,1.226
1943,Donnie,37,14,2.643
1943,Billie,26,80,0.325
1943,Leslie,26,6,4.333
1943,Frankie,23,25,0.92
1943,Shelby,23,19,1.211
1943,Tommie,23,30,0.767
1943,Cleo,17,9,1.889
1943,Pat,17,46,0.37
1943,Francis,16,15,1.067
1943,Sammie,16,12,1.333
1943,Johnie,15,10,1.5
1943,Bobbie,14,146,0.096
1943,Lynn,12,9,1.333
1943,Ollie,12,35,0.343
1943,Maurice,9,5,1.8
1943,Ivory,8,9,0.889
1943,Connie,7,70,0.1
1943,Mary,7,1225,0.006
1943,Carol,6,173,0.035
1943,Jewel,6,25,0.24
1943,Shirley,6,511,0.012
1943,Barbara,5,609,0.008
1943,Jewell,5,12,0.417
1943,Joyce,5,301,0.017
1943,Merle,5,5,1.0
1944,James,1472,8,184.0
1944,Charles,733,5,146.6
1944,John,690,5,138.0
1944,Jerry,624,24,26.0
1944,Billy,434,8,54.25
1944,Bobby,315,12,26.25
1944,George,290,6,48.333
1944,Willie,270,91,2.967
1944,Joe,243,14,17.357
1944,Eddie,116,13,8.923
1944,Jimmie,108,35,3.086
1944,Lee,91,17,5.353
1944,Freddie,87,22,3.955
1944,Johnnie,77,50,1.54
1944,Jackie,73,36,2.028
1944,Jessie,65,54,1.204
1944,Terry,54,9,6.0
1944,Donnie,51,14,3.643
1944,Charlie,50,8,6.25
1944,Bennie,39,15,2.6
1944,Marion,28,19,1.474
1944,Leslie,26,5,5.2
1944,Tommie,26,25,1.04
1944,Sammie,24,9,2.667
1944,Johnie,21,8,2.625
1944,Lynn,20,13,1.538
1944,Royce,17,6,2.833
1944,Billie,16,87,0.184
1944,Ira,16,6,2.667
1944,Pat,13,34,0.382
1944,Frankie,12,26,0.462
1944,Carrol,10,5,2.0
1944,Ivory,10,7,1.429
1944,Ollie,10,23,0.435
1944,Bobbie,9,99,0.091
1944,Francis,9,26,0.346
1944,Jewell,9,13,0.692
1944,Shelby,9,10,0.9
1944,Jewel,8,9,0.889
1944,Cleo,7,12,0.583
1944,Mary,6,1114,0.005
1944,Linda,5,744,0.007
1945,James,1429,13,109.923
1945,Charles,704,5,140.8
1945,Jerry,545,16,34.062
1945,Willie,277,98,2.827
1945,George,251,6,41.833
1945,Joe,212,11,19.273
1945,Eddie,121,17,7.118
1945,Jimmie,100,25,4.0
1945,Lee,91,17,5.353
1945,Freddie,85,25,3.4
1945,Terry,69,9,7.667
1945,Johnnie,66,51,1.294
1945,Sammy,56,5,11.2
1945,Donnie,51,7,7.286
1945,Jackie,45,39,1.154
1945,Jessie,43,43,1.0
1945,Tommie,34,15,2.267
1945,Bennie,28,17,1.647
1945,Marion,23,25,0.92
1945,Frankie,19,30,0.633
1945,Leslie,19,8,2.375
1945,Sammie,18,5,3.6
1945,Ira,17,7,2.429
1945,Billie,14,59,0.237
1945,Shelby,13,6,2.167
1945,Francis,12,13,0.923
1945,Lynn,11,18,0.611
1945,Mickey,11,5,2.2
1945,Carol,9,206,0.044
1945,Connie,9,68,0.132
1945,Jewell,9,12,0.75
1945,Johnie,9,7,1.286
1945,Ollie,8,32,0.25
1945,Gerry,7,5,1.4
1945,Cleo,6,5,1.2
1945,Gale,6,5,1.2
1945,Bobbie,5,122,0.041
1945,Carrol,5,8,0.625
1946,James,1583,7,226.143
1946,Charles,807,7,115.286
1946,John,774,5,154.8
1946,Jerry,654,18,36.333
1946,Bobby,345,5,69.0
1946,Willie,272,79,3.443
1946,Joe,253,9,28.111
1946,Eddie,172,21,8.19
1946,Jimmie,115,28,4.107
1946,Terry,112,17,6.588
1946,Jackie,96,33,2.909
1946,Lee,88,13,6.769
1946,Freddie,70,21,3.333
1946,Donnie,64,8,8.0
1946,Jessie,64,47,1.362
1946,Johnnie,64,61,1.049
1946,Charlie,53,8,6.625
1946,Bennie,42,22,1.909
1946,Marion,35,12,2.917
1946,Tommie,27,16,1.688
1946,Sammie,26,5,5.2
1946,Frankie,23,20,1.15
1946,Lynn,23,13,1.769
1946,Billie,20,57,0.351
1946,Ivory,20,8,2.5
1946,Leslie,20,12,1.667
1946,Ira,13,5,2.6
1946,Shelby,13,13,1.0
1946,Francis,12,17,0.706
1946,Ollie,12,26,0.462
1946,Connie,10,104,0.096
1946,Pat,8,31,0.258
1946,Carrol,6,5,1.2
1946,Jan,6,25,0.24
1946,Bobbie,5,123,0.041
1946,Gayle,5,12,0.417
1946,Linda,5,940,0.005
1946,Ruby,5,137,0.036
1946,Vernell,5,5,1.0
1947,James,1621,6,270.167
1947,Jerry,706,17,41.529
1947,Bobby,354,9,39.333
1947,Willie,300,82,3.659
1947,George,286,5,57.2
1947,Joe,253,8,31.625
1947,Eddie,192,10,19.2
1947,Terry,160,24,6.667
1947,Jimmie,113,31,3.645
1947,Jackie,107,43,2.488
1947,Lee,100,13,7.692
1947,Freddie,94,17,5.529
1947,Donnie,83,10,8.3
1947,Johnnie,75,36,2.083
1947,Jessie,57,45,1.267
1947,Bennie,44,5,8.8
1947,Leslie,33,9,3.667
1947,Sammie,33,10,3.3
1947,Tommie,29,12,2.417
1947,Lynn,26,13,2.0
1947,Marion,26,20,1.3
1947,Frankie,23,30,0.767
1947,Ira,18,6,3.0
1947,Ollie,14,17,0.824
1947,Billie,12,67,0.179
1947,Pat,12,40,0.3
1947,Bobbie,11,110,0.1
1947,Cleo,11,6,1.833
1947,Connie,9,116,0.078
1947,Linda,8,1418,0.006
1947,Francis,7,28,0.25
1947,Ivory,7,7,1.0
1947,Carol,6,232,0.026
1947,Jewell,6,9,0.667
1947,Mary,6,1188,0.005
1947,Unknown,6,5,1.2
1947,Jewel,5,22,0.227
1947,Robbie,5,18,0.278
1948,James,1512,11,137.455
1948,Robert,776,6,129.333
1948,John,732,7,104.571
1948,Charles,711,6,118.5
1948,Jerry,584,13,44.923
1948,Willie,293,74,3.959
1948,Joe,237,9,26.333
1948,Eddie,181,12,15.083
1948,Terry,163,14,11.643
1948,Jimmie,122,13,9.385
1948,Jackie,89,29,3.069
1948,Johnnie,83,30,2.767
1948,Donnie,82,10,8.2
1948,Freddie,80,23,3.478
1948,Lonnie,80,5,16.0
1948,Lee,70,8,8.75
1948,Jessie,58,44,1.318
1948,Charlie,47,7,6.714
1948,Bennie,32,12,2.667
1948,Frankie,32,27,1.185
1948,Leslie,29,8,3.625
1948,Sammie,29,13,2.231
1948,Tommie,29,11,2.636
1948,Marion,24,25,0.96
1948,Lynn,21,21,1.0
1948,Mickey,18,7,2.571
1948,Connie,13,119,0.109
1948,Shelby,13,6,2.167
1948,Ivory,12,5,2.4
1948,Billie,11,60,0.183
1948,Francis,11,13,0.846
1948,Unknown,9,15,0.6
1948,Ollie,8,25,0.32
1948,Dana,7,26,0.269
1948,Bobbie,6,119,0.05
1948,Jewell,6,11,0.545
1948,Robbie,6,22,0.273
1948,Jan,5,13,0.385
1948,Pat,5,27,0.185
1949,James,1495,6,249.167
1949,Jerry,564,18,31.333
1949,George,272,5,54.4
1949,Bobby,270,14,19.286
1949,Willie,266,60,4.433
1949,Joe,203,13,15.615
1949,Eddie,170,13,13.077
1949,Terry,149,21,7.095
1949,Freddie,113,11,10.273
1949,Jackie,102,30,3.4
1949,Lee,100,13,7.692
1949,Jimmie,94,24,3.917
1949,Johnnie,63,44,1.432
1949,Charlie,50,5,10.0
1949,Jessie,50,47,1.064
1949,Bennie,29,11,2.636
1949,Mickey,28,12,2.333
1949,Leslie,27,12,2.25
1949,Frankie,26,19,1.368
1949,Lynn,25,15,1.667
1949,Tommie,23,8,2.875
1949,Marion,20,18,1.111
1949,Sammie,18,13,1.385
1949,Unknown,18,38,0.474
1949,Ivory,13,6,2.167
1949,Billie,11,52,0.212
1949,Bobbie,10,91,0.11
1949,Ollie,8,23,0.348
1949,Cleo,7,9,0.778
1949,Francis,7,18,0.389
1949,Pat,7,19,0.368
1949,Jewel,6,12,0.5
1949,Jewell,6,9,0.667
1949,Robbie,5,14,0.357
1950,James,1429,5,285.8
1950,Larry,900,9,100.0
1950,Charles,712,5,142.4
1950,Jerry,513,16,32.062
1950,Willie,296,61,4.852
1950,Bobby,287,6,47.833
1950,Joe,211,7,30.143
1950,Terry,209,24,8.708
1950,Eddie,159,22,7.227
1950,Jimmie,96,16,6.0
1950,Lee,95,20,4.75
1950,Freddie,87,21,4.143
1950,Jackie,86,37,2.324
1950,Donnie,77,6,12.833
1950,Johnnie,55,35,1.571
1950,Jessie,45,41,1.098
1950,Charlie,42,5,8.4
1950,Unknown,39,30,1.3
1950,Sammie,29,9,3.222
1950,Bennie,28,6,4.667
1950,Leslie,28,17,1.647
1950,Tommie,23,13,1.769
1950,Frankie,20,8,2.5
1950,Ivory,19,9,2.111
1950,Lynn,18,14,1.286
1950,Billie,15,53,0.283
1950,Marion,15,12,1.25
1950,Bobbie,13,94,0.138
1950,Dana,12,18,0.667
1950,Francis,11,10,1.1
1950,Kerry,11,7,1.571
1950,Cleo,7,5,1.4
1950,Jan,6,16,0.375
1950,Jewel,6,8,0.75
1950,Ollie,6,13,0.462
1950,Robbie,6,20,0.3
1950,Connie,5,171,0.029
1950,Robin,5,15,0.333
1951,James,1368,5,273.6
1951,Larry,865,9,96.111
1951,John,700,5,140.0
1951,Charles,694,5,138.8
1951,Jerry,503,8,62.875
1951,Johnny,258,5,51.6
1951,Willie,250,65,3.846
1951,Joe,196,15,13.067
1951,Terry,189,33,5.727
1951,Eddie,137,17,8.059
1951,Lee,95,12,7.917
1951,Jackie,94,58,1.621
1951,Freddie,88,12,7.333
1951,Donnie,74,7,10.571
1951,Jimmie,72,9,8.0
1951,Johnnie,58,37,1.568
1951,Jessie,43,37,1.162
1951,Unknown,37,36,1.028
1951,Bennie,29,8,3.625
1951,Leslie,24,13,1.846
1951,Tommie,23,8,2.875
1951,Frankie,20,16,1.25
1951,Lynn,20,15,1.333
1951,Marion,18,18,1.0
1951,Sammie,18,10,1.8
1951,Francis,14,9,1.556
1951,Kerry,14,6,2.333
1951,Mickey,13,7,1.857
1951,Billie,10,46,0.217
1951,Robin,8,11,0.727
1951,Ollie,7,15,0.467
1951,Pat,7,7,1.0
1951,Dana,6,17,0.353
1951,Connie,5,148,0.034
1951,Jewel,5,9,0.556
1951,Mary,5,893,0.006
1952,James,1271,6,211.833
1952,Larry,701,5,140.2
1952,Jerry,412,6,68.667
1952,Willie,259,48,5.396
1952,Bobby,247,9,27.444
1952,Terry,205,29,7.069
1952,Joe,183,15,12.2
1952,Eddie,135,11,12.273
1952,Jackie,88,31,2.839
1952,Lee,87,15,5.8
1952,Freddie,72,14,5.143
1952,Jimmie,61,12,5.083
1952,Jessie,52,33,1.576
1952,Charlie,42,5,8.4
1952,Johnnie,41,23,1.783
1952,Unknown,36,39,0.923
1952,Tommie,30,9,3.333
1952,Leslie,27,17,1.588
1952,Bennie,26,10,2.6
1952,Sammie,24,9,2.667
1952,Frankie,21,14,1.5
1952,Ivory,19,7,2.714
1952,Marion,19,17,1.118
1952,Lynn,16,29,0.552
1952,Connie,9,132,0.068
1952,Billie,8,41,0.195
1952,Ollie,8,14,0.571
1952,Robin,8,21,0.381
1952,Francis,6,9,0.667
1952,Jewel,6,21,0.286
1952,Bobbie,5,78,0.064
1953,James,1198,5,239.6
1953,Robert,719,5,143.8
1953,Jerry,405,8,50.625
1953,Bobby,256,8,32.0
1953,Terry,214,36,5.944
1953,Willie,193,63,3.063
1953,Joe,181,8,22.625
1953,Eddie,102,11,9.273
1953,Jackie,80,40,2.0
1953,Donnie,77,6,12.833
1953,Freddie,76,16,4.75
1953,Lee,71,17,4.176
1953,Lonnie,65,5,13.0
1953,Jessie,58,34,1.706
1953,Jimmie,55,14,3.929
1953,Charlie,46,5,9.2
1953,Johnnie,43,30,1.433
1953,Bennie,34,9,3.778
1953,Unknown,32,35,0.914
1953,Tommie,28,10,2.8
1953,Frankie,22,21,1.048
1953,Lynn,20,19,1.053
1953,Leslie,17,18,0.944
1953,Robin,14,21,0.667
1953,Kerry,13,5,2.6
1953,Marion,12,12,1.0
1953,Dana,11,25,0.44
1953,Francis,10,8,1.25
1953,Kim,10,5,2.0
1953,Jewell,9,5,1.8
1953,Sidney,9,5,1.8
1953,Billie,7,40,0.175
1953,Bobbie,7,53,0.132
1953,Connie,7,144,0.049
1953,Cleo,5,6,0.833
1954,Jerry,382,8,47.75
1954,Bobby,279,5,55.8
1954,Terry,277,38,7.289
1954,Willie,213,45,4.733
1954,Joe,159,12,13.25
1954,Eddie,128,13,9.846
1954,Donnie,92,7,13.143
1954,Jackie,79,39,2.026
1954,Melvin,78,6,13.0
1954,Lee,76,19,4.0
1954,Jimmie,62,10,6.2
1954,Freddie,57,18,3.167
1954,Dale,49,7,7.0
1954,Jessie,41,15,2.733
1954,Bennie,33,8,4.125
1954,Johnnie,31,29,1.069
1954,Leslie,28,27,1.037
1954,Unknown,28,29,0.966
1954,Marion,23,15,1.533
1954,Sidney,23,5,4.6
1954,Lynn,22,23,0.957
1954,Tommie,22,13,1.692
1954,Frankie,19,13,1.462
1954,Robin,15,42,0.357
1954,Kerry,13,7,1.857
1954,Robbie,11,15,0.733
1954,Dana,9,22,0.409
1954,Francis,9,10,0.9
1954,Billie,7,34,0.206
1954,Jan,7,23,0.304
1954,Pat,6,5,1.2
1954,Connie,5,163,0.031
1954,Ollie,5,12,0.417
1954,Sandy,5,8,0.625
1955,James,1099,9,122.111
1955,Terry,262,63,4.159
1955,Willie,182,37,4.919
1955,Joe,172,10,17.2
1955,Eddie,127,7,18.143
1955,Jackie,92,43,2.14
1955,Lee,86,27,3.185
1955,Freddie,47,13,3.615
1955,Jimmie,43,8,5.375
1955,Johnnie,43,20,2.15
1955,Jessie,37,20,1.85
1955,Bennie,32,5,6.4
1955,Unknown,30,27,1.111
1955,Frankie,26,22,1.182
1955,Lynn,21,20,1.05
1955,Mickey,19,5,3.8
1955,Leslie,18,26,0.692
1955,Marion,18,7,2.571
1955,Tommie,17,11,1.545
1955,Chris,15,5,3.0
1955,Robin,14,68,0.206
1955,Sammie,14,7,2.0
1955,Dana,11,30,0.367
1955,Ivory,11,8,1.375
1955,Kim,11,12,0.917
1955,Shelby,11,6,1.833
1955,Ollie,8,8,1.0
1955,Tracy,8,8,1.0
1955,Gale,5,6,0.833
1955,Jewel,5,7,0.714
1955,Kelly,5,6,0.833
1956,James,1033,7,147.571
1956,John,583,5,116.6
1956,Terry,287,56,5.125
1956,Joe,177,10,17.7
1956,Willie,152,41,3.707
1956,Eddie,138,11,12.545
1956,Jackie,83,41,2.024
1956,Lee,61,23,2.652
1956,Dale,60,6,10.0
1956,Freddie,56,8,7.0
1956,Donnie,52,7,7.429
1956,Johnnie,52,27,1.926
1956,Jessie,43,14,3.071
1956,Jimmie,36,9,4.0
1956,Leslie,27,19,1.421
1956,Marion,26,10,2.6
1956,Unknown,25,24,1.042
1956,Robin,24,70,0.343
1956,Frankie,23,11,2.091
1956,Kim,18,35,0.514
1956,Kerry,15,5,3.0
1956,Tommie,15,7,2.143
1956,Lynn,14,25,0.56
1956,Tracy,13,11,1.182
1956,Ollie,10,11,0.909
1956,Dana,9,24,0.375
1956,Francis,9,6,1.5
1956,Kelly,9,7,1.286
1956,Pat,7,9,0.778
1956,Robbie,6,16,0.375
1956,Billie,5,37,0.135
1957,James,962,7,137.429
1957,Terry,358,67,5.343
1957,Jerry,345,10,34.5
1957,Bobby,245,6,40.833
1957,Willie,192,16,12.0
1957,Joe,150,7,21.429
1957,Jackie,81,37,2.189
1957,Lee,72,32,2.25
1957,Jessie,52,21,2.476
1957,Freddie,45,12,3.75
1957,Jimmie,44,9,4.889
1957,Unknown,30,21,1.429
1957,Johnnie,26,16,1.625
1957,Leslie,24,32,0.75
1957,Kerry,18,5,3.6
1957,Robin,17,78,0.218
1957,Chris,16,6,2.667
1957,Frankie,16,17,0.941
1957,Kelly,16,6,2.667
1957,Tracy,15,5,3.0
1957,Dana,14,32,0.438
1957,Marion,14,8,1.75
1957,Kim,13,48,0.271
1957,Lynn,13,23,0.565
1957,Ira,10,7,1.429
1957,Pat,7,9,0.778
1957,Cleo,6,5,1.2
1957,Robbie,6,15,0.4
1957,Shelby,6,5,1.2
1957,Carol,5,157,0.032
1957,Connie,5,123,0.041
1957,Shannon,5,7,0.714
1958,Terry,319,73,4.37
1958,Johnny,189,5,37.8
1958,Willie,174,35,4.971
1958,Eddie,122,7,17.429
1958,Donnie,72,6,12.0
1958,Lee,63,19,3.316
1958,Jackie,59,41,1.439
1958,Freddie,52,9,5.778
1958,Jimmie,42,11,3.818
1958,Johnnie,40,12,3.333
1958,Jessie,28,11,2.545
1958,Leslie,22,44,0.5
1958,Sammie,17,5,3.4
1958,Unknown,17,15,1.133
1958,Frankie,16,13,1.231
1958,Tommie,15,11,1.364
1958,Robin,14,67,0.209
1958,Tracy,14,15,0.933
1958,Kelly,12,29,0.414
1958,Marion,11,13,0.846
1958,Kim,10,58,0.172
1958,Pat,10,11,0.909
1958,Jamie,8,23,0.348
1958,Francis,7,8,0.875
1958,Bobbie,6,53,0.113
1958,Lynn,6,23,0.261
1958,Sandy,6,32,0.188
1958,Billie,5,23,0.217
1958,Dana,5,36,0.139
1958,Jewel,5,7,0.714
1959,James,928,6,154.667
1959,Robert,567,7,81.0
1959,William,426,5,85.2
1959,Terry,302,74,4.081
1959,Bobby,227,6,37.833
1959,Willie,135,25,5.4
1959,Dale,79,5,15.8
1959,Jackie,72,32,2.25
1959,Lee,63,20,3.15
1959,Freddie,45,11,4.091
1959,Jimmie,44,7,6.286
1959,Jessie,39,10,3.9
1959,Johnnie,32,13,2.462
1959,Chris,27,5,5.4
1959,Leslie,27,33,0.818
1959,Tracy,24,30,0.8
1959,Kelly,21,35,0.6
1959,Frankie,18,10,1.8
1959,Tommie,15,13,1.154
1959,Kerry,14,6,2.333
1959,Kim,13,52,0.25
1959,Lynn,13,28,0.464
1959,Robbie,12,15,0.8
1959,Unknown,11,7,1.571
1959,Marion,10,6,1.667
1959,Pat,9,8,1.125
1959,Robin,9,68,0.132
1959,Shannon,8,8,1.0
1959,Jamie,7,24,0.292
1959,Billie,6,28,0.214
1959,Jan,6,29,0.207
1959,Shawn,6,7,0.857
1959,Dana,5,31,0.161
1959,Jody,5,7,0.714
1959,Kelley,5,8,0.625
1959,Rose,5,65,0.077
1959,Stacy,5,13,0.385
1960,James,863,10,86.3
1960,Robert,540,5,108.0
1960,Terry,311,56,5.554
1960,Jerry,269,7,38.429
1960,Bobby,211,7,30.143
1960,Joe,145,10,14.5
1960,Willie,140,24,5.833
1960,Lee,59,25,2.36
1960,Freddie,51,6,8.5
1960,Jackie,50,52,0.962
1960,Tracy,44,45,0.978
1960,Jessie,37,18,2.056
1960,Jimmie,32,5,6.4
1960,Frankie,29,13,2.231
1960,Leslie,29,39,0.744
1960,Kerry,23,8,2.875
1960,Kelly,22,53,0.415
1960,Johnnie,19,15,1.267
1960,Robin,15,108,0.139
1960,Tommie,15,10,1.5
1960,Kim,13,78,0.167
1960,Pat,11,6,1.833
1960,Robbie,11,11,1.0
1960,Lynn,10,19,0.526
1960,Billie,7,17,0.412
1960,Jody,7,5,1.4
1960,Marion,7,8,0.875
1960,Unknown,7,6,1.167
1960,Bobbie,6,50,0.12
1960,Francis,5,7,0.714
1960,Ollie,5,9,0.556
1961,James,910,6,151.667
1961,Michael,654,5,130.8
1961,Robert,580,8,72.5
1961,Charles,428,5,85.6
1961,Terry,251,43,5.837
1961,Bobby,224,5,44.8
1961,Willie,139,22,6.318
1961,Eddie,111,5,22.2
1961,Jackie,69,54,1.278
1961,Chris,58,9,6.444
1961,Donnie,48,6,8.0
1961,Kelly,42,64,0.656
1961,Lee,42,28,1.5
1961,Tracy,42,59,0.712
1961,Jimmie,34,8,4.25
1961,Johnnie,30,8,3.75
1961,Jessie,23,7,3.286
1961,Leslie,23,42,0.548
1961,Frankie,21,16,1.312
1961,Kerry,21,7,3.0
1961,Lynn,18,22,0.818
1961,Robin,16,120,0.133
1961,Tommie,14,5,2.8
1961,Marion,12,6,2.0
1961,Robbie,12,23,0.522
1961,Shawn,11,6,1.833
1961,Kim,10,86,0.116
1961,Billie,9,16,0.562
1961,Bobbie,9,40,0.225
1961,Ivory,9,5,1.8
1961,Sammie,8,5,1.6
1961,Dana,7,48,0.146
1961,Jamie,7,31,0.226
1961,Shannon,6,14,0.429
1961,Carol,5,111,0.045
1961,Sandy,5,29,0.172
1961,Shelby,5,6,0.833
1962,David,675,5,135.0
1962,Terry,289,63,4.587
1962,Jerry,237,5,47.4
1962,Willie,156,15,10.4
1962,Johnny,155,5,31.0
1962,Chris,73,6,12.167
1962,Lee,60,27,2.222
1962,Tracy,59,70,0.843
1962,Jackie,55,43,1.279
1962,Kelly,42,65,0.646
1962,Freddie,33,5,6.6
1962,Leslie,29,51,0.569
1962,Jessie,25,10,2.5
1962,Johnnie,24,13,1.846
1962,Frankie,17,8,2.125
1962,Robbie,15,12,1.25
1962,Robin,15,119,0.126
1962,Marion,14,10,1.4
1962,Shannon,14,23,0.609
1962,Lynn,13,18,0.722
1962,Shawn,12,6,2.0
1962,Dana,9,69,0.13
1962,Jamie,9,35,0.257
1962,Bobbie,8,42,0.19
1962,Kim,8,100,0.08
1962,Stacy,8,28,0.286
1962,Sandy,6,30,0.2
1962,Stacey,6,8,0.75
1962,Billie,5,14,0.357
1962,Ollie,5,7,0.714
1963,James,927,7,132.429
1963,Terry,311,59,5.271
1963,Willie,112,17,6.588
1963,Lee,62,26,2.385
1963,Jackie,56,44,1.273
1963,Tracy,44,81,0.543
1963,Marty,43,5,8.6
1963,Jessie,37,9,4.111
1963,Leslie,33,59,0.559
1963,Kelly,30,105,0.286
1963,Jimmie,24,5,4.8
1963,Kerry,24,7,3.429
1963,Shawn,20,7,2.857
1963,Frankie,19,13,1.462
1963,Johnnie,18,8,2.25
1963,Robbie,14,16,0.875
1963,Robin,13,112,0.116
1963,Shannon,13,26,0.5
1963,Jamie,12,49,0.245
1963,Marion,12,8,1.5
1963,Kim,10,79,0.127
1963,Lynn,10,19,0.526
1963,Stacy,10,33,0.303
1963,Tommie,9,6,1.5
1963,Shelby,7,8,0.875
1963,Bobbie,5,28,0.179
1963,Dana,5,70,0.071
1963,Francis,5,9,0.556
1963,Sandy,5,32,0.156
1963,Tracey,5,16,0.312
1964,James,919,6,153.167
1964,Terry,249,53,4.698
1964,Jerry,229,9,25.444
1964,Bobby,196,8,24.5
1964,Joe,108,12,9.0
1964,Willie,100,21,4.762
1964,Lee,60,22,2.727
1964,Chris,54,10,5.4
1964,Marty,44,6,7.333
1964,Jackie,41,49,0.837
1964,Tracy,41,89,0.461
1964,Jessie,39,11,3.545
1964,Kelly,37,106,0.349
1964,Freddie,29,5,5.8
1964,Leslie,29,66,0.439
1964,Jimmie,28,8,3.5
1964,Kerry,26,11,2.364
1964,Shawn,25,13,1.923
1964,Johnnie,23,11,2.091
1964,Frankie,21,9,2.333
1964,Robbie,19,17,1.118
1964,Robin,15,139,0.108
1964,Tommie,15,6,2.5
1964,Jamie,14,50,0.28
1964,Lynn,14,23,0.609
1964,Shannon,11,36,0.306
1964,Dana,10,111,0.09
1964,Marion,10,6,1.667
1964,Stacy,9,42,0.214
1964,Billie,7,21,0.333
1964,Kim,7,97,0.072
1964,Stacey,7,22,0.318
1965,Terry,210,41,5.122
1965,Willie,98,14,7.0
1965,George,86,5,17.2
1965,Tracy,71,101,0.703
1965,Chris,64,6,10.667
1965,Lee,52,21,2.476
1965,Jackie,40,39,1.026
1965,Johnnie,35,11,3.182
1965,Jessie,29,7,4.143
1965,Kelly,27,126,0.214
1965,Leslie,25,48,0.521
1965,Shawn,22,12,1.833
1965,Frankie,16,13,1.231
1965,Robbie,15,11,1.364
1965,Stacy,13,47,0.277
1965,Shannon,12,33,0.364
1965,Kelley,11,13,0.846
1965,Lynn,11,18,0.611
1965,Tommie,11,5,2.2
1965,Kim,9,70,0.129
1965,Jamie,8,41,0.195
1965,Robin,8,105,0.076
1965,Dana,6,93,0.065
1965,Marion,6,7,0.857
1965,Billie,5,15,0.333
1965,Bobbie,5,27,0.185
1965,Jody,5,7,0.714
1966,James,737,7,105.286
1966,John,521,5,104.2
1966,Terry,197,38,5.184
1966,Joe,81,7,11.571
1966,Willie,71,8,8.875
1966,Tracy,66,136,0.485
1966,Lee,47,14,3.357
1966,Shawn,35,12,2.917
1966,Kelly,34,75,0.453
1966,Jessie,30,9,3.333
1966,Jackie,26,31,0.839
1966,Jimmie,20,6,3.333
1966,Leslie,19,71,0.268
1966,Shannon,19,47,0.404
1966,Stacy,16,60,0.267
1966,Frankie,15,8,1.875
1966,Johnnie,12,8,1.5
1966,Robbie,10,9,1.111
1966,Stacey,10,42,0.238
1966,Jamie,9,52,0.173
1966,Kim,9,63,0.143
1966,Lynn,8,16,0.5
1966,Tommie,7,6,1.167
1966,Andrea,5,52,0.096
1966,Billie,5,10,0.5
1967,David,477,5,95.4
1967,Kenneth,242,6,40.333
1967,Terry,196,18,10.889
1967,Jerry,189,5,37.8
1967,Donald,132,5,26.4
1967,Bobby,126,7,18.0
1967,Willie,72,7,10.286
1967,Tracy,56,124,0.452
1967,Stacy,53,70,0.757
1967,Lee,42,20,2.1
1967,Shawn,38,13,2.923
1967,Kelly,32,97,0.33
1967,Jessie,30,8,3.75
1967,Shannon,30,58,0.517
1967,Jackie,28,24,1.167
1967,Jimmie,25,6,4.167
1967,Jody,16,5,3.2
1967,Johnnie,16,7,2.286
1967,Leslie,16,53,0.302
1967,Kerry,15,6,2.5
1967,Stacey,15,51,0.294
1967,Lynn,11,11,1.0
1967,Jamie,10,31,0.323
1967,Kim,10,56,0.179
1967,Marion,10,8,1.25
1967,Robbie,10,10,1.0
1967,Kelley,8,19,0.421
1967,Dana,7,77,0.091
1967,Tommie,7,8,0.875
1967,Bobbie,6,18,0.333
1967,Tracey,6,22,0.273
1967,Sandy,5,21,0.238
1968,James,678,6,113.0
1968,Michael,625,9,69.444
1968,Terry,171,19,9.0
1968,Shawn,67,11,6.091
1968,Lee,58,24,2.417
1968,Chris,53,5,10.6
1968,Stacy,53,76,0.697
1968,Tracy,51,146,0.349
1968,Kelly,49,132,0.371
1968,Shannon,47,92,0.511
1968,Jackie,30,30,1.0
1968,Jimmie,19,7,2.714
1968,Stacey,17,50,0.34
1968,Leslie,13,60,0.217
1968,Kerry,12,11,1.091
1968,Jamie,11,35,0.314
1968,Johnnie,9,7,1.286
1968,Tommie,8,7,1.143
1968,Kim,7,52,0.135
1968,Andrea,6,49,0.122
1968,Dana,6,81,0.074
1968,Kelley,6,26,0.231
1968,Lynn,6,8,0.75
1968,Marion,6,5,1.2
1968,Lesley,5,6,0.833
1968,Tracey,5,22,0.227
1969,Michael,683,5,136.6
1969,James,674,8,84.25
1969,John,479,5,95.8
1969,Terry,154,23,6.696
1969,Jimmy,142,6,23.667
1969,Bobby,127,5,25.4
1969,Willie,66,6,11.0
1969,Chris,60,9,6.667
1969,Tracy,59,142,0.415
1969,Shawn,53,12,4.417
1969,Shannon,51,157,0.325
1969,Kelly,48,111,0.432
1969,Lee,40,13,3.077
1969,Stacy,33,90,0.367
1969,Jody,22,10,2.2
1969,Kerry,22,11,2.0
1969,Jimmie,20,6,3.333
1969,Marty,19,5,3.8
1969,Jackie,18,24,0.75
1969,Leslie,18,58,0.31
1969,Jamie,15,43,0.349
1969,Stacey,12,53,0.226
1969,Johnnie,11,8,1.375
1969,Marion,10,5,2.0
1969,Dana,9,92,0.098
1969,Lynn,9,14,0.643
1969,Robin,9,80,0.112
1969,Frankie,8,5,1.6
1969,Robbie,8,6,1.333
1969,Shelby,7,5,1.4
1969,Carey,6,6,1.0
1969,Ashley,5,17,0.294
1969,Kelley,5,19,0.263
1969,Tracey,5,46,0.109
1970,Bobby,127,5,25.4
1970,Terry,118,13,9.077
1970,Shawn,95,13,7.308
1970,Patrick,87,5,17.4
1970,Shannon,60,217,0.276
1970,Tracy,39,168,0.232
1970,Stacy,38,103,0.369
1970,Kelly,37,115,0.322
1970,Lee,33,8,4.125
1970,Jamie,29,45,0.644
1970,Jackie,23,30,0.767
1970,Jimmie,21,5,4.2
1970,Johnnie,17,7,2.429
1970,Kerry,16,9,1.778
1970,Frankie,13,5,2.6
1970,Leslie,13,77,0.169
1970,Stacey,13,71,0.183
1970,Robbie,9,8,1.125
1970,Marion,8,5,1.6
1970,Tommie,8,6,1.333
1970,Lynn,7,9,0.778
1970,Robin,7,81,0.086
1970,Lesley,6,8,0.75
1970,Tracey,6,53,0.113
1970,Ashley,5,36,0.139
1970,Billie,5,13,0.385
1970,Carey,5,7,0.714
1971,Michael,709,6,118.167
1971,James,682,5,136.4
1971,Christopher,441,5,88.2
1971,Billy,147,5,29.4
1971,Shawn,118,17,6.941
1971,Terry,106,12,8.833
1971,Shannon,65,190,0.342
1971,Tracy,49,174,0.282
1971,Lee,39,19,2.053
1971,Jody,31,10,3.1
1971,Jamie,30,57,0.526
1971,Jackie,26,16,1.625
1971,Stacy,25,143,0.175
1971,Kelly,21,90,0.233
1971,Johnnie,18,8,2.25
1971,Casey,16,5,3.2
1971,Kerry,16,17,0.941
1971,Leslie,13,70,0.186
1971,Stacey,10,60,0.167
1971,Andrea,5,88,0.057
1971,Lynn,5,7,0.714
1971,Marion,5,6,0.833
1971,Robbie,5,10,0.5
1971,Shelby,5,6,0.833
1972,Michael,708,6,118.0
1972,Charles,248,5,49.6
1972,Shawn,109,13,8.385
1972,Terry,108,12,9.0
1972,Tracy,77,134,0.575
1972,Shannon,67,164,0.409
1972,Chris,63,7,9.0
1972,Willie,41,8,5.125
1972,Jamie,40,42,0.952
1972,Lee,35,18,1.944
1972,Stacy,35,127,0.276
1972,Kelly,31,109,0.284
1972,Jody,28,11,2.545
1972,Jessie,25,8,3.125
1972,Jackie,23,15,1.533
1972,Leslie,21,75,0.28
1972,Robbie,17,6,2.833
1972,Stacey,14,61,0.23
1972,Casey,12,6,2.0
1972,Kerry,11,15,0.733
1972,Robin,11,70,0.157
1972,Jimmie,10,6,1.667
1972,Marion,8,5,1.6
1972,Tracey,8,28,0.286
1972,Ashley,5,34,0.147
1972,Tommie,5,8,0.625
1973,Michael,717,8,89.625
1973,James,578,8,72.25
1973,David,400,5,80.0
1973,Shawn,126,10,12.6
1973,Terry,93,12,7.75
1973,Shannon,59,114,0.518
1973,Tracy,53,119,0.445
1973,Lee,52,10,5.2
1973,Stacy,40,104,0.385
1973,Jody,33,8,4.125
1973,Kelly,32,90,0.356
1973,Jackie,31,19,1.632
1973,Jamie,26,41,0.634
1973,Casey,22,9,2.444
1973,Leslie,21,65,0.323
1973,Kerry,16,13,1.231
1973,Ashley,14,44,0.318
1973,Stacey,14,56,0.25
1973,Jessie,13,5,2.6
1973,Tracey,9,18,0.5
1973,Courtney,7,7,1.0
1973,Kim,7,14,0.5
1973,Dana,6,63,0.095
1973,Andrea,5,73,0.068
1973,Lesley,5,8,0.625
1973,Robbie,5,5,1.0
1973,Robin,5,61,0.082
1974,Michael,720,7,102.857
1974,Shawn,131,12,10.917
1974,Billy,127,6,21.167
1974,Terry,98,13,7.538
1974,Shannon,70,120,0.583
1974,Lee,42,8,5.25
1974,Tracy,39,124,0.315
1974,Jamie,36,45,0.8
1974,Stacy,32,93,0.344
1974,Casey,24,14,1.714
1974,Jackie,21,13,1.615
1974,Jessie,20,6,3.333
1974,Kelly,20,89,0.225
1974,Jody,19,18,1.056
1974,Micah,16,5,3.2
1974,Kendall,13,5,2.6
1974,Frankie,12,8,1.5
1974,Stacey,12,56,0.214
1974,Courtney,11,22,0.5
1974,Leslie,11,64,0.172
1974,Nakia,11,16,0.688
1974,Tracey,10,22,0.455
1974,Robin,9,69,0.13
1974,Ashley,8,53,0.151
1974,Kerry,8,13,0.615
1974,Shelby,8,6,1.333
1974,Robbie,7,7,1.0
1974,Andrea,6,92,0.065
1974,Carey,6,7,0.857
1974,Brandy,5,71,0.07
1974,Kelley,5,12,0.417
1975,Michael,663,6,110.5
1975,Jason,570,7,81.429
1975,John,370,6,61.667
1975,Brian,244,5,48.8
1975,Shawn,106,12,8.833
1975,Terry,98,7,14.0
1975,Corey,63,8,7.875
1975,Shannon,58,121,0.479
1975,Jamie,47,54,0.87
1975,Jody,33,9,3.667
1975,Lee,28,7,4.0
1975,Casey,27,17,1.588
1975,Kelly,27,81,0.333
1975,Tracy,25,109,0.229
1975,Jackie,24,23,1.043
1975,Stacy,24,103,0.233
1975,Jessie,20,6,3.333
1975,Leslie,16,66,0.242
1975,Nakia,15,12,1.25
1975,Kerry,13,17,0.765
1975,Stacey,10,42,0.238
1975,Courtney,9,44,0.205
1975,Kim,9,11,0.818
1975,Shelby,8,7,1.143
1975,Brandy,5,102,0.049
1975,Johnnie,5,5,1.0
1975,Robin,5,56,0.089
1975,Tracey,5,25,0.2
1976,Jason,642,7,91.714
1976,Michael,612,5,122.4
1976,Bobby,94,5,18.8
1976,Terry,80,10,8.0
1976,Shawn,79,8,9.875
1976,Shannon,69,141,0.489
1976,Corey,65,5,13.0
1976,Jamie,55,172,0.32
1976,Kelly,28,70,0.4
1976,Casey,27,6,4.5
1976,Lee,27,6,4.5
1976,Jody,26,8,3.25
1976,Tracy,24,84,0.286
1976,Jackie,22,11,2.0
1976,Stacy,21,87,0.241
1976,Courtney,18,47,0.383
1976,Micah,16,5,3.2
1976,Leslie,14,64,0.219
1976,Kerry,11,18,0.611
1976,Jimmie,10,5,2.0
1976,Stacey,10,46,0.217
1976,Dana,7,60,0.117
1976,Robin,7,47,0.149
1976,Ashley,6,73,0.082
1976,Andrea,5,81,0.062
1976,Erin,5,51,0.098
1977,Jason,668,7,95.429
1977,Christopher,573,5,114.6
1977,Michael,567,6,94.5
1977,James,547,6,91.167
1977,David,386,5,77.2
1977,Jeremy,385,5,77.0
1977,Shannon,64,122,0.525
1977,Jamie,45,163,0.276
1977,Casey,42,20,2.1
1977,Lee,32,9,3.556
1977,Jody,30,7,4.286
1977,Jessie,26,7,3.714
1977,Courtney,23,39,0.59
1977,Jackie,19,16,1.188
1977,Kelly,19,139,0.137
1977,Ashley,15,107,0.14
1977,Tracy,15,71,0.211
1977,Johnnie,11,5,2.2
1977,Leslie,10,85,0.118
1977,Stacy,9,89,0.101
1977,Andrea,6,131,0.046
1977,Dusty,6,5,1.2
1977,Jaime,6,38,0.158
1977,Kerry,6,16,0.375
1977,Carey,5,9,0.556
1977,Erin,5,65,0.077
1977,Lesley,5,10,0.5
1977,Robin,5,41,0.122
1978,Jason,594,5,118.8
1978,Michael,566,5,113.2
1978,Christopher,550,6,91.667
1978,Ryan,92,6,15.333
1978,Shannon,44,91,0.484
1978,Jamie,39,145,0.269
1978,Cody,36,6,6.0
1978,Casey,32,30,1.067
1978,Courtney,25,48,0.521
1978,Lee,23,10,2.3
1978,Jessie,19,8,2.375
1978,Jackie,15,16,0.938
1978,Tracy,14,68,0.206
1978,Ashley,12,135,0.089
1978,Stacy,10,96,0.104
1978,Kelly,9,126,0.071
1978,Devin,5,10,0.5
1978,Dusty,5,5,1.0
1978,Kerry,5,11,0.455
1978,Leslie,5,80,0.062
1979,Michael,586,6,97.667
1979,Jamie,48,134,0.358
1979,Casey,45,32,1.406
1979,Shannon,34,94,0.362
1979,Jessie,33,5,6.6
1979,Courtney,24,48,0.5
1979,Jody,22,6,3.667
1979,Adrian,20,11,1.818
1979,Kelly,16,88,0.182
1979,Lee,16,13,1.231
1979,Stacy,13,65,0.2
1979,Jordan,12,7,1.714
1979,Leslie,10,83,0.12
1979,Jackie,9,13,0.692
1979,Robin,9,41,0.22
1979,Tracy,9,52,0.173
1979,Ashley,8,158,0.051
1979,Shelby,7,5,1.4
1979,Andrea,5,102,0.049
1979,Aubrey,5,5,1.0
1979,Whitney,5,24,0.208
1980,Michael,597,7,85.286
1980,William,284,5,56.8
1980,Jamie,43,107,0.402
1980,Shannon,34,88,0.386
1980,Casey,30,29,1.034
1980,Lee,30,12,2.5
1980,Courtney,29,81,0.358
1980,Micah,22,11,2.0
1980,Jody,14,9,1.556
1980,Jessie,12,6,2.0
1980,Jackie,11,7,1.571
1980,Kelly,11,81,0.136
1980,Leslie,11,89,0.124
1980,Cortney,10,6,1.667
1980,Kerry,9,6,1.5
1980,Dusty,8,5,1.6
1980,Lynn,8,6,1.333
1980,Stacy,8,68,0.118
1980,Alexis,7,9,0.778
1980,Ashley,7,203,0.034
1980,Jordan,7,9,0.778
1980,Morgan,6,9,0.667
1980,Robin,6,36,0.167
1980,Tracy,6,47,0.128
1981,Michael,512,7,73.143
1981,Christopher,478,5,95.6
1981,Casey,50,41,1.22
1981,Jessie,35,12,2.917
1981,Jordan,30,9,3.333
1981,Jamie,25,125,0.2
1981,Courtney,22,85,0.259
1981,Shannon,22,76,0.289
1981,Dusty,14,6,2.333
1981,Micah,12,7,1.714
1981,Kelly,11,69,0.159
1981,Leslie,11,85,0.129
1981,Christian,9,7,1.286
1981,Stacy,9,44,0.205
1981,Ashley,8,223,0.036
1981,Taylor,8,6,1.333
1981,Tracy,8,35,0.229
1981,Morgan,7,14,0.5
1981,Robbie,7,5,1.4
1981,Whitney,7,31,0.226
1981,Cortney,6,9,0.667
1981,Kerry,5,8,0.625
1981,Robin,5,40,0.125
1982,Christopher,585,6,97.5
1982,Michael,493,6,82.167
1982,Justin,390,5,78.0
1982,Ryan,137,7,19.571
1982,Casey,58,41,1.415
1982,Terry,49,5,9.8
1982,Jordan,35,6,5.833
1982,Courtney,30,103,0.291
1982,Jessie,27,8,3.375
1982,Jamie,24,114,0.211
1982,Shannon,24,58,0.414
1982,Lee,20,6,3.333
1982,Jackie,10,10,1.0
1982,Leslie,9,72,0.125
1982,Jennifer,6,528,0.011
1982,Jimmie,6,6,1.0
1982,Kasey,6,10,0.6
1982,Robin,6,33,0.182
1982,Tracy,6,33,0.182
1982,Andrea,5,123,0.041
1982,Kelly,5,79,0.063
1982,Whitney,5,33,0.152
1983,Christopher,596,5,119.2
1983,Michael,489,5,97.8
1983,Corey,43,5,8.6
1983,Jordan,40,6,6.667
1983,Casey,34,36,0.944
1983,Jamie,34,125,0.272
1983,Lee,26,6,4.333
1983,Jessie,25,7,3.571
1983,Courtney,23,69,0.333
1983,Adrian,19,6,3.167
1983,Micah,16,7,2.286
1983,Shannon,16,49,0.327
1983,Christian,15,6,2.5
1983,Taylor,14,11,1.273
1983,Devin,13,5,2.6
1983,Jackie,10,8,1.25
1983,Kelly,10,71,0.141
1983,Kerry,10,8,1.25
1983,Leslie,8,63,0.127
1983,Morgan,7,23,0.304
1983,Jody,6,6,1.0
1984,Justin,399,5,79.8
1984,Brandon,323,6,53.833
1984,Jason,272,5,54.4
1984,Andrew,159,5,31.8
1984,Casey,49,30,1.633
1984,Jordan,39,13,3.0
1984,Jessie,26,10,2.6
1984,Courtney,24,96,0.25
1984,Colby,19,5,3.8
1984,Devin,18,7,2.571
1984,Taylor,18,13,1.385
1984,Micah,17,9,1.889
1984,Shannon,17,59,0.288
1984,Jamie,15,103,0.146
1984,Christian,13,6,2.167
1984,Morgan,11,19,0.579
1984,Kelly,10,58,0.172
1984,Kerry,10,8,1.25
1984,Tracy,10,31,0.323
1984,Jody,7,6,1.167
1984,Erin,6,69,0.087
1984,Leslie,6,43,0.14
1984,Robin,6,25,0.24
1984,Ashley,5,457,0.011
1984,Cortney,5,11,0.455
1984,Shelby,5,11,0.455
1985,Robert,282,10,28.2
1985,Cody,139,7,19.857
1985,Tyler,93,6,15.5
1985,Jordan,58,16,3.625
1985,Terry,57,7,8.143
1985,Cory,44,5,8.8
1985,Casey,42,28,1.5
1985,Corey,40,5,8.0
1985,Adrian,33,7,4.714
1985,Jessie,29,15,1.933
1985,Courtney,23,80,0.288
1985,Shannon,23,42,0.548
1985,Devin,22,5,4.4
1985,Taylor,21,14,1.5
1985,Jamie,19,109,0.174
1985,Kerry,12,8,1.5
1985,Micah,12,8,1.5
1985,Aubrey,11,5,2.2
1985,Leslie,10,49,0.204
1985,Morgan,10,28,0.357
1985,Christian,9,9,1.0
1985,Dominique,9,33,0.273
1985,Jody,9,8,1.125
1985,Cortney,8,11,0.727
1985,Jackie,7,9,0.778
1985,Shelby,7,8,0.875
1985,Kelly,6,67,0.09
1985,Tracy,6,22,0.273
1985,Whitney,6,94,0.064
1985,Jaime,5,9,0.556
1986,Michael,453,6,75.5
1986,Brandon,343,6,57.167
1986,Ryan,170,7,24.286
1986,Jordan,69,35,1.971
1986,Casey,53,61,0.869
1986,Courtney,25,115,0.217
1986,Jessie,23,16,1.438
1986,Adrian,21,7,3.0
1986,Taylor,21,11,1.909
1986,Jamie,20,104,0.192
1986,Kerry,14,7,2.0
1986,Shannon,13,62,0.21
1986,Kelly,12,41,0.293
1986,Kendall,12,7,1.714
1986,Morgan,10,30,0.333
1986,Tracy,8,22,0.364
1986,Christian,7,7,1.0
1986,Leslie,6,42,0.143
1986,Shelby,6,11,0.545
1986,Ashley,5,553,0.009
1986,Dominique,5,27,0.185
1986,Whitney,5,210,0.024
1987,Christopher,504,6,84.0
1987,Joshua,446,7,63.714
1987,Justin,393,5,78.6
1987,Ryan,210,6,35.0
1987,Jordan,96,41,2.341
1987,Casey,68,63,1.079
1987,Cameron,40,6,6.667
1987,Taylor,31,16,1.938
1987,Micah,26,9,2.889
1987,Devin,25,5,5.0
1987,Courtney,21,120,0.175
1987,Jessie,19,17,1.118
1987,Jamie,17,83,0.205
1987,Adrian,16,7,2.286
1987,Jackie,12,8,1.5
1987,Jody,11,7,1.571
1987,Kelly,8,52,0.154
1987,Morgan,8,39,0.205
1987,Shannon,8,39,0.205
1987,Gabriel,7,6,1.167
1987,Ashley,6,565,0.011
1987,Ashton,5,12,0.417
1987,Brandy,5,54,0.093
1987,Kasey,5,24,0.208
1988,Justin,438,8,54.75
1988,Michael,436,6,72.667
1988,James,385,6,64.167
1988,Cody,212,6,35.333
1988,Tyler,161,6,26.833
1988,Ryan,160,5,32.0
1988,Jordan,85,28,3.036
1988,Casey,47,32,1.469
1988,Taylor,39,30,1.3
1988,Courtney,32,137,0.234
1988,Devin,29,7,4.143
1988,Jessie,29,14,2.071
1988,Micah,17,9,1.889
1988,Adrian,15,6,2.5
1988,Jamie,15,67,0.224
1988,Shannon,14,45,0.311
1988,Christian,13,11,1.182
1988,Jackie,12,7,1.714
1988,Dominique,11,18,0.611
1988,Dallas,10,6,1.667
1988,Gabriel,10,6,1.667
1988,Kelly,9,44,0.205
1988,Morgan,9,47,0.191
1988,Kelsey,8,36,0.222
1988,Tracy,8,15,0.533
1988,Leslie,6,48,0.125
1988,Shelby,6,6,1.0
1988,Kasey,5,29,0.172
1988,Mackenzie,5,8,0.625
1989,Jordan,126,71,1.775
1989,Corey,83,5,16.6
1989,Logan,61,5,12.2
1989,Casey,51,38,1.342
1989,Taylor,48,52,0.923
1989,Shawn,42,5,8.4
1989,Devin,35,8,4.375
1989,Courtney,21,153,0.137
1989,Jessie,21,12,1.75
1989,Micah,20,6,3.333
1989,Adrian,19,5,3.8
1989,Jamie,16,83,0.193
1989,Kelly,14,41,0.341
1989,Christian,13,7,1.857
1989,Shannon,12,37,0.324
1989,Devon,11,6,1.833
1989,Dominique,11,10,1.1
1989,Morgan,11,66,0.167
1989,Tracy,9,9,1.0
1989,Ashton,8,30,0.267
1989,Kelsey,8,81,0.099
1989,Shelby,6,12,0.5
1989,Ashley,5,473,0.011
1989,Madison,5,16,0.312
1990,Tyler,224,6,37.333
1990,Jordan,173,100,1.73
1990,Jesse,94,5,18.8
1990,Taylor,77,78,0.987
1990,Casey,45,36,1.25
1990,Hunter,42,5,8.4
1990,Devin,40,8,5.0
1990,Christian,34,10,3.4
1990,Jessie,28,18,1.556
1990,Dakota,26,6,4.333
1990,Devon,18,8,2.25
1990,Dominique,13,21,0.619
1990,Courtney,12,194,0.062
1990,Shannon,12,27,0.444
1990,Shelby,12,41,0.293
1990,Ashton,11,20,0.55
1990,Kelly,10,30,0.333
1990,Leslie,10,34,0.294
1990,Morgan,10,94,0.106
1990,Micah,9,13,0.692
1990,Jamie,8,84,0.095
1990,Kasey,7,19,0.368
1990,Skylar,7,6,1.167
1990,Andrea,6,74,0.081
1990,Erin,6,42,0.143
1990,Mackenzie,6,7,0.857
1990,Sidney,6,6,1.0
1990,Aubrey,5,11,0.455
1990,Charlie,5,9,0.556
1990,Kelsey,5,99,0.051
1990,Madison,5,33,0.152
1990,Stacy,5,12,0.417
1991,Tyler,298,8,37.25
1991,Ryan,183,8,22.875
1991,Jordan,163,80,2.038
1991,Jesse,90,7,12.857
1991,Taylor,87,107,0.813
1991,Logan,61,5,12.2
1991,Dakota,57,5,11.4
1991,Casey,56,32,1.75
1991,Christian,47,10,4.7
1991,Devin,45,13,3.462
1991,Jessie,25,13,1.923
1991,Dominique,20,19,1.053
1991,Adrian,19,7,2.714
1991,Ashton,17,25,0.68
1991,Courtney,17,164,0.104
1991,Devon,17,7,2.429
1991,Shelby,17,137,0.124
1991,Jamie,15,56,0.268
1991,Morgan,12,89,0.135
1991,Micah,10,7,1.429
1991,Leslie,9,19,0.474
1991,Shannon,9,33,0.273
1991,Tracy,9,16,0.562
1991,Skylar,7,7,1.0
1991,Aubrey,5,5,1.0
1991,Kelly,5,31,0.161
1992,Michael,351,6,58.5
1992,Tyler,350,18,19.444
1992,Ryan,150,7,21.429
1992,Jordan,143,94,1.521
1992,Taylor,96,176,0.545
1992,Dakota,79,9,8.778
1992,Logan,58,7,8.286
1992,Christian,56,18,3.111
1992,Alex,51,6,8.5
1992,Devin,46,8,5.75
1992,Casey,44,31,1.419
1992,Colby,40,6,6.667
1992,Devon,19,7,2.714
1992,Jamie,17,48,0.354
1992,Micah,17,10,1.7
1992,Jessie,15,14,1.071
1992,Shannon,15,25,0.6
1992,Dominique,14,30,0.467
1992,Skyler,14,5,2.8
1992,Courtney,13,138,0.094
1992,Dallas,12,7,1.714
1992,Morgan,12,117,0.103
1992,Shelby,12,146,0.082
1992,Ashton,8,23,0.348
1992,Kelly,8,23,0.348
1992,Payton,8,8,1.0
1992,Chandler,7,6,1.167
1992,Tracy,7,9,0.778
1992,Kaylon,6,5,1.2
1992,London,6,7,0.857
1992,Darian,5,5,1.0
1992,Mackenzie,5,15,0.333
1993,Tyler,325,11,29.545
1993,Dylan,156,7,22.286
1993,Jordan,151,74,2.041
1993,Taylor,112,202,0.554
1993,Hunter,95,8,11.875
1993,Alexander,89,5,17.8
1993,Dakota,86,9,9.556
1993,Jesse,81,5,16.2
1993,Logan,75,12,6.25
1993,Devin,57,5,11.4
1993,Christian,50,24,2.083
1993,Casey,36,26,1.385
1993,Hayden,33,6,5.5
1993,Dallas,26,6,4.333
1993,Jessie,26,6,4.333
1993,Kendall,26,10,2.6
1993,Devon,18,5,3.6
1993,Dominique,17,23,0.739
1993,Adrian,16,5,3.2
1993,Morgan,15,120,0.125
1993,Payton,15,15,1.0
1993,Chandler,14,14,1.0
1993,Shelby,14,125,0.112
1993,Skyler,14,7,2.0
1993,Ashton,11,21,0.524
1993,Jamie,10,47,0.213
1993,Harley,8,5,1.6
1993,Kasey,8,14,0.571
1993,Addison,7,5,1.4
1993,Courtney,7,147,0.048
1993,Kelly,6,18,0.333
1993,Madison,6,84,0.071
1993,Micah,6,10,0.6
1993,Shannon,6,27,0.222
1993,Kelsey,5,118,0.042
1993,Mackenzie,5,12,0.417
1993,Peyton,5,8,0.625
1993,Tracy,5,9,0.556
1994,Tyler,308,18,17.111
1994,Hunter,145,13,11.154
1994,Jordan,143,116,1.233
1994,Dakota,100,7,14.286
1994,Taylor,85,211,0.403
1994,Logan,80,16,5.0
1994,Cameron,79,6,13.167
1994,Devin,77,5,15.4
1994,Alex,70,6,11.667
1994,Christian,66,13,5.077
1994,Hayden,42,6,7.0
1994,Casey,37,29,1.276
1994,Devon,31,6,5.167
1994,Dallas,23,11,2.091
1994,Harley,23,11,2.091
1994,Skyler,22,11,2.0
1994,Jessie,19,6,3.167
1994,Adrian,18,7,2.571
1994,Kendall,17,19,0.895
1994,Riley,16,6,2.667
1994,Morgan,15,156,0.096
1994,Payton,15,12,1.25
1994,Courtney,14,131,0.107
1994,Shelby,13,112,0.116
1994,Ashton,12,31,0.387
1994,Micah,12,14,0.857
1994,Skylar,12,15,0.8
1994,Chandler,11,8,1.375
1994,Sidney,11,13,0.846
1994,Tracy,10,9,1.111
1994,Shannon,9,23,0.391
1994,Justice,7,10,0.7
1994,Angel,6,18,0.333
1994,Dominique,6,21,0.286
1994,Jamie,6,37,0.162
1994,Montana,6,7,0.857
1994,Peyton,6,10,0.6
1994,Bailey,5,56,0.089
1994,Charlie,5,6,0.833
1994,Darian,5,10,0.5
1995,Tyler,314,15,20.933
1995,Hunter,168,14,12.0
1995,Jordan,160,85,1.882
1995,Dakota,146,20,7.3
1995,Logan,110,21,5.238
1995,Christian,96,11,8.727
1995,Alex,78,6,13.0
1995,Taylor,71,180,0.394
1995,Devin,69,6,11.5
1995,Cameron,50,5,10.0
1995,Casey,38,16,2.375
1995,Tristan,37,10,3.7
1995,Devon,33,6,5.5
1995,Chandler,25,14,1.786
1995,Skyler,24,6,4.0
1995,Micah,20,6,3.333
1995,Dallas,19,5,3.8
1995,Gabriel,18,7,2.571
1995,Shelby,18,118,0.153
1995,Payton,16,17,0.941
1995,Jessie,15,17,0.882
1995,Kendall,15,15,1.0
1995,Morgan,14,157,0.089
1995,Shannon,14,20,0.7
1995,Peyton,13,20,0.65
1995,Ashton,10,28,0.357
1995,Skylar,10,17,0.588
1995,Bailey,9,69,0.13
1995,Darian,9,6,1.5
1995,Jamie,9,42,0.214
1995,Justice,9,14,0.643
1995,Dominique,8,15,0.533
1995,Addison,7,6,1.167
1995,Kelly,7,28,0.25
1995,Madison,7,147,0.048
1995,Kasey,6,15,0.4
1995,Avery,5,5,1.0
1995,Sidney,5,21,0.238
1995,Tracy,5,5,1.0
1996,Tyler,323,14,23.071
1996,Hunter,173,8,21.625
1996,Jordan,148,78,1.897
1996,Christian,142,11,12.909
1996,Dakota,128,13,9.846
1996,Logan,112,19,5.895
1996,Tristan,79,7,11.286
1996,Cameron,73,5,14.6
1996,Devin,68,10,6.8
1996,Taylor,64,205,0.312
1996,Alex,53,9,5.889
1996,Hayden,49,6,8.167
1996,Chandler,36,11,3.273
1996,Casey,33,23,1.435
1996,Jessie,24,12,2.0
1996,Micah,23,16,1.438
1996,Skyler,22,9,2.444
1996,Tristen,22,8,2.75
1996,Dallas,17,9,1.889
1996,Bailey,16,78,0.205
1996,Justice,16,13,1.231
1996,Avery,15,7,2.143
1996,Ashton,14,34,0.412
1996,Gabriel,14,6,2.333
1996,Riley,14,9,1.556
1996,Payton,13,27,0.481
1996,Skylar,12,13,0.923
1996,Harley,11,12,0.917
1996,Kendall,11,12,0.917
1996,Morgan,11,137,0.08
1996,Shannon,11,14,0.786
1996,Courtney,10,150,0.067
1996,Peyton,10,26,0.385
1996,Shelby,10,134,0.075
1996,Addison,8,10,0.8
1996,Madison,7,187,0.037
1996,Dominique,6,24,0.25
1996,Jamie,6,42,0.143
1996,Kelly,6,27,0.222
1996,Mackenzie,6,41,0.146
1996,Aubrey,5,10,0.5
1996,Kasey,5,8,0.625
1997,Austin,314,5,62.8
1997,Tyler,282,8,35.25
1997,Hunter,168,15,11.2
1997,Jordan,160,83,1.928
1997,Christian,135,18,7.5
1997,Logan,133,15,8.867
1997,Dakota,115,11,10.455
1997,Cameron,76,8,9.5
1997,Taylor,73,198,0.369
1997,Hayden,53,5,10.6
1997,Tristan,52,8,6.5
1997,Peyton,39,17,2.294
1997,Chandler,34,7,4.857
1997,Gabriel,30,9,3.333
1997,Bailey,29,78,0.372
1997,Dallas,24,5,4.8
1997,Jessie,23,10,2.3
1997,Payton,21,25,0.84
1997,Micah,20,10,2.0
1997,Skylar,20,18,1.111
1997,Casey,19,15,1.267
1997,Riley,18,8,2.25
1997,Skyler,17,9,1.889
1997,Ashton,16,31,0.516
1997,Kendall,15,17,0.882
1997,Justice,13,9,1.444
1997,Harley,12,6,2.0
1997,Morgan,12,132,0.091
1997,Avery,10,11,0.909
1997,Darian,10,5,2.0
1997,Addison,9,9,1.0
1997,Courtney,9,106,0.085
1997,Mackenzie,8,41,0.195
1997,Alexis,7,145,0.048
1997,Angel,7,23,0.304
1997,Jamie,7,38,0.184
1997,Kennedy,7,25,0.28
1997,Robin,7,7,1.0
1997,Shannon,7,21,0.333
1997,Shelby,7,129,0.054
1997,Madison,6,215,0.028
1997,Sidney,6,19,0.316
1997,Aubrey,5,11,0.455
1997,Erin,5,37,0.135
1998,Tyler,234,12,19.5
1998,Jordan,160,99,1.616
1998,Logan,130,19,6.842
1998,Dakota,129,10,12.9
1998,Christian,113,13,8.692
1998,Cameron,105,10,10.5
1998,Alexander,88,6,14.667
1998,Devin,87,8,10.875
1998,Alex,67,5,13.4
1998,Tristan,61,5,12.2
1998,Taylor,52,195,0.267
1998,Hayden,51,10,5.1
1998,Gabriel,49,5,9.8
1998,Spencer,42,8,5.25
1998,Parker,39,5,7.8
1998,Devon,37,5,7.4
1998,Peyton,36,20,1.8
1998,Chandler,29,7,4.143
1998,Payton,29,28,1.036
1998,Dallas,26,11,2.364
1998,Riley,22,10,2.2
1998,Adrian,21,8,2.625
1998,Bailey,21,89,0.236
1998,Casey,20,21,0.952
1998,Tristen,19,5,3.8
1998,Ashton,18,38,0.474
1998,Angel,17,33,0.515
1998,Skyler,17,20,0.85
1998,Kameron,16,6,2.667
1998,Micah,14,12,1.167
1998,Justice,11,9,1.222
1998,Harley,10,7,1.429
1998,Kendall,10,18,0.556
1998,Shelby,10,98,0.102
1998,Morgan,9,117,0.077
1998,Skylar,9,18,0.5
1998,Alexis,8,182,0.044
1998,Jamie,8,34,0.235
1998,Avery,7,14,0.5
1998,Jayden,7,6,1.167
1998,Mackenzie,5,36,0.139
1998,Madison,5,249,0.02
1998,Paris,5,6,0.833
1998,Reagan,5,28,0.179
1998,Sidney,5,24,0.208
1999,Michael,248,5,49.6
1999,Hunter,218,8,27.25
1999,Logan,145,11,13.182
1999,Jordan,134,73,1.836
1999,Christian,123,9,13.667
1999,Cameron,112,21,5.333
1999,Dakota,111,19,5.842
1999,Alexander,82,6,13.667
1999,Hayden,70,9,7.778
1999,Taylor,55,176,0.312
1999,Tristan,49,9,5.444
1999,Gabriel,44,7,6.286
1999,Parker,41,5,8.2
1999,Chandler,37,10,3.7
1999,Adrian,34,5,6.8
1999,Peyton,33,29,1.138
1999,Carson,30,11,2.727
1999,Payton,30,19,1.579
1999,Casey,26,13,2.0
1999,Skyler,24,15,1.6
1999,Bailey,22,92,0.239
1999,Ashton,21,23,0.913
1999,Drew,21,6,3.5
1999,Alexis,19,149,0.128
1999,Dallas,19,6,3.167
1999,Avery,18,22,0.818
1999,Riley,18,25,0.72
1999,Jayden,16,8,2.0
1999,Angel,14,42,0.333
1999,Jaden,14,7,2.0
1999,Jessie,14,9,1.556
1999,Skylar,14,34,0.412
1999,Harley,13,13,1.0
1999,Morgan,13,112,0.116
1999,Micah,12,15,0.8
1999,Tristen,11,6,1.833
1999,Baby,9,8,1.125
1999,Kendall,9,6,1.5
1999,Shelby,9,95,0.095
1999,Shannon,8,10,0.8
1999,Courtney,6,75,0.08
1999,Darian,6,7,0.857
1999,Justice,6,5,1.2
1999,Madison,6,246,0.024
1999,Montana,5,5,1.0
2000,Hunter,219,7,31.286
2000,Tyler,202,7,28.857
2000,Christian,162,10,16.2
2000,Logan,150,16,9.375
2000,Jordan,124,83,1.494
2000,Cameron,123,17,7.235
2000,Ryan,122,6,20.333
2000,Dakota,112,11,10.182
2000,Devin,64,6,10.667
2000,Gabriel,64,8,8.0
2000,Hayden,58,6,9.667
2000,Jesse,56,6,9.333
2000,Taylor,46,150,0.307
2000,Parker,44,6,7.333
2000,Carson,37,7,5.286
2000,Peyton,37,25,1.48
2000,Chandler,32,5,6.4
2000,Payton,30,39,0.769
2000,Riley,29,34,0.853
2000,Adrian,27,6,4.5
2000,Jaden,27,15,1.8
2000,Skyler,27,22,1.227
2000,Kameron,24,6,4.0
2000,Bailey,21,83,0.253
2000,Baby,20,16,1.25
2000,Dallas,20,5,4.0
2000,Alexis,17,177,0.096
2000,Micah,16,15,1.067
2000,Morgan,16,82,0.195
2000,Harley,15,9,1.667
2000,Jayden,14,12,1.167
2000,Ashton,13,28,0.464
2000,Casey,11,13,0.846
2000,Angel,10,33,0.303
2000,Avery,10,20,0.5
2000,Kendall,10,17,0.588
2000,Skylar,10,27,0.37
2000,Jamie,8,17,0.471
2000,Montana,8,5,1.6
2000,Addison,7,21,0.333
2000,Justice,7,7,1.0
2000,Courtney,6,83,0.072
2000,Dominique,6,5,1.2
2000,Jessie,6,8,0.75
2000,Kamryn,5,7,0.714
2000,Paris,5,6,0.833
2000,Reagan,5,23,0.217
2001,Hunter,212,5,42.4
2001,Tyler,199,5,39.8
2001,Logan,151,11,13.727
2001,Christian,131,7,18.714
2001,Cameron,121,18,6.722
2001,Jordan,117,77,1.519
2001,Hayden,102,7,14.571
2001,Dakota,89,9,9.889
2001,Devin,72,7,10.286
2001,Gabriel,71,6,11.833
2001,Carson,66,13,5.077
2001,Colby,51,5,10.2
2001,Payton,41,27,1.519
2001,Peyton,40,20,2.0
2001,Jaden,39,20,1.95
2001,Parker,35,8,4.375
2001,Taylor,34,127,0.268
2001,Chandler,33,5,6.6
2001,Jayden,25,6,4.167
2001,Jaylen,23,5,4.6
2001,Ashton,22,28,0.786
2001,Riley,20,23,0.87
2001,Micah,18,13,1.385
2001,Alexis,17,199,0.085
2001,Jessie,16,7,2.286
2001,Skyler,16,15,1.067
2001,Baby,15,15,1.0
2001,Avery,14,19,0.737
2001,Morgan,14,65,0.215
2001,Kendall,13,14,0.929
2001,Angel,12,43,0.279
2001,Bailey,12,75,0.16
2001,Harley,12,13,0.923
2001,Casey,11,7,1.571
2001,Skylar,11,32,0.344
2001,Jamie,9,8,1.125
2001,Jaiden,7,5,1.4
2001,Shannon,7,15,0.467
2001,Jade,5,17,0.294
2001,Justice,5,10,0.5
2001,Montana,5,7,0.714
2001,Presley,5,8,0.625
2002,Austin,193,6,32.167
2002,Tyler,169,9,18.778
2002,Logan,160,11,14.545
2002,Christian,153,6,25.5
2002,Jordan,125,61,2.049
2002,Cameron,103,15,6.867
2002,Dakota,98,12,8.167
2002,Carson,63,8,7.875
2002,Peyton,44,16,2.75
2002,Riley,42,46,0.913
2002,Jaden,41,17,2.412
2002,Jayden,39,6,6.5
2002,Angel,34,35,0.971
2002,Ashton,30,38,0.789
2002,Chandler,29,6,4.833
2002,Payton,29,27,1.074
2002,Taylor,28,133,0.211
2002,Micah,23,11,2.091
2002,Skyler,21,19,1.105
2002,Jessie,16,8,2.0
2002,Drew,14,5,2.8
2002,Harley,14,27,0.519
2002,Kendall,13,12,1.083
2002,Alexis,11,141,0.078
2002,Avery,11,37,0.297
2002,Baby,11,23,0.478
2002,Justice,11,12,0.917
2002,Skylar,9,31,0.29
2002,Bailey,8,75,0.107
2002,Jamie,8,21,0.381
2002,Casey,7,12,0.583
2002,Reese,6,5,1.2
2002,Sidney,6,9,0.667
2002,Courtney,5,46,0.109
2002,Morgan,5,72,0.069
2003,Logan,166,7,23.714
2003,Hunter,153,6,25.5
2003,Christian,141,6,23.5
2003,Jordan,122,48,2.542
2003,Hayden,117,7,16.714
2003,Cameron,115,9,12.778
2003,Dakota,66,7,9.429
2003,Ashton,59,18,3.278
2003,Carson,59,8,7.375
2003,Jayden,51,27,1.889
2003,Tristan,51,9,5.667
2003,Jaden,47,24,1.958
2003,Angel,33,25,1.32
2003,Micah,30,5,6.0
2003,Taylor,28,118,0.237
2003,Riley,27,50,0.54
2003,Skyler,26,20,1.3
2003,Peyton,25,17,1.471
2003,Payton,22,19,1.158
2003,Casey,19,7,2.714
2003,Avery,17,44,0.386
2003,Skylar,17,38,0.447
2003,Baby,16,11,1.455
2003,Harley,14,15,0.933
2003,Tristen,11,5,2.2
2003,Alexis,10,182,0.055
2003,Bailey,10,73,0.137
2003,Jessie,10,9,1.111
2003,Addison,7,32,0.219
2003,Jaiden,7,8,0.875
2003,Kendall,7,12,0.583
2003,Reese,7,7,1.0
2003,Shannon,7,7,1.0
2003,Charlie,6,6,1.0
2003,Justice,6,10,0.6
2003,Morgan,6,65,0.092
2003,Jadyn,5,14,0.357
2003,Jamie,5,32,0.156
2003,Shelby,5,54,0.093
2004,Logan,165,11,15.0
2004,Dylan,120,5,24.0
2004,Christian,114,6,19.0
2004,Hayden,111,7,15.857
2004,Cameron,101,14,7.214
2004,Jordan,94,60,1.567
2004,Dakota,84,10,8.4
2004,Gabriel,82,7,11.714
2004,Ashton,71,14,5.071
2004,Jayden,69,27,2.556
2004,Carson,60,8,7.5
2004,Devin,56,6,9.333
2004,Jaden,48,22,2.182
2004,Peyton,43,15,2.867
2004,Angel,40,43,0.93
2004,Parker,40,6,6.667
2004,Chandler,36,5,7.2
2004,Payton,36,18,2.0
2004,Skyler,36,16,2.25
2004,Taylor,36,92,0.391
2004,Riley,35,56,0.625
2004,Micah,32,11,2.909
2004,Alexis,27,137,0.197
2004,Grayson,25,5,5.0
2004,Jaylen,24,5,4.8
2004,Avery,21,48,0.438
2004,Baby,19,33,0.576
2004,Morgan,18,67,0.269
2004,Kameron,16,5,3.2
2004,Skylar,14,31,0.452
2004,Jessie,13,7,1.857
2004,Harley,11,16,0.688
2004,Kaiden,11,5,2.2
2004,Jaiden,10,7,1.429
2004,Kayden,9,6,1.5
2004,Reese,9,11,0.818
2004,Jamie,7,17,0.412
2004,Justice,7,5,1.4
2004,Kendall,7,25,0.28
2004,Jaylin,6,6,1.0
2004,Remington,6,5,1.2
2004,Bailey,5,68,0.074
2004,Rylee,5,33,0.152
2004,Shannon,5,8,0.625
2005,Logan,165,9,18.333
2005,Hayden,126,10,12.6
2005,Gabriel,117,5,23.4
2005,Christian,115,5,23.0
2005,Ryan,99,6,16.5
2005,Jordan,95,49,1.939
2005,Jayden,89,21,4.238
2005,Evan,88,6,14.667
2005,Ashton,77,14,5.5
2005,Cameron,72,17,4.235
2005,Dakota,69,18,3.833
2005,Parker,63,5,12.6
2005,Peyton,61,21,2.905
2005,Carson,60,8,7.5
2005,Angel,53,27,1.963
2005,Jaden,50,16,3.125
2005,Riley,50,63,0.794
2005,Ayden,31,5,6.2
2005,Payton,31,17,1.824
2005,Taylor,27,83,0.325
2005,Micah,25,6,4.167
2005,Baby,19,9,2.111
2005,Avery,18,51,0.353
2005,Skyler,18,17,1.059
2005,Jessie,17,7,2.429
2005,Kayden,16,9,1.778
2005,Alexis,14,159,0.088
2005,Morgan,14,56,0.25
2005,Addison,13,45,0.289
2005,Jaiden,12,6,2.0
2005,Kendall,12,23,0.522
2005,Skylar,12,32,0.375
2005,Justice,11,10,1.1
2005,Harley,9,18,0.5
2005,Tristen,9,5,1.8
2005,Courtney,8,23,0.348
2005,Jaylin,6,6,1.0
2005,London,6,7,0.857
2005,Reagan,6,26,0.231
2005,Rylee,6,29,0.207
2005,Shelby,6,60,0.1
2005,Bailey,5,61,0.082
2005,Briley,5,8,0.625
2005,Jadyn,5,15,0.333
2006,Logan,170,13,13.077
2006,Hayden,133,6,22.167
2006,Christian,131,5,26.2
2006,Hunter,119,6,19.833
2006,Tyler,115,5,23.0
2006,Ryan,100,8,12.5
2006,Gabriel,91,7,13.0
2006,Jordan,88,36,2.444
2006,Cameron,85,13,6.538
2006,Dakota,76,23,3.304
2006,Peyton,71,15,4.733
2006,Jayden,68,31,2.194
2006,Aidan,66,6,11.0
2006,Parker,65,5,13.0
2006,Angel,53,28,1.893
2006,Ashton,50,10,5.0
2006,Jaden,45,18,2.5
2006,Riley,36,47,0.766
2006,Payton,26,18,1.444
2006,River,25,5,5.0
2006,Taylor,24,82,0.293
2006,Kayden,23,8,2.875
2006,Micah,23,8,2.875
2006,Avery,20,60,0.333
2006,Alexis,19,156,0.122
2006,Skyler,17,12,1.417
2006,Jaiden,16,6,2.667
2006,Casey,11,5,2.2
2006,Charlie,11,8,1.375
2006,Justice,10,12,0.833
2006,Harley,9,17,0.529
2006,Jamie,8,15,0.533
2006,Jessie,8,5,1.6
2006,Addison,7,111,0.063
2006,London,7,17,0.412
2006,Zion,7,6,1.167
2006,Kendall,6,10,0.6
2006,Morgan,6,65,0.092
2006,Skylar,6,30,0.2
2006,Ali,5,8,0.625
2006,Emerson,5,15,0.333
2006,Kamryn,5,17,0.294
2007,Logan,168,8,21.0
2007,Hayden,139,17,8.176
2007,Jayden,127,48,2.646
2007,Christian,120,6,20.0
2007,Jordan,98,41,2.39
2007,Cameron,90,10,9.0
2007,Peyton,79,35,2.257
2007,Parker,63,14,4.5
2007,Alex,59,7,8.429
2007,Angel,55,34,1.618
2007,Ashton,53,5,10.6
2007,Riley,52,52,1.0
2007,Dakota,46,21,2.19
2007,Jaden,46,23,2.0
2007,Kayden,37,11,3.364
2007,Taylor,33,108,0.306
2007,Grayson,28,6,4.667
2007,Avery,27,66,0.409
2007,Jaiden,26,14,1.857
2007,Micah,24,10,2.4
2007,Payton,23,20,1.15
2007,Alexis,15,124,0.121
2007,Harley,14,19,0.737
2007,Justice,14,15,0.933
2007,Drew,13,5,2.6
2007,Skyler,13,14,0.929
2007,Casey,12,5,2.4
2007,Jessie,12,9,1.333
2007,Morgan,12,46,0.261
2007,Reese,12,26,0.462
2007,Zion,8,5,1.6
2007,Jadyn,7,25,0.28
2007,Kendall,7,20,0.35
2007,Courtney,6,17,0.353
2007,Skylar,6,38,0.158
2007,Camryn,5,11,0.455
2007,London,5,22,0.227
2007,Montana,5,7,0.714
2007,Rylee,5,34,0.147
2008,Logan,145,13,11.154
2008,Jayden,143,34,4.206
2008,Hayden,141,28,5.036
2008,Gabriel,106,7,15.143
2008,Carson,97,8,12.125
2008,Jordan,91,23,3.957
2008,Ryan,82,5,16.4
2008,Peyton,79,50,1.58
2008,Cameron,73,10,7.3
2008,Parker,61,5,12.2
2008,Riley,55,63,0.873
2008,Ashton,54,6,9.0
2008,Jaden,52,9,5.778
2008,Angel,50,24,2.083
2008,Dakota,48,19,2.526
2008,Micah,40,8,5.0
2008,Payton,34,42,0.81
2008,Kayden,33,9,3.667
2008,Taylor,25,88,0.284
2008,Keegan,22,6,3.667
2008,Alexis,18,110,0.164
2008,Avery,16,61,0.262
2008,Reece,16,5,3.2
2008,Chandler,15,5,3.0
2008,Morgan,15,50,0.3
2008,Skyler,15,12,1.25
2008,Harley,14,16,0.875
2008,Charlie,12,12,1.0
2008,River,11,6,1.833
2008,Rylee,11,43,0.256
2008,Jessie,10,8,1.25
2008,Skylar,10,23,0.435
2008,Jaylin,9,7,1.286
2008,Casey,8,5,1.6
2008,Zion,8,8,1.0
2008,Harper,7,13,0.538
2008,London,7,29,0.241
2008,Tristen,7,6,1.167
2008,Kendall,6,18,0.333
2008,Reese,6,22,0.273
2008,Addison,5,162,0.031
2008,Amari,5,17,0.294
2008,Briley,5,10,0.5
2008,Courtney,5,15,0.333
2008,Emerson,5,8,0.625
2008,Kamryn,5,17,0.294
2008,Kasey,5,6,0.833
2008,Lyric,5,7,0.714
2009,Jayden,166,31,5.355
2009,Hayden,112,28,4.0
2009,Tyler,103,5,20.6
2009,Cameron,68,9,7.556
2009,Kayden,68,9,7.556
2009,Jordan,66,26,2.538
2009,Peyton,64,44,1.455
2009,Riley,51,50,1.02
2009,Cayden,44,6,7.333
2009,Jaden,44,13,3.385
2009,Angel,43,23,1.87
2009,Micah,32,9,3.556
2009,Dakota,30,15,2.0
2009,Bentley,21,6,3.5
2009,Payton,21,39,0.538
2009,Skyler,19,12,1.583
2009,Alexis,18,137,0.131
2009,Jaiden,17,7,2.429
2009,River,17,5,3.4
2009,Avery,15,82,0.183
2009,Taylor,14,68,0.206
2009,Skylar,13,13,1.0
2009,Jessie,10,9,1.111
2009,Amari,8,19,0.421
2009,Harley,8,21,0.381
2009,Jaylin,8,8,1.0
2009,Kendall,8,15,0.533
2009,Morgan,8,45,0.178
2009,Finley,7,6,1.167
2009,Reese,7,18,0.389
2009,Rylee,7,37,0.189
2009,Carsyn,6,7,0.857
2009,London,6,33,0.182
2009,Lyric,6,6,1.0
2009,Aubrey,5,75,0.067
2009,Harper,5,31,0.161
2009,Justice,5,5,1.0
2010,Jayden,146,26,5.615
2010,Logan,134,6,22.333
2010,Bentley,97,9,10.778
2010,Jordan,82,16,5.125
2010,Parker,78,10,7.8
2010,Hayden,72,20,3.6
2010,Dylan,69,5,13.8
2010,Cameron,64,6,10.667
2010,Peyton,62,51,1.216
2010,Kayden,52,5,10.4
2010,Riley,51,66,0.773
2010,Angel,46,17,2.706
2010,Dakota,32,13,2.462
2010,Micah,31,8,3.875
2010,Payton,25,50,0.5
2010,Skyler,19,6,3.167
2010,Taylor,19,58,0.328
2010,Avery,18,76,0.237
2010,Jayce,18,5,3.6
2010,Remington,16,5,3.2
2010,River,16,5,3.2
2010,Jaiden,15,10,1.5
2010,Harley,13,18,0.722
2010,Charlie,12,10,1.2
2010,Phoenix,12,9,1.333
2010,Skylar,12,17,0.706
2010,Reese,11,17,0.647
2010,Rowan,10,6,1.667
2010,Jessie,9,9,1.0
2010,Kendall,9,16,0.562
2010,Zion,9,10,0.9
2010,Bentlee,8,6,1.333
2010,Morgan,8,37,0.216
2010,Austyn,7,5,1.4
2010,Harper,7,37,0.189
2010,Jordyn,7,41,0.171
2010,Alexis,6,84,0.071
2010,Amari,6,8,0.75
2010,Emerson,6,16,0.375
2010,Justice,6,7,0.857
2010,London,6,32,0.188
2010,Addison,5,169,0.03
2010,Bailey,5,56,0.089
2011,Jayden,159,26,6.115
2011,Bentley,126,6,21.0
2011,Hunter,113,5,22.6
2011,Hayden,98,23,4.261
2011,Jordan,75,19,3.947
2011,Parker,74,13,5.692
2011,Cameron,72,6,12.0
2011,Peyton,56,40,1.4
2011,Ryder,53,5,10.6
2011,Kayden,50,9,5.556
2011,Riley,44,61,0.721
2011,Ashton,39,5,7.8
2011,Angel,37,20,1.85
2011,Sawyer,35,5,7.0
2011,Jaden,33,5,6.6
2011,Micah,31,8,3.875
2011,Kyler,28,5,5.6
2011,Avery,27,93,0.29
2011,Dakota,26,11,2.364
2011,Jaiden,22,7,3.143
2011,Spencer,21,5,4.2
2011,Charlie,18,12,1.5
2011,Skyler,18,10,1.8
2011,Payton,17,50,0.34
2011,Taylor,17,45,0.378
2011,Dallas,16,7,2.286
2011,Kameron,16,5,3.2
2011,Alexis,15,73,0.205
2011,Phoenix,14,5,2.8
2011,River,12,5,2.4
2011,Harper,11,75,0.147
2011,Amari,9,15,0.6
2011,Harley,9,14,0.643
2011,Channing,7,5,1.4
2011,Finley,7,9,0.778
2011,Morgan,7,31,0.226
2011,Aubrey,6,101,0.059
2011,Elliott,6,8,0.75
2011,Emerson,6,18,0.333
2011,Jessie,6,10,0.6
2011,Kendall,6,11,0.545
2011,Tatum,6,14,0.429
2011,Zion,6,5,1.2
2011,Ellis,5,5,1.0
2011,Jordyn,5,33,0.152
2011,Lyric,5,15,0.333
2011,Quinn,5,8,0.625
2011,Rylee,5,45,0.111
2012,Jayden,134,20,6.7
2012,Bentley,117,8,14.625
2012,Logan,95,6,15.833
2012,Hayden,80,19,4.211
2012,Jordan,80,11,7.273
2012,Carson,71,5,14.2
2012,Dylan,69,6,11.5
2012,Evan,69,6,11.5
2012,Parker,63,14,4.5
2012,Kayden,53,11,4.818
2012,Peyton,49,42,1.167
2012,Sawyer,42,6,7.0
2012,Micah,41,9,4.556
2012,Riley,39,35,1.114
2012,Angel,38,19,2.0
2012,Dakota,27,9,3.0
2012,Jaiden,25,6,4.167
2012,Charlie,24,15,1.6
2012,Channing,15,7,2.143
2012,Amari,13,15,0.867
2012,Landry,13,12,1.083
2012,River,13,9,1.444
2012,Avery,12,78,0.154
2012,Payton,12,31,0.387
2012,Phoenix,12,6,2.0
2012,Tatum,12,14,0.857
2012,Harper,11,118,0.093
2012,Justice,11,7,1.571
2012,Skyler,11,14,0.786
2012,Jessie,10,7,1.429
2012,Bentlee,9,7,1.286
2012,Alexis,8,40,0.2
2012,Taylor,8,38,0.211
2012,Courtney,7,5,1.4
2012,Jordyn,7,27,0.259
2012,Reese,7,25,0.28
2012,Emerson,6,20,0.3
2012,Camryn,5,11,0.455
2012,Elisha,5,5,1.0
2012,Finley,5,9,0.556
2012,Harley,5,10,0.5
2012,Kendall,5,17,0.294
2012,Shiloh,5,9,0.556
2012,Skylar,5,39,0.128
2013,Bentley,129,6,21.5
2013,Jayden,109,23,4.739
2013,Carter,89,6,14.833
2013,Carson,84,8,10.5
2013,Hayden,74,25,2.96
2013,Sawyer,74,9,8.222
2013,Parker,60,22,2.727
2013,Jordan,58,21,2.762
2013,Kayden,54,5,10.8
2013,Angel,48,16,3.0
2013,Peyton,37,51,0.725
2013,Micah,32,5,6.4
2013,Remington,31,5,6.2
2013,Chandler,26,9,2.889
2013,Jaden,26,5,5.2
2013,Riley,23,57,0.404
2013,Dakota,20,11,1.818
2013,Avery,18,98,0.184
2013,Payton,18,34,0.529
2013,River,17,10,1.7
2013,Karter,16,8,2.0
2013,Elliott,14,6,2.333
2013,Alexis,12,51,0.235
2013,Channing,12,6,2.0
2013,Harper,12,98,0.122
2013,Kendall,12,8,1.5
2013,Harley,11,17,0.647
2013,Justice,10,11,0.909
2013,Taylor,9,51,0.176
2013,Landry,8,10,0.8
2013,Reese,8,17,0.471
2013,Rowan,8,5,1.6
2013,Charlie,7,23,0.304
2013,Emory,7,10,0.7
2013,Phoenix,7,11,0.636
2013,Finley,6,17,0.353
2013,Skyler,6,12,0.5
2013,Tatum,6,9,0.667
2013,Amari,5,13,0.385
2013,Emerson,5,26,0.192
2013,Jamie,5,11,0.455
2013,Jaylin,5,6,0.833
2013,Karsyn,5,9,0.556
2014,Logan,121,10,12.1
2014,Hunter,116,5,23.2
2014,Bentley,103,6,17.167
2014,Jayden,98,14,7.0
2014,Kayden,78,5,15.6
2014,Sawyer,69,11,6.273
2014,Ryan,68,7,9.714
2014,Parker,65,21,3.095
2014,Hayden,63,13,4.846
2014,Jordan,55,9,6.111
2014,Peyton,36,34,1.059
2014,River,36,17,2.118
2014,Angel,33,23,1.435
2014,Remington,33,14,2.357
2014,Karter,31,7,4.429
2014,Chandler,28,5,5.6
2014,Avery,27,111,0.243
2014,Kyler,26,5,5.2
2014,Dallas,25,7,3.571
2014,Riley,25,59,0.424
2014,Micah,24,8,3.0
2014,Charlie,23,17,1.353
2014,Dakota,22,8,2.75
2014,Spencer,18,5,3.6
2014,Elliot,15,6,2.5
2014,Elliott,14,12,1.167
2014,Tatum,12,12,1.0
2014,Harley,11,19,0.579
2014,Phoenix,10,10,1.0
2014,Amari,9,13,0.692
2014,Finley,9,21,0.429
2014,Emerson,8,25,0.32
2014,Reese,8,20,0.4
2014,Skyler,8,17,0.471
2014,Justice,7,8,0.875
2014,Landry,7,10,0.7
2014,Harper,6,128,0.047
2014,Keagan,6,5,1.2
2014,Oakley,6,9,0.667
2014,Alexis,5,45,0.111
2014,Aubrey,5,85,0.059
2014,Braelyn,5,9,0.556
2014,Courtney,5,5,1.0
2014,Eden,5,41,0.122
2014,Emery,5,37,0.135
2014,Emory,5,9,0.556
2014,Karsyn,5,15,0.333
2014,Payton,5,27,0.185
2014,Taylor,5,34,0.147
2015,Carter,120,9,13.333
2015,Jayden,99,10,9.9
2015,Logan,94,7,13.429
2015,Bentley,87,5,17.4
2015,Sawyer,75,11,6.818
2015,Hayden,60,15,4.0
2015,Jordan,57,15,3.8
2015,Parker,53,19,2.789
2015,Dylan,47,9,5.222
2015,River,42,13,3.231
2015,Tyler,42,6,7.0
2015,Remington,40,14,2.857
2015,Angel,33,17,1.941
2015,Karter,30,8,3.75
2015,Riley,30,58,0.517
2015,Elliot,28,6,4.667
2015,Micah,28,7,4.0
2015,Dallas,27,12,2.25
2015,Peyton,27,46,0.587
2015,Avery,26,102,0.255
2015,Payton,22,27,0.815
2015,Chandler,21,6,3.5
2015,Dakota,21,10,2.1
2015,Phoenix,20,8,2.5
2015,Charlie,15,17,0.882
2015,Ellis,15,6,2.5
2015,Amari,14,12,1.167
2015,Elliott,13,5,2.6
2015,Channing,11,5,2.2
2015,Rowan,11,10,1.1
2015,Skyler,11,9,1.222
2015,Taylor,11,35,0.314
2015,Sutton,10,13,0.769
2015,Tatum,10,16,0.625
2015,Emerson,9,30,0.3
2015,Finley,9,17,0.529
2015,Briar,7,6,1.167
2015,Morgan,7,25,0.28
2015,Alexis,6,34,0.176
2015,Eden,6,31,0.194
2015,Harley,6,24,0.25
2015,Leighton,6,8,0.75
2015,Lyric,6,24,0.25
2015,Quinn,6,15,0.4
2015,Carsyn,5,6,0.833
2015,Harper,5,121,0.041
2015,Justice,5,11,0.455
2015,Karsyn,5,7,0.714
2015,Kendall,5,19,0.263
2015,Lennox,5,7,0.714
2015,Oakley,5,8,0.625
2015,Reagan,5,29,0.172
2015,Remy,5,5,1.0
2015,Teagan,5,19,0.263
2016,Carter,117,14,8.357
2016,Logan,91,10,9.1
2016,Jayden,83,8,10.375
2016,Parker,70,22,3.182
2016,Sawyer,62,11,5.636
2016,Dylan,52,8,6.5
2016,Maddox,48,6,8.0
2016,River,46,12,3.833
2016,Jordan,44,13,3.385
2016,Hayden,43,10,4.3
2016,Remington,40,17,2.353
2016,Ashton,34,6,5.667
2016,Blake,32,7,4.571
2016,Karter,32,9,3.556
2016,Peyton,28,36,0.778
2016,Angel,27,13,2.077
2016,Rowan,27,17,1.588
2016,Avery,25,86,0.291
2016,Micah,23,6,3.833
2016,Riley,21,78,0.269
2016,Dallas,20,7,2.857
2016,Spencer,20,5,4.0
2016,Charlie,19,20,0.95
2016,Finley,18,22,0.818
2016,Elliot,17,9,1.889
2016,Zion,17,5,3.4
2016,Phoenix,15,13,1.154
2016,Ellis,14,6,2.333
2016,Baylor,13,12,1.083
2016,Chandler,12,7,1.714
2016,Dakota,12,18,0.667
2016,Harley,12,18,0.667
2016,Taylor,12,26,0.462
2016,Payton,11,21,0.524
2016,Skyler,10,9,1.111
2016,Alexis,9,28,0.321
2016,Emerson,9,27,0.333
2016,Sutton,9,13,0.692
2016,Landry,8,14,0.571
2016,Royal,8,6,1.333
2016,Camdyn,7,5,1.4
2016,Justice,7,11,0.636
2016,Carsyn,6,5,1.2
2016,Kendall,6,14,0.429
2016,Leighton,6,9,0.667
2016,Quinn,6,15,0.4
2016,Amari,5,12,0.417
2016,Eden,5,40,0.125
2016,Harper,5,121,0.041
2016,Jessie,5,9,0.556
2016,Kamari,5,7,0.714
2016,Kamryn,5,13,0.385
2016,Oakley,5,10,0.5
2016,Tatum,5,14,0.357
2017,Carter,119,10,11.9
2017,Logan,106,11,9.636
2017,Sawyer,92,24,3.833
2017,Jayden,68,5,13.6
2017,Parker,49,23,2.13
2017,Jordan,47,7,6.714
2017,Hayden,45,15,3.0
2017,Ryan,45,6,7.5
2017,River,41,24,1.708
2017,Karter,38,5,7.6
2017,Rowan,37,15,2.467
2017,Wesley,36,5,7.2
2017,Micah,34,10,3.4
2017,Angel,29,5,5.8
2017,Remington,28,14,2.0
2017,Elliott,24,9,2.667
2017,Riley,24,45,0.533
2017,Dallas,23,10,2.3
2017,Peyton,23,36,0.639
2017,Dakota,22,13,1.692
2017,Avery,20,76,0.263
2017,Blake,20,7,2.857
2017,Phoenix,19,8,2.375
2017,Charlie,18,19,0.947
2017,Chandler,17,6,2.833
2017,Ellis,14,5,2.8
2017,Jaylen,12,5,2.4
2017,Briar,10,10,1.0
2017,Finley,10,31,0.323
2017,Sutton,10,6,1.667
2017,Alexis,9,19,0.474
2017,Amari,9,11,0.818
2017,Baylor,9,5,1.8
2017,Lennox,8,7,1.143
2017,Oakley,8,20,0.4
2017,Payton,8,13,0.615
2017,Tatum,8,11,0.727
2017,Emerson,7,30,0.233
2017,Harley,7,13,0.538
2017,Jessie,7,5,1.4
2017,Justice,7,9,0.778
2017,Kendall,7,10,0.7
2017,Skyler,7,9,0.778
2017,Taylor,7,37,0.189
2017,Harper,6,141,0.043
2017,Reese,6,14,0.429
2017,Skylar,6,49,0.122
2017,Eden,5,26,0.192
2017,Jamie,5,8,0.625
2017,Landry,5,15,0.333
2017,Leighton,5,13,0.385
2017,Morgan,5,15,0.333
2017,Quinn,5,21,0.238
2018,Carter,102,10,10.2
2018,Logan,92,10,9.2
2018,Sawyer,88,26,3.385
2018,Bentley,64,5,12.8
2018,Dylan,60,6,10.0
2018,Ezra,51,8,6.375
2018,Parker,46,18,2.556
2018,River,45,20,2.25
2018,Angel,42,6,7.0
2018,Ryan,41,8,5.125
2018,Hayden,38,10,3.8
2018,Rowan,35,21,1.667
2018,Remington,33,9,3.667
2018,Karter,25,5,5.0
2018,Elliott,23,11,2.091
2018,Avery,22,78,0.282
2018,Blake,22,7,3.143
2018,Micah,22,6,3.667
2018,Chandler,21,7,3.0
2018,Dakota,20,12,1.667
2018,Amari,19,8,2.375
2018,Dallas,18,9,2.0
2018,Spencer,16,7,2.286
2018,Phoenix,15,11,1.364
2018,Baylor,14,7,2.0
2018,Denver,14,5,2.8
2018,Elliot,14,5,2.8
2018,Peyton,14,33,0.424
2018,Charlie,12,21,0.571
2018,Emerson,11,19,0.579
2018,Oakley,11,13,0.846
2018,Finley,10,23,0.435
2018,Kamdyn,10,5,2.0
2018,Lennox,9,5,1.8
2018,Riley,9,58,0.155
2018,Tatum,9,13,0.692
2018,Briar,8,6,1.333
2018,Harley,8,19,0.421
2018,Sage,8,7,1.143
2018,Landry,7,8,0.875
2018,Oaklee,7,8,0.875
2018,Payton,7,19,0.368
2018,Taylor,7,19,0.368
2018,Eden,6,28,0.214
2018,Kendall,6,11,0.545
2018,Skyler,6,8,0.75
2018,Armani,5,9,0.556
2018,Jessie,5,5,1.0
2018,Nova,5,49,0.102
2018,Quinn,5,16,0.312
2018,Reagan,5,33,0.152
2018,Skylar,5,43,0.116
2019,Noah,156,5,31.2
2019,Carter,92,10,9.2
2019,Logan,91,14,6.5
2019,Sawyer,76,18,4.222
2019,River,53,21,2.524
2019,Ezra,52,5,10.4
2019,Rowan,45,19,2.368
2019,Dylan,44,6,7.333
2019,Remington,41,12,3.417
2019,Micah,40,9,4.444
2019,Cameron,38,7,5.429
2019,Hayden,33,9,3.667
2019,Jordan,32,9,3.556
2019,Parker,32,30,1.067
2019,Dallas,25,6,4.167
2019,Avery,24,74,0.324
2019,Angel,23,7,3.286
2019,Peyton,19,22,0.864
2019,Denver,18,6,3.0
2019,Dakota,15,10,1.5
2019,Phoenix,15,12,1.25
2019,Blake,14,7,2.0
2019,Chandler,14,6,2.333
2019,Charlie,14,24,0.583
2019,Elliott,14,15,0.933
2019,Briar,12,5,2.4
2019,Finley,12,22,0.545
2019,Oakley,12,23,0.522
2019,Riley,12,58,0.207
2019,Amari,11,9,1.222
2019,Emerson,11,20,0.55
2019,Sutton,11,16,0.688
2019,Harley,9,21,0.429
2019,Justice,8,7,1.143
2019,Lennox,8,5,1.6
2019,Eden,7,25,0.28
2019,Kamdyn,7,6,1.167
2019,Sage,7,9,0.778
2019,Tatum,7,11,0.636
2019,Armani,6,5,1.2
2019,Harper,6,108,0.056
2019,Jessie,6,6,1.0
2019,Kamryn,6,7,0.857
2019,Karsyn,6,5,1.2
2019,Landry,6,10,0.6
2019,Remy,6,11,0.545
2019,Rory,6,7,0.857
2019,Taylor,6,23,0.261
2019,Campbell,5,5,1.0
2019,Carsyn,5,6,0.833
2019,Kamari,5,9,0.556
2020,Noah,138,5,27.6
2020,Carter,84,8,10.5
2020,Logan,69,15,4.6
2020,River,52,20,2.6
2020,Carson,47,9,5.222
2020,Parker,47,31,1.516
2020,Karter,41,5,8.2
2020,Jordan,40,8,5.0
2020,Sawyer,39,16,2.438
2020,Rowan,37,11,3.364
2020,Hayden,34,9,3.778
2020,Ryan,33,5,6.6
2020,Remington,30,10,3.0
2020,Baylor,25,11,2.273
2020,Phoenix,21,10,2.1
2020,Angel,20,15,1.333
2020,Dallas,20,10,2.0
2020,Elliot,20,7,2.857
2020,Peyton,20,16,1.25
2020,Elliott,19,9,2.111
2020,Spencer,18,9,2.0
2020,Avery,16,81,0.198
2020,Briar,16,7,2.286
2020,Denver,16,9,1.778
2020,Ellis,15,8,1.875
2020,Oakley,15,24,0.625
2020,Riley,15,45,0.333
2020,Sutton,15,19,0.789
2020,Blake,14,8,1.75
2020,Finley,14,17,0.824
2020,Emerson,13,28,0.464
2020,Lennox,13,7,1.857
2020,Dakota,12,14,0.857
2020,Chandler,11,7,1.571
2020,Charlie,11,34,0.324
2020,Amari,10,29,0.345
2020,Tatum,10,14,0.714
2020,Karsyn,9,7,1.286
2020,Lennon,8,12,0.667
2020,Morgan,8,11,0.727
2020,Reese,8,24,0.333
2020,Ariel,7,16,0.438
2020,Justice,7,6,1.167
2020,Skyler,7,5,1.4
2020,Taylor,7,8,0.875
2020,Alexis,6,12,0.5
2020,Aspen,6,19,0.316
2020,Hollis,6,5,1.2
2020,Shiloh,6,13,0.462
2020,Eden,5,25,0.2
2020,Genesis,5,33,0.152
2020,Kadence,5,9,0.556
2020,Landry,5,16,0.312
2020,London,5,18,0.278
2020,Quinn,5,10,0.5
2021,Noah,137,5,27.4
2021,Carter,80,9,8.889
2021,River,76,27,2.815
2021,Logan,64,10,6.4
2021,Jasper,55,6,9.167
2021,Ezra,50,5,10.0
2021,Parker,50,39,1.282
2021,Sawyer,50,14,3.571
2021,Rowan,46,16,2.875
2021,Hunter,45,6,7.5
2021,Remington,38,13,2.923
2021,Angel,30,11,2.727
2021,Jordan,29,5,5.8
2021,Hayden,25,7,3.571
2021,Dallas,24,5,4.8
2021,Elliott,23,12,1.917
2021,Micah,23,12,1.917
2021,Baylor,19,6,3.167
2021,Dakota,19,14,1.357
2021,Riley,19,32,0.594
2021,Phoenix,18,14,1.286
2021,Charlie,17,23,0.739
2021,Tatum,16,25,0.64
2021,Denver,15,8,1.875
2021,Ellis,15,13,1.154
2021,Avery,13,76,0.171
2021,Briar,13,6,2.167
2021,Peyton,13,21,0.619
2021,Sutton,13,20,0.65
2021,Amari,12,15,0.8
2021,Finley,12,18,0.667
2021,Kamari,12,6,2.0
2021,Armani,10,6,1.667
2021,Blake,10,8,1.25
2021,Emerson,10,27,0.37
2021,Oakley,10,34,0.294
2021,Harley,9,21,0.429
2021,Reese,9,23,0.391
2021,Sage,9,13,0.692
2021,Lennox,8,7,1.143
2021,Nova,8,72,0.111
2021,Taylor,8,15,0.533
2021,Morgan,7,14,0.5
2021,Ariel,6,15,0.4
2021,Bellamy,6,5,1.2
2021,Chandler,6,11,0.545
2021,Karsyn,6,8,0.75
2021,Alexis,5,6,0.833
2021,Genesis,5,39,0.128
2021,Leighton,5,16,0.312
2021,Reign,5,14,0.357
2021,Rory,5,6,0.833
2021,Salem,5,10,0.5
