YOB,Name,mFrequency,fFrequency,mForF
1912,Guadalupe,5,6,0.833
1915,Guadalupe,7,7,1.0
1916,Francis,11,6,1.833
1916,Guadalupe,11,7,1.571
1916,Lupe,6,26,0.231
1916,Marion,5,7,0.714
1917,Guadalupe,12,19,0.632
1917,Refugio,8,5,1.6
1917,Cruz,5,8,0.625
1918,Lupe,11,48,0.229
1918,Francis,10,6,1.667
1918,Cruz,5,8,0.625
1919,Lupe,9,27,0.333
1919,Guadalupe,7,13,0.538
1919,Cruz,6,12,0.5
1919,Trinidad,6,5,1.2
1920,Cruz,11,5,2.2
1920,Guadalupe,8,19,0.421
1920,Trinidad,8,6,1.333
1920,Francis,7,5,1.4
1920,Dolores,5,25,0.2
1920,Marion,5,9,0.556
1920,Refugio,5,8,0.625
1920,Willie,5,5,1.0
1921,Cruz,7,10,0.7
1921,Lupe,6,43,0.14
1921,Trinidad,6,7,0.857
1921,Guadalupe,5,17,0.294
1921,Refugio,5,5,1.0
1922,Jesus,41,7,5.857
1922,Francis,11,5,2.2
1922,Guadalupe,9,13,0.692
1922,Cruz,7,6,1.167
1922,Dolores,5,26,0.192
1922,Jessie,5,21,0.238
1923,Refugio,7,5,1.4
1923,Billie,6,7,0.857
1923,Francis,6,5,1.2
1923,Marion,6,5,1.2
1923,Cruz,5,12,0.417
1923,Guadalupe,5,18,0.278
1924,Guadalupe,12,26,0.462
1924,Francis,8,5,1.6
1924,Marion,8,9,0.889
1924,Lupe,7,38,0.184
1924,Billie,6,9,0.667
1924,Jessie,6,29,0.207
1924,Dolores,5,39,0.128
1925,Guadalupe,10,19,0.526
1925,Marion,8,8,1.0
1925,Cruz,6,5,1.2
1925,Jessie,5,24,0.208
1925,Lupe,5,34,0.147
1926,Francis,13,6,2.167
1926,Cruz,8,8,1.0
1926,Refugio,8,5,1.6
1926,Trinidad,6,7,0.857
1926,Guadalupe,5,22,0.227
1926,Lupe,5,44,0.114
1927,Jesus,67,6,11.167
1927,Billie,12,11,1.091
1927,Willie,10,5,2.0
1927,Guadalupe,6,27,0.222
1928,Jesus,72,6,12.0
1928,Marion,9,7,1.286
1928,Billie,8,8,1.0
1928,Lupe,8,21,0.381
1928,Guadalupe,6,36,0.167
1929,Francis,13,6,2.167
1929,Cruz,10,10,1.0
1929,Billie,9,25,0.36
1929,Lupe,7,37,0.189
1929,Guadalupe,6,16,0.375
1930,Joe,122,5,24.4
1930,Jose,102,5,20.4
1930,Jesus,74,5,14.8
1930,Johnnie,12,5,2.4
1930,Lupe,10,28,0.357
1930,Guadalupe,8,13,0.615
1930,Billie,5,11,0.455
1930,Dolores,5,56,0.089
1930,Jessie,5,22,0.227
1930,Marion,5,8,0.625
1931,Guadalupe,9,13,0.692
1931,Lupe,8,19,0.421
1931,Billie,7,23,0.304
1931,Cruz,5,11,0.455
1932,Lupe,8,26,0.308
1932,Jessie,5,9,0.556
1933,Billie,5,11,0.455
1933,Jackie,5,6,0.833
1933,Lupe,5,15,0.333
1934,Terry,8,6,1.333
1935,Jackie,8,5,1.6
1935,Billie,6,23,0.261
1935,Guadalupe,6,9,0.667
1935,Mary,6,310,0.019
1935,Pat,6,9,0.667
1935,Frankie,5,6,0.833
1935,Lupe,5,22,0.227
1936,Jerry,52,5,10.4
1936,Jessie,6,8,0.75
1936,Billie,5,10,0.5
1937,Terry,11,7,1.571
1937,Frankie,7,5,1.4
1937,Jessie,6,12,0.5
1937,Billie,5,8,0.625
1937,Jackie,5,10,0.5
1938,Pat,9,25,0.36
1938,Jackie,8,8,1.0
1939,Jackie,7,7,1.0
1939,Lupe,7,28,0.25
1939,Terry,7,5,1.4
1939,Lynn,6,5,1.2
1940,Jerry,77,7,11.0
1940,Terry,14,9,1.556
1940,Lynn,8,6,1.333
1940,Billie,6,19,0.316
1940,Jessie,6,17,0.353
1940,Marion,5,6,0.833
1941,Lee,23,5,4.6
1941,Terry,17,5,3.4
1941,Willie,15,5,3.0
1941,Jackie,14,5,2.8
1941,Guadalupe,7,12,0.583
1941,Johnnie,6,6,1.0
1941,Pat,6,12,0.5
1941,Billie,5,17,0.294
1942,Terry,13,9,1.444
1942,Jessie,7,17,0.412
1942,Lynn,7,7,1.0
1942,Pat,6,20,0.3
1942,Marion,5,7,0.714
1943,Jerry,111,6,18.5
1943,Michael,102,5,20.4
1943,Terry,20,10,2.0
1943,Frankie,15,7,2.143
1943,Leslie,12,7,1.714
1943,Jackie,8,9,0.889
1943,Francis,6,5,1.2
1943,Guadalupe,6,12,0.5
1943,Jessie,6,21,0.286
1943,Pat,5,10,0.5
1944,Terry,17,14,1.214
1944,Leslie,13,9,1.444
1944,Pat,10,14,0.714
1944,Guadalupe,9,14,0.643
1944,Jackie,8,10,0.8
1944,Lupe,6,33,0.182
1944,Lynn,6,10,0.6
1945,Terry,31,16,1.938
1945,Leslie,17,6,2.833
1945,Jackie,8,8,1.0
1945,Lynn,6,10,0.6
1945,Frankie,5,7,0.714
1945,Lupe,5,29,0.172
1946,Terry,52,16,3.25
1946,Dale,18,5,3.6
1946,Jackie,11,13,0.846
1946,Lynn,7,5,1.4
1946,Guadalupe,6,22,0.273
1946,Johnnie,6,5,1.2
1946,Jessie,5,16,0.312
1946,Leslie,5,7,0.714
1946,Lupe,5,33,0.152
1947,Terry,50,19,2.632
1947,Lee,20,6,3.333
1947,Leslie,16,15,1.067
1947,Francis,12,5,2.4
1947,Cruz,9,5,1.8
1947,Jackie,6,5,1.2
1947,Jessie,6,14,0.429
1947,Guadalupe,5,38,0.132
1947,Pat,5,14,0.357
1948,Terry,56,28,2.0
1948,Dale,25,5,5.0
1948,Leslie,11,15,0.733
1948,Lynn,10,14,0.714
1948,Jackie,9,8,1.125
1948,Pat,8,8,1.0
1948,Jessie,7,22,0.318
1948,Guadalupe,6,30,0.2
1948,Lupe,5,26,0.192
1949,Terry,50,31,1.613
1949,Leslie,15,16,0.938
1949,Jackie,13,7,1.857
1949,Guadalupe,7,30,0.233
1949,Jan,7,12,0.583
1950,Terry,45,18,2.5
1950,Lee,28,6,4.667
1950,Leslie,20,17,1.176
1950,Willie,12,5,2.4
1950,Guadalupe,10,28,0.357
1950,Jackie,10,6,1.667
1950,Robin,9,14,0.643
1950,Jessie,6,18,0.333
1950,Lynn,6,24,0.25
1950,Lupe,5,23,0.217
1951,Terry,55,28,1.964
1951,Leslie,20,17,1.176
1951,Lee,18,10,1.8
1951,Lynn,15,20,0.75
1951,Dana,9,6,1.5
1951,Kim,8,5,1.6
1951,Chris,7,5,1.4
1951,Guadalupe,7,35,0.2
1951,Jackie,7,9,0.778
1951,Jessie,5,16,0.312
1951,Robin,5,14,0.357
1951,Sandy,5,5,1.0
1952,Terry,60,34,1.765
1952,Dale,40,8,5.0
1952,Lee,31,11,2.818
1952,Leslie,22,27,0.815
1952,Kim,15,10,1.5
1952,Lynn,15,19,0.789
1952,Guadalupe,13,40,0.325
1952,Jessie,11,12,0.917
1952,Jackie,9,12,0.75
1952,Dana,8,8,1.0
1952,Kelly,8,6,1.333
1952,Billie,5,11,0.455
1952,Robin,5,16,0.312
1953,Terry,57,37,1.541
1953,Lee,20,5,4.0
1953,Chris,18,5,3.6
1953,Leslie,14,20,0.7
1953,Jessie,13,10,1.3
1953,Kim,12,15,0.8
1953,Guadalupe,9,35,0.257
1953,Jackie,9,13,0.692
1953,Kelly,9,5,1.8
1953,Lynn,9,32,0.281
1953,Dana,8,7,1.143
1953,Robin,6,37,0.162
1953,Tracy,5,5,1.0
1954,Terry,74,47,1.574
1954,Lee,33,9,3.667
1954,Kim,22,10,2.2
1954,Leslie,19,28,0.679
1954,Jessie,14,10,1.4
1954,Robin,14,38,0.368
1954,Lynn,12,18,0.667
1954,Jackie,10,17,0.588
1954,Kelly,9,10,0.9
1954,Guadalupe,8,36,0.222
1954,Tracy,6,9,0.667
1955,Terry,73,39,1.872
1955,Lee,29,10,2.9
1955,Leslie,22,34,0.647
1955,Francis,18,5,3.6
1955,Kelly,16,8,2.0
1955,Kim,15,35,0.429
1955,Chris,13,5,2.6
1955,Robin,13,44,0.295
1955,Jackie,12,18,0.667
1955,Jessie,12,10,1.2
1955,Lynn,10,32,0.312
1955,Guadalupe,7,27,0.259
1955,Lupe,5,19,0.263
1955,Tracy,5,8,0.625
1956,Terry,93,48,1.938
1956,Robin,25,53,0.472
1956,Chris,24,5,4.8
1956,Dana,20,22,0.909
1956,Willie,20,5,4.0
1956,Francis,19,5,3.8
1956,Kim,17,49,0.347
1956,Lee,17,12,1.417
1956,Leslie,17,41,0.415
1956,Kerry,15,7,2.143
1956,Tracy,10,14,0.714
1956,Jackie,9,21,0.429
1956,Jessie,9,12,0.75
1956,Kelly,9,16,0.562
1956,Guadalupe,8,31,0.258
1956,Dee,5,5,1.0
1956,Lynn,5,36,0.139
1957,Terry,77,39,1.974
1957,Lee,28,11,2.545
1957,Chris,26,6,4.333
1957,Kelly,20,27,0.741
1957,Tracy,17,25,0.68
1957,Robin,16,58,0.276
1957,Leslie,15,63,0.238
1957,Guadalupe,14,30,0.467
1957,Jessie,14,15,0.933
1957,Rene,13,7,1.857
1957,Dana,12,15,0.8
1957,Marty,11,7,1.571
1957,Kerry,10,8,1.25
1957,Kim,10,56,0.179
1957,Marion,9,7,1.286
1957,Billie,6,13,0.462
1957,Jackie,6,18,0.333
1957,Jody,6,18,0.333
1957,Lupe,6,21,0.286
1957,Shawn,5,6,0.833
1958,Terry,99,57,1.737
1958,Lee,38,11,3.455
1958,Chris,35,19,1.842
1958,Pat,22,11,2.0
1958,Robin,21,59,0.356
1958,Kelly,18,42,0.429
1958,Jessie,17,10,1.7
1958,Leslie,17,51,0.333
1958,Tracy,16,20,0.8
1958,Dana,13,16,0.812
1958,Guadalupe,11,28,0.393
1958,Shawn,11,7,1.571
1958,Lynn,10,30,0.333
1958,Jackie,8,24,0.333
1958,Rene,8,8,1.0
1958,Kerry,7,6,1.167
1958,Lupe,7,25,0.28
1958,Shannon,6,19,0.316
1958,Cruz,5,6,0.833
1958,Kim,5,68,0.074
1959,Terry,92,65,1.415
1959,Chris,59,13,4.538
1959,Lee,36,12,3.0
1959,Kelly,20,77,0.26
1959,Tracy,19,32,0.594
1959,Jessie,18,11,1.636
1959,Dana,15,22,0.682
1959,Pat,14,14,1.0
1959,Rene,14,9,1.556
1959,Robin,13,58,0.224
1959,Jackie,10,21,0.476
1959,Leslie,10,54,0.185
1959,Guadalupe,9,20,0.45
1959,Kerry,9,5,1.8
1959,Jody,8,7,1.143
1959,Kim,7,69,0.101
1959,Shannon,7,16,0.438
1959,Jamie,6,21,0.286
1959,Lynn,6,36,0.167
1959,Lupe,5,24,0.208
1959,Marion,5,5,1.0
1960,Joe,132,5,26.4
1960,Terry,94,52,1.808
1960,Chris,60,14,4.286
1960,Kelly,29,88,0.33
1960,Lee,29,10,2.9
1960,Tracy,24,46,0.522
1960,Leslie,22,43,0.512
1960,Jody,17,14,1.214
1960,Kerry,17,10,1.7
1960,Shawn,17,11,1.545
1960,Rene,16,11,1.455
1960,Dana,15,23,0.652
1960,Kim,13,86,0.151
1960,Lynn,12,43,0.279
1960,Pat,12,9,1.333
1960,Robin,12,89,0.135
1960,Jackie,10,20,0.5
1960,Jessie,10,11,0.909
1960,Guadalupe,9,32,0.281
1961,William,282,5,56.4
1961,Terry,87,44,1.977
1961,Chris,84,14,6.0
1961,Tracy,30,57,0.526
1961,Kelly,28,93,0.301
1961,Lee,25,15,1.667
1961,Shawn,23,11,2.091
1961,Angel,22,12,1.833
1961,Rene,22,14,1.571
1961,Robin,20,87,0.23
1961,Leslie,15,46,0.326
1961,Jessie,14,11,1.273
1961,Kerry,11,19,0.579
1961,Guadalupe,9,27,0.333
1961,Lynn,7,42,0.167
1961,Pat,7,8,0.875
1961,Dana,6,26,0.231
1961,Allison,5,10,0.5
1961,Jackie,5,34,0.147
1961,Kim,5,82,0.061
1961,Lupe,5,37,0.135
1962,Michael,603,5,120.6
1962,Chris,75,10,7.5
1962,Terry,73,43,1.698
1962,Kelly,34,119,0.286
1962,Shawn,30,9,3.333
1962,Tracy,30,57,0.526
1962,Rene,23,19,1.211
1962,Dana,15,26,0.577
1962,Angel,14,8,1.75
1962,Leslie,14,50,0.28
1962,Pat,14,9,1.556
1962,Kerry,12,8,1.5
1962,Robin,12,97,0.124
1962,Frankie,11,6,1.833
1962,Jessie,10,7,1.429
1962,Guadalupe,8,24,0.333
1962,Jackie,7,32,0.219
1962,Kim,6,84,0.071
1962,Lynn,6,36,0.167
1962,Mickey,5,5,1.0
1963,Terry,82,40,2.05
1963,Chris,53,21,2.524
1963,Kelly,35,105,0.333
1963,Rene,29,12,2.417
1963,Tracy,29,67,0.433
1963,Lee,25,7,3.571
1963,Shawn,20,9,2.222
1963,Angel,19,5,3.8
1963,Leslie,13,69,0.188
1963,Lynn,12,31,0.387
1963,Robin,12,73,0.164
1963,Kerry,10,10,1.0
1963,Dana,8,41,0.195
1963,Jessie,8,5,1.6
1963,Jackie,7,30,0.233
1963,Jody,7,15,0.467
1963,Guadalupe,6,21,0.286
1963,Shannon,6,35,0.171
1963,Jamie,5,23,0.217
1963,Kim,5,69,0.072
1963,Marion,5,7,0.714
1964,Michael,606,7,86.571
1964,Robert,554,6,92.333
1964,Terry,68,27,2.519
1964,Chris,61,7,8.714
1964,Shawn,49,13,3.769
1964,Rene,29,8,3.625
1964,Kelly,26,103,0.252
1964,Leslie,21,44,0.477
1964,Angel,17,5,3.4
1964,Jessie,17,9,1.889
1964,Lee,16,8,2.0
1964,Tracy,15,67,0.224
1964,Dana,12,38,0.316
1964,Jamie,12,24,0.5
1964,Pat,12,5,2.4
1964,Robin,10,81,0.123
1964,Guadalupe,9,12,0.75
1964,Kerry,8,8,1.0
1964,Jody,6,14,0.429
1964,Lynn,6,29,0.207
1964,Marion,6,7,0.857
1964,Shannon,6,37,0.162
1964,Jackie,5,25,0.2
1964,Kim,5,71,0.07
1964,Stacy,5,41,0.122
1964,Tracey,5,29,0.172
1965,Thomas,209,5,41.8
1965,Chris,59,8,7.375
1965,Shawn,51,20,2.55
1965,Terry,49,24,2.042
1965,Lee,25,9,2.778
1965,Rene,22,18,1.222
1965,Kelly,21,106,0.198
1965,Tracy,21,77,0.273
1965,Shannon,19,41,0.463
1965,Jessie,17,10,1.7
1965,Frankie,16,6,2.667
1965,Leslie,15,39,0.385
1965,Dana,13,36,0.361
1965,Guadalupe,10,22,0.455
1965,Jackie,9,25,0.36
1965,Stacy,9,29,0.31
1965,Jamie,7,17,0.412
1965,Jody,7,20,0.35
1965,Lynn,7,23,0.304
1965,Robin,7,73,0.096
1965,Kris,6,12,0.5
1965,Kim,5,76,0.066
1966,Michael,552,7,78.857
1966,Shawn,59,11,5.364
1966,Chris,56,10,5.6
1966,Terry,50,27,1.852
1966,Kelly,31,92,0.337
1966,Lee,22,8,2.75
1966,Rene,21,8,2.625
1966,Tracy,16,76,0.211
1966,Jamie,12,24,0.5
1966,Shannon,12,40,0.3
1966,Dana,10,28,0.357
1966,Jackie,8,22,0.364
1966,Jessie,8,6,1.333
1966,Jody,8,16,0.5
1966,Guadalupe,6,28,0.214
1966,Lupe,6,9,0.667
1966,Leslie,5,40,0.125
1967,Shawn,59,14,4.214
1967,Terry,52,17,3.059
1967,Chris,51,6,8.5
1967,Rene,44,9,4.889
1967,Kelly,30,85,0.353
1967,Lee,22,5,4.4
1967,Tracy,22,69,0.319
1967,Stacy,14,44,0.318
1967,Leslie,12,39,0.308
1967,Shannon,12,44,0.273
1967,Guadalupe,9,19,0.474
1967,Lynn,8,24,0.333
1967,Kerry,7,12,0.583
1967,Dana,5,28,0.179
1967,Jamie,5,31,0.161
1967,Jody,5,13,0.385
1967,Robin,5,44,0.114
1967,Stacey,5,43,0.116
1968,Michael,619,9,68.778
1968,Shawn,67,21,3.19
1968,Terry,54,20,2.7
1968,Kelly,34,111,0.306
1968,Rene,31,13,2.385
1968,Lee,21,8,2.625
1968,Angel,15,6,2.5
1968,Shannon,15,79,0.19
1968,Jessie,14,6,2.333
1968,Jody,14,15,0.933
1968,Tracy,13,92,0.141
1968,Guadalupe,12,20,0.6
1968,Stacy,10,39,0.256
1968,Jamie,9,27,0.333
1968,Leslie,9,37,0.243
1968,Dana,6,26,0.231
1968,Jackie,6,13,0.462
1968,Kerry,6,17,0.353
1968,Stacey,6,48,0.125
1968,Lynn,5,19,0.263
1969,Shawn,73,17,4.294
1969,Terry,43,15,2.867
1969,Angel,29,5,5.8
1969,Lee,29,7,4.143
1969,Rene,27,14,1.929
1969,Kelly,24,108,0.222
1969,Tracy,24,92,0.261
1969,Shannon,19,132,0.144
1969,Jaime,14,5,2.8
1969,Jamie,11,30,0.367
1969,Leslie,10,46,0.217
1969,Robin,9,57,0.158
1969,Kerry,8,14,0.571
1969,Guadalupe,7,25,0.28
1969,Jessie,6,8,0.75
1969,Jody,6,29,0.207
1969,Dana,5,39,0.128
1970,Robert,579,6,96.5
1970,Shawn,132,14,9.429
1970,Donald,95,5,19.0
1970,Chris,63,7,9.0
1970,Rene,48,17,2.824
1970,Lee,35,6,5.833
1970,Kelly,33,93,0.355
1970,Kyle,28,5,5.6
1970,Terry,28,15,1.867
1970,Shannon,23,172,0.134
1970,Angel,21,11,1.909
1970,Christian,20,5,4.0
1970,Jamie,15,32,0.469
1970,Tracy,15,147,0.102
1970,Leslie,14,40,0.35
1970,Jody,11,29,0.379
1970,Jessie,10,6,1.667
1970,Robin,9,60,0.15
1970,Morgan,7,5,1.4
1970,Stacey,7,57,0.123
1970,Dana,6,47,0.128
1970,Kerry,6,16,0.375
1970,Lynn,6,15,0.4
1970,Guadalupe,5,22,0.227
1970,Jackie,5,14,0.357
1971,John,488,6,81.333
1971,Shawn,130,16,8.125
1971,Chris,64,5,12.8
1971,Rene,45,15,3.0
1971,Terry,34,12,2.833
1971,Kelly,28,83,0.337
1971,Lee,25,8,3.125
1971,Angel,23,9,2.556
1971,Jamie,22,34,0.647
1971,Shannon,22,175,0.126
1971,Jody,14,16,0.875
1971,Tracy,12,120,0.1
1971,Jessie,9,11,0.818
1971,Guadalupe,8,18,0.444
1971,Billie,7,12,0.583
1971,Kerry,6,13,0.462
1971,Leslie,6,50,0.12
1971,Lynn,6,14,0.429
1971,Robin,6,46,0.13
1971,Erin,5,36,0.139
1971,Stacy,5,85,0.059
1972,Michael,801,6,133.5
1972,Jason,427,6,71.167
1972,Shawn,127,12,10.583
1972,Edward,108,5,21.6
1972,Rene,43,9,4.778
1972,Terry,38,7,5.429
1972,Shannon,33,174,0.19
1972,Kelly,30,78,0.385
1972,Angel,28,26,1.077
1972,Casey,23,7,3.286
1972,Lee,23,7,3.286
1972,Jamie,22,32,0.688
1972,Tracy,20,76,0.263
1972,Jody,13,20,0.65
1972,Leslie,12,42,0.286
1972,Guadalupe,7,31,0.226
1972,Jackie,7,12,0.583
1972,Dana,6,33,0.182
1972,Lynn,5,16,0.312
1972,Stacy,5,63,0.079
1973,Michael,749,7,107.0
1973,David,494,5,98.8
1973,Shawn,132,21,6.286
1973,Angel,34,13,2.615
1973,Terry,34,8,4.25
1973,Rene,33,10,3.3
1973,Kelly,26,76,0.342
1973,Christian,22,5,4.4
1973,Jamie,22,36,0.611
1973,Lee,21,9,2.333
1973,Joey,17,7,2.429
1973,Shannon,17,148,0.115
1973,Tracy,16,76,0.211
1973,Casey,15,10,1.5
1973,Jessie,15,6,2.5
1973,Jody,10,13,0.769
1973,Unknown,9,12,0.75
1973,Dana,8,37,0.216
1973,Stacy,7,56,0.125
1973,Guadalupe,6,26,0.231
1973,Leslie,6,52,0.115
1973,Lynn,6,8,0.75
1973,Bobbie,5,14,0.357
1973,Erin,5,50,0.1
1973,Jackie,5,10,0.5
1974,Michael,806,9,89.556
1974,Jose,167,6,27.833
1974,Ryan,154,5,30.8
1974,Shawn,138,15,9.2
1974,Jamie,37,36,1.028
1974,Terry,37,8,4.625
1974,Angel,32,13,2.462
1974,Christian,32,6,5.333
1974,Lee,32,7,4.571
1974,Rene,32,8,4.0
1974,Kelly,31,97,0.32
1974,Casey,27,8,3.375
1974,Shannon,20,170,0.118
1974,Jessie,13,11,1.182
1974,Guadalupe,11,27,0.407
1974,Leslie,10,55,0.182
1974,Tracy,10,75,0.133
1974,Erin,8,76,0.105
1974,Jody,8,32,0.25
1974,Kerry,8,15,0.533
1974,Robin,7,40,0.175
1974,Ashley,5,10,0.5
1974,Jean,5,8,0.625
1974,Kim,5,16,0.312
1974,Stacy,5,59,0.085
1975,Michael,714,7,102.0
1975,Daniel,358,6,59.667
1975,James,340,6,56.667
1975,Shawn,120,7,17.143
1975,Casey,34,11,3.091
1975,Jamie,33,55,0.6
1975,Jaime,32,17,1.882
1975,Terry,30,6,5.0
1975,Kelly,21,108,0.194
1975,Lee,20,6,3.333
1975,Angel,18,8,2.25
1975,Dana,17,25,0.68
1975,Shannon,17,140,0.121
1975,Jessie,15,5,3.0
1975,Guadalupe,9,26,0.346
1975,Leslie,7,42,0.167
1975,Stacy,7,67,0.104
1975,Jody,6,21,0.286
1975,Tracy,6,70,0.086
1975,Erin,5,74,0.068
1975,Kerry,5,15,0.333
1975,Robin,5,53,0.094
1975,Stacey,5,58,0.086
1976,Michael,768,5,153.6
1976,Christopher,547,6,91.167
1976,John,362,5,72.4
1976,Jeremy,239,5,47.8
1976,Aaron,191,6,31.833
1976,Shawn,118,10,11.8
1976,Terry,41,5,8.2
1976,Angel,40,23,1.739
1976,Casey,35,8,4.375
1976,Jaime,29,103,0.282
1976,Kelly,20,114,0.175
1976,Jamie,19,125,0.152
1976,Shannon,18,186,0.097
1976,Jessie,13,9,1.444
1976,Guadalupe,10,23,0.435
1976,Stacy,9,76,0.118
1976,Robin,8,38,0.211
1976,Jody,7,18,0.389
1976,Kerry,6,13,0.462
1976,Dana,5,27,0.185
1977,Michael,716,11,65.091
1977,Shawn,132,11,12.0
1977,Adrian,55,5,11.0
1977,Angel,48,22,2.182
1977,Casey,41,10,4.1
1977,Jaime,23,72,0.319
1977,Rene,23,8,2.875
1977,Jamie,20,119,0.168
1977,Kelly,12,136,0.088
1977,Stacy,10,57,0.175
1977,Jessie,9,9,1.0
1977,Tracy,9,51,0.176
1977,Guadalupe,8,25,0.32
1977,Dusty,6,5,1.2
1977,Ashley,5,12,0.417
1977,Courtney,5,35,0.143
1978,Michael,827,6,137.833
1978,Daniel,369,5,73.8
1978,Ryan,269,10,26.9
1978,Shawn,104,12,8.667
1978,Jesse,95,6,15.833
1978,Casey,45,10,4.5
1978,Angel,41,11,3.727
1978,Jaime,39,56,0.696
1978,Cory,33,5,6.6
1978,Terry,29,7,4.143
1978,Rene,23,10,2.3
1978,Kelly,18,156,0.115
1978,Jamie,17,133,0.128
1978,Guadalupe,9,13,0.692
1978,Jody,7,13,0.538
1978,Leslie,7,42,0.167
1978,Morgan,7,7,1.0
1978,Tracy,7,65,0.108
1978,Dana,6,28,0.214
1978,Kasey,6,11,0.545
1978,Courtney,5,39,0.128
1978,Devon,5,8,0.625
1978,Dominique,5,7,0.714
1978,Stacey,5,49,0.102
1978,Stacy,5,53,0.094
1979,Michael,855,8,106.875
1979,David,569,5,113.8
1979,Ryan,342,11,31.091
1979,Jeremy,256,5,51.2
1979,Shawn,92,7,13.143
1979,Adrian,55,5,11.0
1979,Angel,44,11,4.0
1979,Casey,44,14,3.143
1979,Jaime,36,48,0.75
1979,Cody,35,5,7.0
1979,Rene,30,7,4.286
1979,Terry,27,5,5.4
1979,Lee,23,7,3.286
1979,Jamie,22,149,0.148
1979,Dallas,17,7,2.429
1979,Guadalupe,16,24,0.667
1979,Devin,15,6,2.5
1979,Jessie,15,11,1.364
1979,Jordan,12,5,2.4
1979,Courtney,10,41,0.244
1979,Noel,10,5,2.0
1979,Kelly,9,138,0.065
1979,Shannon,7,152,0.046
1979,Jody,6,11,0.545
1979,Kris,6,5,1.2
1979,Tracy,6,53,0.113
1979,Ashley,5,44,0.114
1979,Leslie,5,46,0.109
1979,Lisa,5,210,0.024
1979,Robin,5,40,0.125
1979,Stacy,5,56,0.089
1980,Michael,942,12,78.5
1980,Daniel,457,5,91.4
1980,Matthew,424,5,84.8
1980,Justin,400,5,80.0
1980,Shawn,88,5,17.6
1980,Angel,55,17,3.235
1980,Casey,42,13,3.231
1980,Jaime,41,43,0.953
1980,Terry,29,5,5.8
1980,Lee,28,7,4.0
1980,Jamie,27,148,0.182
1980,Morgan,22,16,1.375
1980,Jessie,21,16,1.312
1980,Joey,19,5,3.8
1980,Jordan,17,6,2.833
1980,Kelly,17,121,0.14
1980,Robin,11,32,0.344
1980,Courtney,9,63,0.143
1980,Dana,9,28,0.321
1980,Erin,8,178,0.045
1980,Guadalupe,8,26,0.308
1980,Alexis,7,33,0.212
1980,Devon,7,7,1.0
1980,Jody,7,8,0.875
1980,Ashley,6,57,0.105
1980,Dusty,5,9,0.556
1981,Michael,956,7,136.571
1981,David,587,6,97.833
1981,Justin,423,5,84.6
1981,Ryan,352,7,50.286
1981,Mark,194,5,38.8
1981,Adrian,67,7,9.571
1981,Jaime,50,60,0.833
1981,Casey,47,34,1.382
1981,Jordan,47,7,6.714
1981,Angel,45,20,2.25
1981,Rene,34,12,2.833
1981,Lee,29,5,5.8
1981,Corey,27,8,3.375
1981,Terry,24,5,4.8
1981,Taylor,23,7,3.286
1981,Jamie,18,150,0.12
1981,Jessie,15,12,1.25
1981,Morgan,15,28,0.536
1981,Alexis,11,36,0.306
1981,Kelly,10,114,0.088
1981,Leslie,10,68,0.147
1981,Shannon,9,121,0.074
1981,Ashley,8,75,0.107
1981,Aubrey,6,11,0.545
1981,Erin,6,160,0.038
1981,Guadalupe,6,30,0.2
1981,Dana,5,37,0.135
1981,Jean,5,6,0.833
1981,Rebecca,5,216,0.023
1982,Michael,926,8,115.75
1982,Christopher,794,6,132.333
1982,Daniel,543,5,108.6
1982,Jason,495,5,99.0
1982,Andrew,267,5,53.4
1982,Jesse,143,6,23.833
1982,Kyle,125,6,20.833
1982,Adrian,91,8,11.375
1982,Shawn,91,5,18.2
1982,Cody,89,6,14.833
1982,Angel,58,23,2.522
1982,Casey,57,27,2.111
1982,Jordan,50,6,8.333
1982,Jaime,35,51,0.686
1982,Jamie,24,163,0.147
1982,Lee,22,11,2.0
1982,Alexis,21,45,0.467
1982,Rene,18,6,3.0
1982,Taylor,18,5,3.6
1982,Devin,16,5,3.2
1982,Jessie,16,17,0.941
1982,Kelly,11,114,0.096
1982,Robin,11,34,0.324
1982,Morgan,10,31,0.323
1982,Noel,10,11,0.909
1982,Ashley,8,139,0.058
1982,Dana,8,29,0.276
1982,Guadalupe,8,27,0.296
1982,Courtney,6,81,0.074
1982,Jessica,6,595,0.01
1982,Shannon,6,115,0.052
1982,Kendall,5,6,0.833
1983,Michael,992,9,110.222
1983,David,573,5,114.6
1983,Ryan,413,5,82.6
1983,Anthony,306,5,61.2
1983,Benjamin,187,5,37.4
1983,Gabriel,111,7,15.857
1983,Shawn,94,9,10.444
1983,Adrian,69,9,7.667
1983,Cody,59,5,11.8
1983,Casey,43,27,1.593
1983,Jordan,41,7,5.857
1983,Angel,40,20,2.0
1983,Rene,30,7,4.286
1983,Jaime,25,33,0.758
1983,Taylor,25,6,4.167
1983,Christian,21,7,3.0
1983,Alexis,20,66,0.303
1983,Kelly,19,128,0.148
1983,Jamie,15,128,0.117
1983,Morgan,15,24,0.625
1983,Jessie,11,13,0.846
1983,Guadalupe,10,24,0.417
1983,Kendall,10,7,1.429
1983,Leslie,10,51,0.196
1983,Shannon,7,145,0.048
1983,Ashley,6,330,0.018
1983,Dana,6,29,0.207
1983,Dominique,6,9,0.667
1983,Marion,6,5,1.2
1983,Robin,6,25,0.24
1983,Erin,5,157,0.032
1983,Sarah,5,373,0.013
1984,Ryan,440,11,40.0
1984,Joseph,409,5,81.8
1984,John,407,7,58.143
1984,Brandon,393,6,65.5
1984,William,282,5,56.4
1984,Jesse,137,7,19.571
1984,Jesus,134,5,26.8
1984,Cody,101,9,11.222
1984,Adrian,77,12,6.417
1984,Angel,62,20,3.1
1984,Casey,61,18,3.389
1984,Jordan,61,12,5.083
1984,Cory,54,5,10.8
1984,Cameron,43,6,7.167
1984,Christian,39,6,6.5
1984,Rene,34,6,5.667
1984,Lee,32,5,6.4
1984,Jaime,28,26,1.077
1984,Taylor,25,13,1.923
1984,Jamie,17,155,0.11
1984,Kelly,17,118,0.144
1984,Morgan,14,24,0.583
1984,Devon,13,7,1.857
1984,Dusty,11,5,2.2
1984,Alexis,10,65,0.154
1984,Francis,9,5,1.8
1984,Guadalupe,8,21,0.381
1984,Jessie,8,19,0.421
1984,Kendall,8,9,0.889
1984,Ashley,7,392,0.018
1984,Dominique,7,17,0.412
1984,Robin,7,27,0.259
1984,Courtney,6,88,0.068
1984,Shannon,6,127,0.047
1984,Ariel,5,7,0.714
1984,Dana,5,40,0.125
1985,Michael,979,11,89.0
1985,Christopher,922,7,131.714
1985,Matthew,671,6,111.833
1985,David,661,5,132.2
1985,Joshua,645,5,129.0
1985,Ryan,474,9,52.667
1985,Joseph,438,9,48.667
1985,Andrew,429,6,71.5
1985,James,411,8,51.375
1985,Justin,338,5,67.6
1985,Kyle,302,7,43.143
1985,William,284,5,56.8
1985,Jesse,165,5,33.0
1985,Cody,143,6,23.833
1985,Adrian,89,6,14.833
1985,Jordan,75,16,4.688
1985,Corey,59,6,9.833
1985,Casey,57,29,1.966
1985,Taylor,51,23,2.217
1985,Angel,48,20,2.4
1985,Jaime,35,31,1.129
1985,Christian,28,6,4.667
1985,Micah,27,5,5.4
1985,Jessie,22,17,1.294
1985,Lee,21,6,3.5
1985,Devon,19,5,3.8
1985,Jamie,17,145,0.117
1985,Alexis,16,48,0.333
1985,Morgan,15,53,0.283
1985,Kelly,14,132,0.106
1985,Guadalupe,11,26,0.423
1985,Kendall,10,7,1.429
1985,Loren,10,6,1.667
1985,Kasey,9,13,0.692
1985,Dana,7,24,0.292
1985,Noel,7,6,1.167
1985,Ashley,6,648,0.009
1985,Jackie,6,6,1.0
1985,Christina,5,295,0.017
1986,Michael,997,8,124.625
1986,Christopher,875,7,125.0
1986,Daniel,638,6,106.333
1986,Ryan,508,10,50.8
1986,Robert,468,7,66.857
1986,Cody,152,7,21.714
1986,Alex,86,6,14.333
1986,Jordan,74,22,3.364
1986,Casey,63,36,1.75
1986,Christian,51,7,7.286
1986,Devin,50,7,7.143
1986,Angel,48,18,2.667
1986,Taylor,48,25,1.92
1986,Jaime,32,21,1.524
1986,Rene,27,7,3.857
1986,Devon,22,7,3.143
1986,Kelly,19,120,0.158
1986,Jamie,18,143,0.126
1986,Alexis,15,59,0.254
1986,Morgan,15,41,0.366
1986,Jessie,13,20,0.65
1986,Kendall,9,10,0.9
1986,Loren,9,5,1.8
1986,Ashley,8,663,0.012
1986,Shea,8,11,0.727
1986,Daryl,7,5,1.4
1986,Erin,7,123,0.057
1986,Courtney,6,111,0.054
1986,Dominique,6,26,0.231
1986,Guadalupe,6,25,0.24
1986,Cassidy,5,8,0.625
1986,Kasey,5,16,0.312
1986,Mayra,5,39,0.128
1986,Nicole,5,367,0.014
1987,Michael,943,13,72.538
1987,Christopher,863,12,71.917
1987,Daniel,655,7,93.571
1987,Andrew,549,5,109.8
1987,Joshua,545,7,77.857
1987,Ryan,534,9,59.333
1987,Robert,500,7,71.429
1987,Justin,429,7,61.286
1987,Anthony,424,5,84.8
1987,Brandon,388,5,77.6
1987,Kyle,366,9,40.667
1987,William,274,5,54.8
1987,Tyler,224,5,44.8
1987,Cody,179,7,25.571
1987,Jesse,170,6,28.333
1987,Jordan,127,28,4.536
1987,Cory,98,6,16.333
1987,Shawn,95,5,19.0
1987,Adrian,92,5,18.4
1987,Alex,87,7,12.429
1987,Corey,79,6,13.167
1987,Angel,69,27,2.556
1987,Casey,67,56,1.196
1987,Devin,63,9,7.0
1987,Christian,49,8,6.125
1987,Taylor,39,27,1.444
1987,Jaime,28,16,1.75
1987,Jamie,18,122,0.148
1987,Jessie,18,20,0.9
1987,Morgan,16,39,0.41
1987,Alexis,15,64,0.234
1987,Kelly,13,122,0.107
1987,Ashley,10,803,0.012
1987,Dominique,9,24,0.375
1987,Kendall,8,10,0.8
1987,Courtney,7,114,0.061
1987,Ali,6,7,0.857
1987,Jessica,6,876,0.007
1987,Noel,6,11,0.545
1987,Robin,6,16,0.375
1987,Amanda,5,598,0.008
1987,Ariel,5,8,0.625
1987,Dana,5,30,0.167
1987,Kasey,5,24,0.208
1987,Leslie,5,54,0.093
1988,Michael,1024,9,113.778
1988,Daniel,627,6,104.5
1988,David,601,9,66.778
1988,Ryan,476,10,47.6
1988,James,418,5,83.6
1988,Kyle,389,11,35.364
1988,Tyler,242,5,48.4
1988,Jesse,165,7,23.571
1988,Jordan,115,33,3.485
1988,Adrian,90,6,15.0
1988,Casey,73,35,2.086
1988,Angel,72,32,2.25
1988,Taylor,68,46,1.478
1988,Devin,66,8,8.25
1988,Christian,62,8,7.75
1988,Logan,58,7,8.286
1988,Jaime,32,13,2.462
1988,Morgan,25,53,0.472
1988,Devon,19,5,3.8
1988,Jamie,19,115,0.165
1988,Loren,16,7,2.286
1988,Ashton,13,6,2.167
1988,Kendall,12,11,1.091
1988,Jessie,11,18,0.611
1988,Alexis,10,79,0.127
1988,Dominique,10,24,0.417
1988,Kasey,10,14,0.714
1988,Kelly,9,117,0.077
1988,Leslie,9,41,0.22
1988,Tracy,9,28,0.321
1988,Tristan,8,5,1.6
1988,Vanessa,8,304,0.026
1988,Guadalupe,7,23,0.304
1988,Maria,7,168,0.042
1988,Noel,7,7,1.0
1988,Courtney,6,174,0.034
1988,Daryl,6,5,1.2
1988,Jessica,6,791,0.008
1988,Shannon,6,97,0.062
1988,Ariel,5,16,0.312
1988,Cheyenne,5,14,0.357
1988,Robin,5,21,0.238
1989,Michael,1039,9,115.444
1989,Christopher,842,6,140.333
1989,Ryan,476,11,43.273
1989,Anthony,432,5,86.4
1989,Justin,399,6,66.5
1989,Kyle,392,9,43.556
1989,Eric,315,5,63.0
1989,Alexander,221,5,44.2
1989,Jesus,196,7,28.0
1989,Jordan,177,79,2.241
1989,Adrian,115,5,23.0
1989,Cameron,108,6,18.0
1989,Angel,89,30,2.967
1989,Taylor,88,62,1.419
1989,Logan,82,5,16.4
1989,Christian,79,10,7.9
1989,Casey,70,39,1.795
1989,Devin,50,8,6.25
1989,Jaime,42,14,3.0
1989,Rene,32,6,5.333
1989,Devon,26,7,3.714
1989,Jamie,20,120,0.167
1989,Dominique,19,18,1.056
1989,Alexis,14,87,0.161
1989,Dakota,14,6,2.333
1989,Frankie,14,5,2.8
1989,Kelly,14,73,0.192
1989,Noel,12,7,1.714
1989,Jessie,11,25,0.44
1989,Kendall,11,9,1.222
1989,Morgan,11,49,0.224
1989,Francis,10,5,2.0
1989,Guadalupe,10,34,0.294
1989,Kasey,10,15,0.667
1989,Riley,10,7,1.429
1989,Mackenzie,9,10,0.9
1989,Robin,9,15,0.6
1989,Ashton,8,10,0.8
1989,Kelsey,7,138,0.051
1989,Shannon,7,88,0.08
1989,Dana,6,32,0.188
1989,Jessica,6,774,0.008
1989,Ariana,5,24,0.208
1989,Ashley,5,768,0.007
1989,Tracy,5,19,0.263
1990,Michael,1011,13,77.769
1990,Joshua,657,6,109.5
1990,Ryan,463,7,66.143
1990,Robert,422,6,70.333
1990,Justin,399,7,57.0
1990,Cody,296,8,37.0
1990,Alexander,247,5,49.4
1990,Jordan,238,103,2.311
1990,Jesse,174,8,21.75
1990,Gabriel,149,5,29.8
1990,Taylor,130,134,0.97
1990,Adrian,128,7,18.286
1990,Christian,115,15,7.667
1990,Angel,85,27,3.148
1990,Cory,83,7,11.857
1990,Casey,74,26,2.846
1990,Corey,74,8,9.25
1990,Devin,46,11,4.182
1990,Jaime,42,19,2.211
1990,Devon,28,12,2.333
1990,Dakota,27,6,4.5
1990,Jessie,24,21,1.143
1990,Jamie,19,97,0.196
1990,Kelly,19,92,0.207
1990,Riley,19,5,3.8
1990,Alexis,16,136,0.118
1990,Dominique,15,23,0.652
1990,Skylar,15,8,1.875
1990,Kendall,14,14,1.0
1990,Morgan,12,51,0.235
1990,Loren,11,10,1.1
1990,Shelby,9,74,0.122
1990,Guadalupe,8,24,0.333
1990,Robin,8,30,0.267
1990,Daryl,7,5,1.4
1990,Shannon,7,93,0.075
1990,Courtney,6,198,0.03
1990,Jade,6,27,0.222
1990,Ashley,5,651,0.008
1990,Ashton,5,10,0.5
1991,Christopher,758,5,151.6
1991,Daniel,551,6,91.833
1991,David,521,5,104.2
1991,Tyler,383,10,38.3
1991,Jose,364,6,60.667
1991,Cody,334,7,47.714
1991,Jordan,242,107,2.262
1991,Dylan,218,5,43.6
1991,Christian,185,16,11.562
1991,Taylor,134,148,0.905
1991,Alex,119,5,23.8
1991,Angel,118,24,4.917
1991,Logan,77,7,11.0
1991,Casey,70,30,2.333
1991,Devin,54,14,3.857
1991,Dakota,50,13,3.846
1991,Devon,43,17,2.529
1991,Jaime,38,17,2.235
1991,Rene,35,5,7.0
1991,Alexis,28,168,0.167
1991,Skyler,25,5,5.0
1991,Riley,21,6,3.5
1991,Frankie,17,5,3.4
1991,Guadalupe,16,36,0.444
1991,Morgan,16,73,0.219
1991,Jessie,15,18,0.833
1991,Ariel,14,111,0.126
1991,Dominique,14,27,0.519
1991,Shelby,14,192,0.073
1991,Harley,13,6,2.167
1991,Loren,13,8,1.625
1991,Jamie,12,86,0.14
1991,Kasey,12,12,1.0
1991,Skylar,11,6,1.833
1991,Kelly,10,75,0.133
1991,Kendall,10,10,1.0
1991,Noel,10,10,1.0
1991,Sage,9,9,1.0
1991,Francis,7,5,1.4
1991,Jordon,7,7,1.0
1991,Paris,7,6,1.167
1991,Courtney,6,150,0.04
1991,Jade,6,30,0.2
1991,Maria,6,176,0.034
1991,Robin,6,11,0.545
1991,Ashton,5,7,0.714
1991,Devan,5,15,0.333
1991,Elizabeth,5,290,0.017
1991,Mackenzie,5,19,0.263
1991,Shay,5,5,1.0
1991,Shea,5,16,0.312
1991,Skye,5,5,1.0
1991,Tracy,5,18,0.278
1992,Michael,848,6,141.333
1992,Tyler,455,18,25.278
1992,Cody,358,5,71.6
1992,Kyle,343,5,68.6
1992,Christian,234,10,23.4
1992,Austin,225,5,45.0
1992,Jordan,214,114,1.877
1992,Taylor,154,243,0.634
1992,Jesse,153,9,17.0
1992,Angel,123,28,4.393
1992,Alex,110,9,12.222
1992,Devin,81,15,5.4
1992,Cory,73,5,14.6
1992,Logan,72,8,9.0
1992,Casey,71,32,2.219
1992,Dakota,70,11,6.364
1992,Jaime,50,13,3.846
1992,Devon,39,21,1.857
1992,Rene,36,5,7.2
1992,Drew,35,7,5.0
1992,Dominique,27,34,0.794
1992,Skyler,25,8,3.125
1992,Riley,24,8,3.0
1992,Dallas,23,13,1.769
1992,Micah,21,6,3.5
1992,Alexis,19,195,0.097
1992,Colby,16,7,2.286
1992,Jessie,16,20,0.8
1992,Harley,15,5,3.0
1992,Morgan,14,96,0.146
1992,Skylar,13,12,1.083
1992,Ariel,12,64,0.188
1992,Guadalupe,12,41,0.293
1992,Jamie,12,67,0.179
1992,Kendall,11,10,1.1
1992,Shelby,11,178,0.062
1992,Devan,10,7,1.429
1992,Noel,10,5,2.0
1992,Jade,9,22,0.409
1992,Kristian,9,8,1.125
1992,Kelly,8,93,0.086
1992,Loren,8,6,1.333
1992,Robin,8,12,0.667
1992,Addison,7,5,1.4
1992,Ashton,7,6,1.167
1992,Darian,7,7,1.0
1992,Mackenzie,7,44,0.159
1992,Avery,6,5,1.2
1992,Dana,5,23,0.217
1992,Frankie,5,7,0.714
1992,Kasey,5,12,0.417
1993,Tyler,558,20,27.9
1993,Cody,367,5,73.4
1993,Christian,271,17,15.941
1993,Jordan,216,120,1.8
1993,Jesse,158,7,22.571
1993,Angel,146,28,5.214
1993,Taylor,134,324,0.414
1993,Alex,132,10,13.2
1993,Adrian,115,7,16.429
1993,Logan,81,8,10.125
1993,Devin,76,10,7.6
1993,Dakota,70,14,5.0
1993,Hunter,62,7,8.857
1993,Corey,59,5,11.8
1993,Casey,53,29,1.828
1993,Devon,44,17,2.588
1993,Alexis,39,282,0.138
1993,Jaime,38,12,3.167
1993,Riley,27,16,1.688
1993,Skyler,27,8,3.375
1993,Hayden,22,5,4.4
1993,Dallas,21,15,1.4
1993,Skylar,17,6,2.833
1993,Ashton,16,12,1.333
1993,Harley,16,8,2.0
1993,Morgan,16,105,0.152
1993,Avery,14,5,2.8
1993,Chandler,14,13,1.077
1993,Dominique,14,43,0.326
1993,Frankie,13,5,2.6
1993,Kendall,13,24,0.542
1993,Jessie,12,27,0.444
1993,Kasey,12,13,0.923
1993,Kristian,12,5,2.4
1993,Mackenzie,12,42,0.286
1993,Jamie,11,88,0.125
1993,Devan,9,6,1.5
1993,Guadalupe,9,42,0.214
1993,Payton,9,9,1.0
1993,Ariel,8,54,0.148
1993,Robin,8,12,0.667
1993,Justice,7,5,1.4
1993,Sage,7,5,1.4
1993,Sheridan,7,8,0.875
1993,Jorden,6,5,1.2
1993,Kelly,6,62,0.097
1993,Shelby,6,150,0.04
1993,Darian,5,11,0.455
1993,Erin,5,80,0.062
1993,Leslie,5,53,0.094
1994,Michael,689,6,114.833
1994,Tyler,539,19,28.368
1994,Austin,440,7,62.857
1994,Ryan,369,9,41.0
1994,Jesus,335,6,55.833
1994,Alexander,321,7,45.857
1994,Christian,258,22,11.727
1994,Jordan,239,109,2.193
1994,Jesse,180,8,22.5
1994,Angel,134,38,3.526
1994,Adrian,122,5,24.4
1994,Logan,112,16,7.0
1994,Alex,110,5,22.0
1994,Taylor,103,348,0.296
1994,Devin,98,7,14.0
1994,Hunter,88,15,5.867
1994,Blake,83,5,16.6
1994,Dakota,78,29,2.69
1994,Cory,67,5,13.4
1994,Bryce,63,5,12.6
1994,Devon,58,9,6.444
1994,Alexis,53,297,0.178
1994,Hayden,48,8,6.0
1994,Casey,44,32,1.375
1994,Jaime,42,14,3.0
1994,Skyler,40,5,8.0
1994,Dallas,37,14,2.643
1994,Riley,32,15,2.133
1994,Dominique,29,39,0.744
1994,Morgan,23,107,0.215
1994,Chandler,21,17,1.235
1994,Avery,20,7,2.857
1994,Jamie,19,86,0.221
1994,Charlie,18,5,3.6
1994,Jessie,18,19,0.947
1994,Kendall,18,24,0.75
1994,Ashton,17,6,2.833
1994,Ariel,16,35,0.457
1994,Darian,15,21,0.714
1994,Jalen,15,5,3.0
1994,Colby,14,5,2.8
1994,Skylar,13,10,1.3
1994,Frankie,10,8,1.25
1994,Keegan,10,5,2.0
1994,Harley,9,8,1.125
1994,Shea,9,9,1.0
1994,Kasey,8,9,0.889
1994,Loren,8,8,1.0
1994,Mackenzie,8,59,0.136
1994,Guadalupe,7,51,0.137
1994,Ali,6,5,1.2
1994,Elisha,6,7,0.857
1994,Justice,6,6,1.0
1994,Ashley,5,469,0.011
1995,Tyler,549,22,24.955
1995,Ryan,372,11,33.818
1995,Cody,301,5,60.2
1995,Christian,292,11,26.545
1995,Kyle,285,6,47.5
1995,Jordan,194,131,1.481
1995,Dylan,177,5,35.4
1995,Angel,160,46,3.478
1995,Jesse,155,11,14.091
1995,Adrian,148,7,21.143
1995,Alex,139,11,12.636
1995,Logan,127,6,21.167
1995,Taylor,108,335,0.322
1995,Dakota,96,18,5.333
1995,Hunter,95,14,6.786
1995,Alexis,83,315,0.263
1995,Alec,80,5,16.0
1995,Devin,74,15,4.933
1995,Chase,73,5,14.6
1995,Hayden,65,7,9.286
1995,Devon,61,9,6.778
1995,Jaime,50,15,3.333
1995,Casey,48,31,1.548
1995,Chandler,46,9,5.111
1995,Dallas,38,14,2.714
1995,Skyler,38,7,5.429
1995,Riley,37,27,1.37
1995,Morgan,34,118,0.288
1995,Bailey,26,89,0.292
1995,Drew,26,6,4.333
1995,Dominique,21,49,0.429
1995,Avery,18,7,2.571
1995,Harley,18,16,1.125
1995,Jessie,18,25,0.72
1995,Carson,17,5,3.4
1995,Skylar,17,11,1.545
1995,Tristen,17,6,2.833
1995,Guadalupe,13,61,0.213
1995,Justice,13,16,0.812
1995,Ashton,10,10,1.0
1995,Addison,9,5,1.8
1995,Darian,9,7,1.286
1995,Kelly,9,73,0.123
1995,Kendall,9,38,0.237
1995,Peyton,9,14,0.643
1995,Ariel,8,36,0.222
1995,Jamie,7,52,0.135
1995,Mackenzie,7,62,0.113
1995,Sage,7,7,1.0
1995,Jade,6,29,0.207
1995,Ali,5,5,1.0
1995,Kasey,5,14,0.357
1995,Payton,5,10,0.5
1995,Shea,5,17,0.294
1995,Sidney,5,20,0.25
1996,Tyler,532,23,23.13
1996,Jesus,386,6,64.333
1996,Ryan,359,7,51.286
1996,Christian,347,6,57.833
1996,Jordan,248,101,2.455
1996,Angel,230,34,6.765
1996,Hunter,133,10,13.3
1996,Logan,124,17,7.294
1996,Tristan,117,7,16.714
1996,Taylor,112,324,0.346
1996,Cameron,106,6,17.667
1996,Alex,105,18,5.833
1996,Dakota,99,24,4.125
1996,Devin,92,9,10.222
1996,Alexis,81,359,0.226
1996,Hayden,71,9,7.889
1996,Bryce,70,5,14.0
1996,Riley,63,27,2.333
1996,Jaime,57,11,5.182
1996,Chandler,56,9,6.222
1996,Devon,56,14,4.0
1996,Casey,39,20,1.95
1996,Bailey,34,130,0.262
1996,Tristen,34,11,3.091
1996,Dallas,32,19,1.684
1996,Skyler,31,8,3.875
1996,Micah,25,6,4.167
1996,Morgan,21,134,0.157
1996,Noel,20,6,3.333
1996,Darian,17,5,3.4
1996,Kristian,17,6,2.833
1996,Frankie,16,5,3.2
1996,Ariel,15,41,0.366
1996,Quinn,15,5,3.0
1996,Skylar,15,23,0.652
1996,Keegan,14,5,2.8
1996,Ashton,13,7,1.857
1996,Guadalupe,13,59,0.22
1996,Dominique,11,67,0.164
1996,Jessie,11,14,0.786
1996,Addison,10,8,1.25
1996,Jaden,10,5,2.0
1996,Payton,10,21,0.476
1996,Sage,10,13,0.769
1996,Kasey,9,7,1.286
1996,Kelly,9,66,0.136
1996,Jamie,8,65,0.123
1996,Loren,8,5,1.6
1996,Charlie,7,7,1.0
1996,Justice,7,10,0.7
1996,Kendall,7,20,0.35
1996,Montana,7,10,0.7
1996,Peyton,7,12,0.583
1996,Sidney,7,16,0.438
1996,Harley,6,18,0.333
1996,Raven,6,26,0.231
1996,Santana,6,5,1.2
1996,Shelby,6,141,0.043
1996,Rosario,5,11,0.455
1996,Shay,5,7,0.714
1996,Sheridan,5,6,0.833
1997,Tyler,481,6,80.167
1997,Ryan,378,7,54.0
1997,Christian,331,8,41.375
1997,Kyle,309,6,51.5
1997,Jordan,249,135,1.844
1997,Angel,234,35,6.686
1997,Dylan,206,7,29.429
1997,Alexis,165,373,0.442
1997,Logan,155,18,8.611
1997,Hunter,129,11,11.727
1997,Alex,126,5,25.2
1997,Cameron,121,17,7.118
1997,Tristan,111,7,15.857
1997,Dakota,99,24,4.125
1997,Chase,90,5,18.0
1997,Devin,90,11,8.182
1997,Taylor,88,328,0.268
1997,Riley,81,44,1.841
1997,Devon,73,11,6.636
1997,Bailey,61,108,0.565
1997,Chandler,51,7,7.286
1997,Casey,49,26,1.885
1997,Jaime,39,7,5.571
1997,Drew,33,6,5.5
1997,Dallas,29,12,2.417
1997,Skyler,29,13,2.231
1997,Tristen,29,8,3.625
1997,Morgan,25,128,0.195
1997,Carson,22,5,4.4
1997,Skylar,21,15,1.4
1997,Quinn,20,6,3.333
1997,Avery,17,12,1.417
1997,Tristin,16,6,2.667
1997,Guadalupe,14,61,0.23
1997,Jessie,14,22,0.636
1997,Justice,13,8,1.625
1997,Ashton,12,7,1.714
1997,Charlie,12,6,2.0
1997,Jamie,12,41,0.293
1997,Payton,12,21,0.571
1997,Sage,12,14,0.857
1997,Kendall,11,33,0.333
1997,Kristian,11,7,1.571
1997,Ariel,10,47,0.213
1997,Harley,8,10,0.8
1997,Peyton,8,21,0.381
1997,Dominique,7,62,0.113
1997,Darian,6,13,0.462
1997,Devyn,6,6,1.0
1997,Frankie,6,5,1.2
1997,Jorden,6,7,0.857
1997,Reilly,6,6,1.0
1997,Addison,5,15,0.333
1997,Kelly,5,84,0.06
1997,Madison,5,269,0.019
1997,Raven,5,19,0.263
1997,Rylee,5,30,0.167
1997,Sidney,5,30,0.167
1997,Tayler,5,21,0.238
1998,Tyler,411,11,37.364
1998,Ryan,368,7,52.571
1998,Austin,365,6,60.833
1998,Christian,270,5,54.0
1998,Angel,250,71,3.521
1998,Jordan,241,141,1.709
1998,Hunter,167,23,7.261
1998,Cameron,158,29,5.448
1998,Chase,130,5,26.0
1998,Logan,127,8,15.875
1998,Alex,124,7,17.714
1998,Jesse,113,5,22.6
1998,Alexis,93,408,0.228
1998,Devin,91,16,5.688
1998,Taylor,79,310,0.255
1998,Dakota,60,18,3.333
1998,Jaime,57,11,5.182
1998,Hayden,56,9,6.222
1998,Riley,54,42,1.286
1998,Bailey,49,106,0.462
1998,Devon,46,7,6.571
1998,Chandler,43,5,8.6
1998,Parker,38,5,7.6
1998,Casey,34,29,1.172
1998,Skyler,29,13,2.231
1998,Tristen,27,5,5.4
1998,Dallas,24,7,3.429
1998,Ashton,20,11,1.818
1998,Jalen,20,6,3.333
1998,Payton,20,24,0.833
1998,Skylar,20,27,0.741
1998,Peyton,18,10,1.8
1998,Avery,17,11,1.545
1998,Jaden,17,5,3.4
1998,Morgan,17,128,0.133
1998,Justice,15,7,2.143
1998,Ariel,14,48,0.292
1998,Jessie,14,7,2.0
1998,Darian,12,6,2.0
1998,Guadalupe,12,61,0.197
1998,Sage,12,9,1.333
1998,Harley,11,16,0.688
1998,Frankie,9,5,1.8
1998,Kasey,9,16,0.562
1998,Devan,8,5,1.6
1998,Mackenzie,8,84,0.095
1998,Jamie,7,46,0.152
1998,Kendall,7,25,0.28
1998,Devyn,6,8,0.75
1998,Jorden,6,5,1.2
1998,Rosario,6,10,0.6
1998,Sidney,6,15,0.4
1998,August,5,5,1.0
1998,Diamond,5,7,0.714
1998,Leslie,5,98,0.051
1998,Teagan,5,6,0.833
1998,Trinity,5,5,1.0
1999,Jacob,746,7,106.571
1999,Tyler,423,13,32.538
1999,Jesus,389,5,77.8
1999,Ryan,388,14,27.714
1999,Angel,333,59,5.644
1999,Christian,304,5,60.8
1999,Gabriel,292,7,41.714
1999,Dylan,269,6,44.833
1999,Jordan,209,97,2.155
1999,Cameron,181,23,7.87
1999,Hunter,178,18,9.889
1999,Logan,145,9,16.111
1999,Chase,113,5,22.6
1999,Alex,111,6,18.5
1999,Jesse,98,5,19.6
1999,Devin,96,14,6.857
1999,Alexis,74,406,0.182
1999,Hayden,73,12,6.083
1999,Chandler,62,8,7.75
1999,Parker,60,6,10.0
1999,Dakota,59,34,1.735
1999,Riley,59,52,1.135
1999,Taylor,52,307,0.169
1999,Jaime,50,17,2.941
1999,Devon,44,9,4.889
1999,Skyler,43,13,3.308
1999,Bailey,42,80,0.525
1999,Jaden,40,17,2.353
1999,Casey,38,22,1.727
1999,Jayden,35,8,4.375
1999,Micah,33,12,2.75
1999,Dallas,29,7,4.143
1999,Avery,28,17,1.647
1999,Drew,28,12,2.333
1999,Jalen,25,6,4.167
1999,Payton,23,31,0.742
1999,Peyton,21,21,1.0
1999,Morgan,20,114,0.175
1999,Jessie,19,14,1.357
1999,Quinn,18,7,2.571
1999,Ashton,17,12,1.417
1999,Guadalupe,17,60,0.283
1999,Kai,16,5,3.2
1999,Sage,15,22,0.682
1999,Skylar,15,43,0.349
1999,Ariel,11,40,0.275
1999,Darian,11,5,2.2
1999,Kasey,11,13,0.846
1999,Devyn,10,10,1.0
1999,Justice,10,7,1.429
1999,Jamie,9,58,0.155
1999,Notnamed,9,12,0.75
1999,Addison,8,12,0.667
1999,Dominique,8,65,0.123
1999,Harley,8,8,1.0
1999,Devan,7,5,1.4
1999,Kendall,6,27,0.222
1999,Sky,6,5,1.2
1999,Trinity,6,39,0.154
1999,Loren,5,7,0.714
1999,Mackenzie,5,86,0.058
1999,Sheridan,5,5,1.0
2000,Tyler,401,13,30.846
2000,Angel,360,49,7.347
2000,Ryan,357,7,51.0
2000,Dylan,263,7,37.571
2000,Jordan,206,113,1.823
2000,Hunter,190,17,11.176
2000,Cameron,188,32,5.875
2000,Logan,173,14,12.357
2000,Alex,146,6,24.333
2000,Alexis,134,380,0.353
2000,Tanner,118,6,19.667
2000,Notnamed,109,108,1.009
2000,Hayden,101,12,8.417
2000,Bryce,100,6,16.667
2000,Devin,96,12,8.0
2000,Tristan,93,5,18.6
2000,Jesse,92,8,11.5
2000,Jaden,65,27,2.407
2000,Riley,64,55,1.164
2000,Jaime,62,11,5.636
2000,Devon,60,6,10.0
2000,Jayden,53,16,3.312
2000,Dakota,52,28,1.857
2000,Taylor,48,268,0.179
2000,Skyler,46,23,2.0
2000,Bailey,32,94,0.34
2000,Ashton,28,10,2.8
2000,Casey,27,29,0.931
2000,Keegan,27,5,5.4
2000,Morgan,26,118,0.22
2000,Drew,21,9,2.333
2000,Payton,21,28,0.75
2000,Tristen,21,8,2.625
2000,Quinn,19,5,3.8
2000,Skylar,19,42,0.452
2000,Jessie,18,14,1.286
2000,Avery,17,26,0.654
2000,Guadalupe,17,58,0.293
2000,Peyton,17,25,0.68
2000,Noel,15,6,2.5
2000,Dallas,14,5,2.8
2000,Harley,13,11,1.182
2000,Justice,12,6,2.0
2000,Sage,12,17,0.706
2000,Loren,11,7,1.571
2000,Ali,9,6,1.5
2000,Santana,9,5,1.8
2000,Addison,8,17,0.471
2000,Jaiden,8,7,1.143
2000,Ariel,7,36,0.194
2000,Kendall,7,24,0.292
2000,Devyn,6,8,0.75
2000,Dominique,5,46,0.109
2000,Montana,5,5,1.0
2000,Sidney,5,24,0.208
2000,Skye,5,11,0.455
2000,Tayler,5,12,0.417
2001,Angel,372,66,5.636
2001,Tyler,342,19,18.0
2001,Ryan,336,6,56.0
2001,Christian,312,5,62.4
2001,Logan,219,13,16.846
2001,Cameron,179,33,5.424
2001,Jordan,175,102,1.716
2001,Hunter,174,16,10.875
2001,Alexis,124,368,0.337
2001,Mason,112,5,22.4
2001,Devin,107,8,13.375
2001,Notnamed,107,98,1.092
2001,Jesse,96,5,19.2
2001,Carson,90,7,12.857
2001,Tristan,87,8,10.875
2001,Jaden,79,20,3.95
2001,Bryce,69,6,11.5
2001,Hayden,69,12,5.75
2001,Riley,69,62,1.113
2001,Jayden,66,29,2.276
2001,Micah,56,5,11.2
2001,Devon,51,7,7.286
2001,Parker,48,6,8.0
2001,Skyler,48,14,3.429
2001,Taylor,42,235,0.179
2001,Dakota,39,23,1.696
2001,Ashton,32,12,2.667
2001,Bailey,26,79,0.329
2001,Payton,24,35,0.686
2001,Quinn,23,6,3.833
2001,Avery,22,28,0.786
2001,Casey,21,9,2.333
2001,Jaiden,21,26,0.808
2001,Ariel,18,37,0.486
2001,Morgan,18,117,0.154
2001,Peyton,18,31,0.581
2001,Sage,18,24,0.75
2001,Skylar,18,44,0.409
2001,Drew,17,6,2.833
2001,Joan,17,5,3.4
2001,Rylan,16,6,2.667
2001,Jaylen,15,5,3.0
2001,Charlie,14,5,2.8
2001,Justice,14,17,0.824
2001,Devan,12,6,2.0
2001,Guadalupe,12,57,0.211
2001,Kendall,12,27,0.444
2001,Reese,12,7,1.714
2001,Dominique,11,46,0.239
2001,Jessie,11,12,0.917
2001,Noel,11,5,2.2
2001,Devyn,8,6,1.333
2001,Addison,7,12,0.583
2001,Harley,7,11,0.636
2001,Paris,7,14,0.5
2001,Payson,7,5,1.4
2001,Quincy,7,5,1.4
2001,Jamie,6,25,0.24
2001,Kelly,6,32,0.188
2001,Rosario,6,9,0.667
2001,Shayne,6,6,1.0
2001,Campbell,5,5,1.0
2001,Jorden,5,5,1.0
2001,Kasey,5,9,0.556
2002,Angel,437,87,5.023
2002,Tyler,381,8,47.625
2002,Ryan,339,14,24.214
2002,Dylan,290,5,58.0
2002,Logan,258,14,18.429
2002,Jordan,191,98,1.949
2002,Hunter,173,10,17.3
2002,Cameron,164,23,7.13
2002,Alex,147,8,18.375
2002,Aidan,129,7,18.429
2002,Hayden,111,21,5.286
2002,Jaden,100,43,2.326
2002,Jayden,93,29,3.207
2002,Devin,87,6,14.5
2002,Alexis,85,354,0.24
2002,Riley,80,83,0.964
2002,Notnamed,62,56,1.107
2002,Jaime,58,7,8.286
2002,Parker,55,6,9.167
2002,Devon,49,8,6.125
2002,Micah,43,5,8.6
2002,Taylor,40,216,0.185
2002,Dakota,33,19,1.737
2002,Ashton,32,8,4.0
2002,Skyler,32,14,2.286
2002,Casey,29,21,1.381
2002,Kai,29,6,4.833
2002,Quinn,27,7,3.857
2002,Avery,26,46,0.565
2002,Payton,25,29,0.862
2002,Dallas,23,5,4.6
2002,Justice,20,14,1.429
2002,Skylar,18,36,0.5
2002,Morgan,17,111,0.153
2002,Peyton,15,20,0.75
2002,Reece,15,5,3.0
2002,Jaiden,14,17,0.824
2002,Ariel,13,42,0.31
2002,Bailey,13,57,0.228
2002,Dominique,13,33,0.394
2002,Jessie,12,8,1.5
2002,Harley,11,9,1.222
2002,Phoenix,10,6,1.667
2002,Guadalupe,9,46,0.196
2002,Addison,8,19,0.421
2002,Reese,8,14,0.571
2002,Amari,6,5,1.2
2002,Devyn,6,8,0.75
2002,Jaylin,6,5,1.2
2002,Kelly,6,45,0.133
2002,Shea,6,13,0.462
2002,Jadyn,5,19,0.263
2002,Jamie,5,49,0.102
2002,Kasey,5,9,0.556
2002,Mackenzie,5,91,0.055
2002,Sage,5,18,0.278
2002,Sidney,5,9,0.556
2003,Angel,542,63,8.603
2003,Ryan,402,15,26.8
2003,Tyler,323,5,64.6
2003,Dylan,293,14,20.929
2003,Adrian,258,5,51.6
2003,Logan,230,17,13.529
2003,Austin,204,5,40.8
2003,Aidan,187,11,17.0
2003,Jordan,179,104,1.721
2003,Hunter,163,10,16.3
2003,Cameron,137,8,17.125
2003,Alex,132,10,13.2
2003,Jayden,119,32,3.719
2003,Jesse,118,8,14.75
2003,Alexis,112,339,0.33
2003,Hayden,112,25,4.48
2003,Devin,104,6,17.333
2003,Ashton,99,7,14.143
2003,Jaden,86,32,2.688
2003,Riley,65,74,0.878
2003,Devon,61,7,8.714
2003,Notnamed,60,47,1.277
2003,Parker,50,5,10.0
2003,Jaime,47,7,6.714
2003,Skyler,40,13,3.077
2003,Taylor,35,188,0.186
2003,Dakota,34,20,1.7
2003,Jalen,30,5,6.0
2003,Kai,29,5,5.8
2003,Avery,28,61,0.459
2003,Casey,28,9,3.111
2003,Kayden,25,13,1.923
2003,Tristen,23,6,3.833
2003,Peyton,21,29,0.724
2003,Quinn,20,8,2.5
2003,Jessie,19,8,2.375
2003,Morgan,19,121,0.157
2003,Reese,18,20,0.9
2003,Noel,17,12,1.417
2003,Payton,17,39,0.436
2003,Harley,15,16,0.938
2003,Devyn,14,10,1.4
2003,Jaiden,14,23,0.609
2003,Amari,13,8,1.625
2003,Sage,13,27,0.481
2003,Skylar,12,31,0.387
2003,Ariel,11,48,0.229
2003,Dallas,11,5,2.2
2003,Darian,11,5,2.2
2003,Tristin,11,5,2.2
2003,Dorian,10,6,1.667
2003,Guadalupe,10,56,0.179
2003,Addison,9,35,0.257
2003,Bailey,9,74,0.122
2003,Dominique,8,18,0.444
2003,Devan,7,5,1.4
2003,Francis,7,5,1.4
2003,Jordyn,7,61,0.115
2003,Justice,6,14,0.429
2003,Eden,5,20,0.25
2003,Reagan,5,24,0.208
2003,Ryley,5,8,0.625
2003,Santana,5,6,0.833
2003,Shea,5,12,0.417
2003,Sidney,5,15,0.333
2004,Angel,541,60,9.017
2004,Ryan,357,14,25.5
2004,Tyler,352,12,29.333
2004,Dylan,268,14,19.143
2004,Logan,255,14,18.214
2004,Aidan,183,5,36.6
2004,Jordan,178,84,2.119
2004,Mason,159,5,31.8
2004,Alexis,144,318,0.453
2004,Cameron,139,21,6.619
2004,Hunter,135,6,22.5
2004,Hayden,115,8,14.375
2004,Jayden,110,42,2.619
2004,Jesse,100,8,12.5
2004,Jaden,96,27,3.556
2004,Devin,91,9,10.111
2004,Carter,90,5,18.0
2004,Notnamed,68,64,1.062
2004,Riley,66,90,0.733
2004,Parker,62,5,12.4
2004,Micah,45,6,7.5
2004,Dakota,44,28,1.571
2004,Skyler,39,14,2.786
2004,Taylor,39,168,0.232
2004,Rene,35,5,7.0
2004,Peyton,32,41,0.78
2004,Casey,30,15,2.0
2004,Cruz,28,5,5.6
2004,Tristen,28,6,4.667
2004,Avery,27,58,0.466
2004,Morgan,26,127,0.205
2004,Kayden,24,9,2.667
2004,Jaiden,23,19,1.211
2004,Payton,22,35,0.629
2004,Keegan,20,5,4.0
2004,Jessie,17,12,1.417
2004,Justice,16,20,0.8
2004,Jaylen,15,5,3.0
2004,Dallas,12,6,2.0
2004,Jadyn,12,32,0.375
2004,Ariel,11,42,0.262
2004,Guadalupe,10,60,0.167
2004,Reese,10,32,0.312
2004,Amari,9,5,1.8
2004,Harley,9,18,0.5
2004,Quinn,9,13,0.692
2004,Teagan,9,15,0.6
2004,Loren,8,5,1.6
2004,Sage,8,28,0.286
2004,Kasey,7,13,0.538
2004,Reece,7,9,0.778
2004,Addison,6,41,0.146
2004,Bailey,6,74,0.081
2004,Jamie,6,39,0.154
2004,Kelly,6,37,0.162
2004,Kendall,6,28,0.214
2004,Rowan,6,8,0.75
2004,Skylar,6,27,0.222
2004,Airam,5,7,0.714
2004,Darian,5,5,1.0
2004,Jaeden,5,6,0.833
2004,Rylee,5,70,0.071
2004,Shea,5,16,0.312
2004,Sydney,5,126,0.04
2004,Tatum,5,96,0.052
2005,Angel,619,39,15.872
2005,Tyler,381,12,31.75
2005,Ryan,329,18,18.278
2005,Logan,281,11,25.545
2005,Dylan,265,13,20.385
2005,Jordan,192,65,2.954
2005,Jayden,141,41,3.439
2005,Hayden,127,22,5.773
2005,Jesse,125,6,20.833
2005,Alexis,116,267,0.434
2005,Cameron,112,10,11.2
2005,Devin,90,6,15.0
2005,Notnamed,81,75,1.08
2005,Jaden,73,30,2.433
2005,Riley,72,105,0.686
2005,Ashton,71,5,14.2
2005,Parker,66,7,9.429
2005,Jaime,59,5,11.8
2005,Micah,47,5,9.4
2005,Peyton,37,46,0.804
2005,Skyler,35,23,1.522
2005,Dakota,34,42,0.81
2005,Kayden,30,7,4.286
2005,Jaiden,29,21,1.381
2005,Taylor,28,163,0.172
2005,Drew,26,5,5.2
2005,Casey,24,15,1.6
2005,Dallas,22,5,4.4
2005,Avery,21,96,0.219
2005,Payton,21,57,0.368
2005,Charlie,19,6,3.167
2005,Morgan,19,96,0.198
2005,Ariel,16,28,0.571
2005,Jessie,16,12,1.333
2005,Elliot,13,5,2.6
2005,Justice,13,11,1.182
2005,Dominique,12,20,0.6
2005,Devyn,10,12,0.833
2005,Jamie,10,25,0.4
2005,Reese,10,33,0.303
2005,Skylar,10,44,0.227
2005,Emerson,9,6,1.5
2005,Amari,8,8,1.0
2005,Bailey,8,49,0.163
2005,Eden,8,27,0.296
2005,Kendall,7,34,0.206
2005,Rowan,7,6,1.167
2005,Shea,7,18,0.389
2005,Harley,6,13,0.462
2005,Jaylin,6,6,1.0
2005,Kasey,6,6,1.0
2005,Shannon,6,15,0.4
2005,Sidney,6,13,0.462
2005,Guadalupe,5,50,0.1
2005,Jadyn,5,31,0.161
2005,Jordyn,5,57,0.088
2005,Raven,5,15,0.333
2005,Reilly,5,5,1.0
2005,Rylee,5,79,0.063
2005,Sage,5,25,0.2
2006,Angel,643,58,11.086
2006,Christian,373,7,53.286
2006,Logan,326,8,40.75
2006,Ryan,307,18,17.056
2006,Tyler,307,19,16.158
2006,Dylan,305,6,50.833
2006,Jordan,199,81,2.457
2006,Jayden,177,58,3.052
2006,Hayden,150,26,5.769
2006,Alex,149,5,29.8
2006,Hunter,134,5,26.8
2006,Alexis,129,289,0.446
2006,Cameron,122,22,5.545
2006,Jaden,115,21,5.476
2006,Bryce,80,5,16.0
2006,Riley,80,113,0.708
2006,Parker,78,8,9.75
2006,Notnamed,74,60,1.233
2006,Kai,51,11,4.636
2006,Avery,38,95,0.4
2006,Rylan,36,6,6.0
2006,Taylor,36,168,0.214
2006,Kayden,33,7,4.714
2006,Peyton,33,56,0.589
2006,Dakota,32,50,0.64
2006,Skyler,32,13,2.462
2006,Rene,31,5,6.2
2006,Jaiden,26,17,1.529
2006,Morgan,25,97,0.258
2006,Phoenix,25,9,2.778
2006,Tristen,25,5,5.0
2006,Casey,22,11,2.0
2006,Dallas,18,8,2.25
2006,Payton,17,49,0.347
2006,Skylar,17,36,0.472
2006,Jaylen,16,7,2.286
2006,Quinn,16,16,1.0
2006,Ariel,15,50,0.3
2006,Charlie,15,7,2.143
2006,Jessie,13,13,1.0
2006,Reece,13,7,1.857
2006,Justice,12,14,0.857
2006,Guadalupe,11,41,0.268
2006,Harley,11,7,1.571
2006,Addison,10,124,0.081
2006,Eden,10,30,0.333
2006,Reese,10,37,0.27
2006,Tristin,9,5,1.8
2006,Bailey,8,63,0.127
2006,Bentley,8,8,1.0
2006,Dominique,8,22,0.364
2006,Devyn,7,8,0.875
2006,Emerson,7,14,0.5
2006,Jamie,7,23,0.304
2006,Kasey,7,8,0.875
2006,Presley,7,17,0.412
2006,Rylee,7,103,0.068
2006,Sage,7,30,0.233
2006,Teagan,7,25,0.28
2006,Alexys,6,8,0.75
2006,Frankie,6,6,1.0
2006,Raven,6,11,0.545
2006,Santana,6,6,1.0
2006,Finley,5,11,0.455
2006,Jadyn,5,31,0.161
2006,Jaeden,5,6,0.833
2006,Jordyn,5,50,0.1
2006,London,5,23,0.217
2006,Reagan,5,45,0.111
2006,Tatum,5,95,0.053
2007,Angel,657,52,12.635
2007,Logan,352,18,19.556
2007,Ryan,318,15,21.2
2007,Dylan,276,17,16.235
2007,Jayden,272,67,4.06
2007,Jordan,193,73,2.644
2007,Austin,157,6,26.167
2007,Tristan,142,6,23.667
2007,Cameron,131,16,8.188
2007,Hunter,130,5,26.0
2007,Brayden,123,5,24.6
2007,Hayden,123,62,1.984
2007,Jaden,113,28,4.036
2007,Alexis,98,231,0.424
2007,Devin,96,5,19.2
2007,Parker,86,6,14.333
2007,Riley,67,111,0.604
2007,Kayden,49,25,1.96
2007,Jaime,47,5,9.4
2007,Notnamed,44,47,0.936
2007,Peyton,43,48,0.896
2007,Jaiden,42,11,3.818
2007,Keegan,42,8,5.25
2007,Avery,38,100,0.38
2007,Drew,37,5,7.4
2007,Skyler,37,13,2.846
2007,Rylan,32,13,2.462
2007,Dakota,31,40,0.775
2007,Phoenix,27,11,2.455
2007,Casey,26,9,2.889
2007,Dallas,25,5,5.0
2007,Ali,24,6,4.0
2007,Quinn,23,10,2.3
2007,Taylor,22,180,0.122
2007,Tristen,22,6,3.667
2007,Rowan,20,11,1.818
2007,Payton,19,61,0.311
2007,Noel,17,5,3.4
2007,Amari,16,6,2.667
2007,Charlie,16,6,2.667
2007,Morgan,16,78,0.205
2007,Ariel,15,47,0.319
2007,Jessie,15,12,1.25
2007,Justice,13,14,0.929
2007,Reese,12,54,0.222
2007,Jaylen,10,7,1.429
2007,Tristin,10,5,2.0
2007,Finley,9,6,1.5
2007,Harley,9,16,0.562
2007,Reece,9,9,1.0
2007,Sage,9,18,0.5
2007,Skylar,9,23,0.391
2007,Bailey,8,71,0.113
2007,Devyn,8,5,1.6
2007,Emerson,8,17,0.471
2007,Teagan,8,34,0.235
2007,Addison,7,192,0.036
2007,Jaylin,7,8,0.875
2007,Kasey,7,8,0.875
2007,Rory,7,6,1.167
2007,Eden,6,35,0.171
2007,Jordin,6,11,0.545
2007,Kalani,6,5,1.2
2007,Dominique,5,18,0.278
2007,Emery,5,12,0.417
2007,Guadalupe,5,44,0.114
2007,Jadyn,5,27,0.185
2007,Jaidyn,5,16,0.312
2007,Kendall,5,34,0.147
2007,Rian,5,8,0.625
2007,Tatum,5,74,0.068
2008,Angel,516,33,15.636
2008,Aiden,392,7,56.0
2008,Jayden,323,42,7.69
2008,Ryan,303,10,30.3
2008,Logan,281,12,23.417
2008,Dylan,266,14,19.0
2008,Tyler,227,8,28.375
2008,Jordan,183,62,2.952
2008,Hunter,138,5,27.6
2008,Cameron,122,12,10.167
2008,Ayden,121,7,17.286
2008,Blake,102,5,20.4
2008,Hayden,102,72,1.417
2008,Jaden,101,16,6.312
2008,Riley,94,141,0.667
2008,Parker,76,15,5.067
2008,Alexis,75,253,0.296
2008,Peyton,55,109,0.505
2008,Keegan,47,5,9.4
2008,Jaiden,42,15,2.8
2008,Kayden,40,21,1.905
2008,Rylan,40,7,5.714
2008,Kai,38,6,6.333
2008,Notnamed,38,31,1.226
2008,Skyler,38,6,6.333
2008,Avery,31,93,0.333
2008,Dallas,28,5,5.6
2008,Taylor,27,165,0.164
2008,Drew,25,5,5.0
2008,Casey,24,8,3.0
2008,Payton,24,83,0.289
2008,Rowan,24,14,1.714
2008,Quinn,23,17,1.353
2008,Elliot,22,5,4.4
2008,Phoenix,22,10,2.2
2008,Ariel,20,38,0.526
2008,Dakota,20,18,1.111
2008,Teagan,20,31,0.645
2008,Ali,17,6,2.833
2008,Morgan,16,100,0.16
2008,Armani,15,9,1.667
2008,Jessie,15,12,1.25
2008,Amari,14,12,1.167
2008,Emerson,14,18,0.778
2008,Charlie,13,11,1.182
2008,Emery,13,18,0.722
2008,Marley,13,56,0.232
2008,Harley,12,18,0.667
2008,Skylar,12,30,0.4
2008,Reese,11,50,0.22
2008,Eden,10,42,0.238
2008,London,10,36,0.278
2008,Lyric,10,12,0.833
2008,Justice,9,8,1.125
2008,Sage,9,18,0.5
2008,Tegan,9,5,1.8
2008,Devyn,8,5,1.6
2008,Dominique,8,18,0.444
2008,Guadalupe,8,38,0.211
2008,Elisha,7,5,1.4
2008,Reagan,7,52,0.135
2008,Finley,6,12,0.5
2008,Presley,6,28,0.214
2008,Rory,6,6,1.0
2008,Bailey,5,93,0.054
2008,Jadyn,5,27,0.185
2008,Jamie,5,31,0.161
2008,Kasey,5,9,0.556
2008,Rylee,5,75,0.067
2009,Angel,474,32,14.812
2009,Logan,332,6,55.333
2009,Jayden,307,55,5.582
2009,Dylan,276,15,18.4
2009,Ryan,221,13,17.0
2009,Tyler,220,5,44.0
2009,Jordan,178,50,3.56
2009,Hunter,135,6,22.5
2009,Cameron,126,9,14.0
2009,Ayden,102,10,10.2
2009,Parker,100,8,12.5
2009,Hayden,96,70,1.371
2009,Riley,80,111,0.721
2009,Micah,72,10,7.2
2009,Jaden,62,9,6.889
2009,Kayden,60,9,6.667
2009,Alexis,48,203,0.236
2009,Rylan,48,6,8.0
2009,Jaime,41,5,8.2
2009,Jaiden,40,20,2.0
2009,Skyler,39,7,5.571
2009,Notnamed,35,23,1.522
2009,Peyton,34,110,0.309
2009,Phoenix,30,8,3.75
2009,Quinn,27,16,1.688
2009,Payton,21,67,0.313
2009,Rowan,20,14,1.429
2009,Avery,18,106,0.17
2009,Taylor,18,170,0.106
2009,Casey,17,11,1.545
2009,Dallas,16,6,2.667
2009,Ari,15,6,2.5
2009,Charlie,15,11,1.364
2009,Emerson,15,16,0.938
2009,Ariel,14,37,0.378
2009,Dakota,14,21,0.667
2009,Amari,12,6,2.0
2009,Emery,12,26,0.462
2009,London,12,47,0.255
2009,Skylar,12,19,0.632
2009,Justice,11,9,1.222
2009,Jordyn,10,56,0.179
2009,Morgan,10,75,0.133
2009,Harley,9,14,0.643
2009,Jessie,9,15,0.6
2009,Marley,9,39,0.231
2009,Finley,8,9,0.889
2009,Guadalupe,8,35,0.229
2009,Reece,8,13,0.615
2009,Dominique,7,12,0.583
2009,Jaidyn,7,15,0.467
2009,Reese,7,41,0.171
2009,Eden,6,28,0.214
2009,Elisha,6,5,1.2
2009,Jadyn,6,19,0.316
2009,Jamie,6,28,0.214
2009,Amani,5,14,0.357
2009,Devyn,5,9,0.556
2009,Harper,5,20,0.25
2009,Kasey,5,10,0.5
2009,Lyric,5,14,0.357
2009,Rylee,5,64,0.078
2009,Rylie,5,24,0.208
2009,Teagan,5,25,0.2
2010,Angel,397,36,11.028
2010,Jayden,352,38,9.263
2010,Logan,297,11,27.0
2010,Dylan,226,11,20.545
2010,Ryan,200,8,25.0
2010,Jordan,176,33,5.333
2010,Cameron,122,13,9.385
2010,Jesse,104,5,20.8
2010,Ayden,102,7,14.571
2010,Hayden,86,45,1.911
2010,Parker,79,16,4.938
2010,Jaden,74,5,14.8
2010,Riley,67,98,0.684
2010,Kayden,56,16,3.5
2010,Rylan,52,5,10.4
2010,Alexis,46,183,0.251
2010,Peyton,41,100,0.41
2010,Sawyer,39,10,3.9
2010,Keegan,36,6,6.0
2010,Jaiden,34,7,4.857
2010,Skyler,34,13,2.615
2010,Avery,28,94,0.298
2010,Charlie,24,17,1.412
2010,Dallas,20,9,2.222
2010,Noel,19,6,3.167
2010,Elliot,18,6,3.0
2010,Quinn,18,26,0.692
2010,Taylor,18,123,0.146
2010,Ali,17,6,2.833
2010,Amari,17,5,3.4
2010,Ari,17,10,1.7
2010,Payton,17,90,0.189
2010,Phoenix,16,14,1.143
2010,Rowan,16,23,0.696
2010,Skylar,16,19,0.842
2010,Remington,15,5,3.0
2010,Armani,14,6,2.333
2010,Casey,14,5,2.8
2010,Dakota,14,18,0.778
2010,Notnamed,14,11,1.273
2010,Emerson,13,6,2.167
2010,Finley,12,21,0.571
2010,Jessie,12,14,0.857
2010,Justice,11,8,1.375
2010,Reagan,11,57,0.193
2010,Reece,11,5,2.2
2010,Reese,11,48,0.229
2010,Channing,10,8,1.25
2010,River,10,5,2.0
2010,Ariel,9,25,0.36
2010,Frankie,9,6,1.5
2010,Morgan,9,39,0.231
2010,Sage,9,14,0.643
2010,Lyric,8,11,0.727
2010,Teagan,8,42,0.19
2010,Eden,7,58,0.121
2010,Emery,7,28,0.25
2010,Guadalupe,7,30,0.233
2010,Harper,7,46,0.152
2010,Payson,7,5,1.4
2010,Presley,7,38,0.184
2010,Tatum,7,78,0.09
2010,Dominique,6,9,0.667
2010,London,6,38,0.158
2010,Marley,6,26,0.231
2010,Rylee,6,66,0.091
2010,Harley,5,14,0.357
2010,Kelly,5,22,0.227
2010,Leighton,5,8,0.625
2010,Rory,5,5,1.0
2011,Angel,360,26,13.846
2011,Jayden,318,33,9.636
2011,Logan,259,10,25.9
2011,Dylan,234,16,14.625
2011,Ryan,184,15,12.267
2011,Jordan,178,33,5.394
2011,Hunter,138,7,19.714
2011,Cameron,102,7,14.571
2011,Parker,101,17,5.941
2011,Blake,97,6,16.167
2011,Micah,96,6,16.0
2011,Hayden,84,44,1.909
2011,Jaden,70,8,8.75
2011,Bentley,67,11,6.091
2011,Ezra,56,5,11.2
2011,Riley,56,110,0.509
2011,Rylan,55,12,4.583
2011,Kayden,54,12,4.5
2011,Kai,51,6,8.5
2011,Devin,50,6,8.333
2011,Alexis,42,142,0.296
2011,Sawyer,38,8,4.75
2011,Elliot,37,14,2.643
2011,Avery,36,145,0.248
2011,Jaiden,35,7,5.0
2011,Charlie,31,20,1.55
2011,Dallas,29,6,4.833
2011,Peyton,29,98,0.296
2011,Skyler,29,10,2.9
2011,Ali,25,10,2.5
2011,Taylor,19,116,0.164
2011,Noel,18,6,3.0
2011,Dakota,17,28,0.607
2011,Quinn,17,44,0.386
2011,Rowan,17,13,1.308
2011,Skylar,16,24,0.667
2011,Amari,15,6,2.5
2011,Elliott,15,7,2.143
2011,Notnamed,15,10,1.5
2011,River,14,5,2.8
2011,Tatum,14,62,0.226
2011,Emerson,11,12,0.917
2011,Lyric,11,5,2.2
2011,Ariel,10,35,0.286
2011,Rory,10,8,1.25
2011,Eden,9,42,0.214
2011,Harper,9,68,0.132
2011,Reese,9,41,0.22
2011,Teagan,9,43,0.209
2011,Addison,8,146,0.055
2011,Finley,7,11,0.636
2011,Haven,7,12,0.583
2011,Justice,7,8,0.875
2011,Morgan,7,56,0.125
2011,Phoenix,7,7,1.0
2011,Jessie,6,5,1.2
2011,Leighton,6,7,0.857
2011,Payton,6,75,0.08
2011,Emery,5,29,0.172
2011,Harley,5,20,0.25
2011,Jamie,5,12,0.417
2011,Jordyn,5,56,0.089
2011,Kasey,5,5,1.0
2011,Marley,5,21,0.238
2011,Reagan,5,47,0.106
2011,Rylee,5,81,0.062
2011,Sage,5,15,0.333
2011,Shea,5,7,0.714
2011,Teegan,5,5,1.0
2012,Jayden,319,20,15.95
2012,Logan,270,8,33.75
2012,Angel,262,36,7.278
2012,Dylan,223,16,13.938
2012,Ryan,199,14,14.214
2012,Jordan,166,29,5.724
2012,Blake,120,8,15.0
2012,Cameron,98,10,9.8
2012,Parker,98,18,5.444
2012,Bentley,78,6,13.0
2012,Ryder,77,5,15.4
2012,Hayden,74,34,2.176
2012,Kayden,61,12,5.083
2012,Riley,54,89,0.607
2012,Sawyer,51,17,3.0
2012,Alexis,48,123,0.39
2012,Rylan,40,7,5.714
2012,Avery,34,131,0.26
2012,Peyton,34,98,0.347
2012,Jaiden,32,9,3.556
2012,Skyler,31,8,3.875
2012,Taylor,30,96,0.312
2012,Drew,29,9,3.222
2012,Dallas,28,6,4.667
2012,Charlie,26,26,1.0
2012,Elliot,26,5,5.2
2012,Armani,25,8,3.125
2012,Zion,25,6,4.167
2012,Phoenix,24,16,1.5
2012,Dakota,21,21,1.0
2012,Rowan,21,10,2.1
2012,Jaylen,18,5,3.6
2012,Quinn,17,52,0.327
2012,River,17,9,1.889
2012,Skylar,17,34,0.5
2012,Casey,16,9,1.778
2012,Emerson,16,21,0.762
2012,Amari,12,8,1.5
2012,Harley,12,18,0.667
2012,Morgan,12,50,0.24
2012,Tatum,12,70,0.171
2012,Eden,10,48,0.208
2012,Landyn,10,5,2.0
2012,Payton,10,62,0.161
2012,Ariel,9,41,0.22
2012,Reagan,9,62,0.145
2012,Sage,9,18,0.5
2012,Azariah,8,6,1.333
2012,Jamie,7,15,0.467
2012,Leighton,7,11,0.636
2012,London,7,42,0.167
2012,Lyric,7,16,0.438
2012,Marley,7,26,0.269
2012,Quincy,7,6,1.167
2012,Reese,7,62,0.113
2012,Harper,6,126,0.048
2012,Teagan,6,29,0.207
2012,Addison,5,132,0.038
2012,Emery,5,33,0.152
2012,Finley,5,17,0.294
2012,Haven,5,18,0.278
2012,Jade,5,67,0.075
2012,Kamryn,5,14,0.357
2012,Kennedy,5,46,0.109
2012,Shiloh,5,7,0.714
2013,Jayden,314,20,15.7
2013,Angel,250,21,11.905
2013,Dylan,243,9,27.0
2013,Logan,233,11,21.182
2013,Ryan,185,7,26.429
2013,Jordan,152,34,4.471
2013,Hunter,151,5,30.2
2013,Blake,124,20,6.2
2013,Cameron,113,6,18.833
2013,Parker,102,17,6.0
2013,Ezra,89,5,17.8
2013,Bentley,66,8,8.25
2013,Hayden,59,47,1.255
2013,Kayden,56,7,8.0
2013,Jaden,55,7,7.857
2013,Sawyer,55,10,5.5
2013,Riley,44,82,0.537
2013,Rylan,37,9,4.111
2013,Jaiden,35,5,7.0
2013,Alexis,29,107,0.271
2013,Peyton,29,82,0.354
2013,Avery,28,178,0.157
2013,Noel,28,6,4.667
2013,Charlie,27,31,0.871
2013,Spencer,25,7,3.571
2013,Elliot,18,8,2.25
2013,Skyler,18,16,1.125
2013,Ali,17,5,3.4
2013,Milan,17,7,2.429
2013,Dakota,16,15,1.067
2013,Ari,15,11,1.364
2013,Eden,15,37,0.405
2013,Elliott,15,10,1.5
2013,Quinn,15,51,0.294
2013,Rory,15,8,1.875
2013,Taylor,15,77,0.195
2013,Dallas,14,10,1.4
2013,Harley,14,21,0.667
2013,Phoenix,13,9,1.444
2013,River,13,8,1.625
2013,Skylar,13,54,0.241
2013,Tatum,13,71,0.183
2013,Emerson,12,24,0.5
2013,Remington,12,9,1.333
2013,Joey,11,6,1.833
2013,Rowan,11,14,0.786
2013,Casey,10,8,1.25
2013,Justice,10,11,0.909
2013,Kyrie,9,7,1.286
2013,Lennon,9,9,1.0
2013,Morgan,9,36,0.25
2013,Reese,9,42,0.214
2013,Finley,8,20,0.4
2013,London,8,44,0.182
2013,Teagan,8,30,0.267
2013,Haven,7,28,0.25
2013,Jessie,7,15,0.467
2013,Keagan,7,5,1.4
2013,Payton,7,65,0.108
2013,Ariel,6,83,0.072
2013,Brighton,6,7,0.857
2013,Addison,5,115,0.043
2013,Dominique,5,7,0.714
2013,Emery,5,37,0.135
2013,Harper,5,160,0.031
2013,Jamie,5,14,0.357
2013,Lennox,5,5,1.0
2013,Marley,5,37,0.135
2013,Monroe,5,16,0.312
2013,Remy,5,8,0.625
2013,Rylee,5,58,0.086
2013,Sage,5,22,0.227
2014,Jayden,308,18,17.111
2014,Logan,281,10,28.1
2014,Angel,265,17,15.588
2014,Dylan,227,16,14.188
2014,Hunter,173,6,28.833
2014,Ryan,165,11,15.0
2014,Carter,159,5,31.8
2014,Jordan,150,20,7.5
2014,Cameron,116,10,11.6
2014,Ezra,113,5,22.6
2014,Parker,104,42,2.476
2014,Carson,94,5,18.8
2014,Blake,88,20,4.4
2014,Kayden,70,12,5.833
2014,Sawyer,66,22,3.0
2014,Hayden,55,48,1.146
2014,Kai,53,8,6.625
2014,Riley,49,83,0.59
2014,Elliot,39,11,3.545
2014,Avery,37,173,0.214
2014,Alexis,34,98,0.347
2014,Charlie,32,33,0.97
2014,Remington,32,12,2.667
2014,Spencer,30,6,5.0
2014,Peyton,28,81,0.346
2014,Emerson,27,24,1.125
2014,Milan,27,9,3.0
2014,Rowan,27,7,3.857
2014,Zion,27,7,3.857
2014,Skyler,24,22,1.091
2014,Elliott,23,7,3.286
2014,Phoenix,23,12,1.917
2014,Eden,22,44,0.5
2014,River,22,9,2.444
2014,Armani,21,8,2.625
2014,Quinn,20,61,0.328
2014,Dallas,19,12,1.583
2014,Taylor,19,70,0.271
2014,Remy,18,9,2.0
2014,Amari,16,5,3.2
2014,Azariah,16,5,3.2
2014,Drew,16,8,2.0
2014,Ari,14,6,2.333
2014,Finley,14,27,0.519
2014,Rory,14,6,2.333
2014,Karter,13,5,2.6
2014,Tatum,13,50,0.26
2014,Emery,12,59,0.203
2014,Ali,11,5,2.2
2014,Ariel,10,71,0.141
2014,Joey,10,5,2.0
2014,Jordyn,10,45,0.222
2014,Lyric,10,14,0.714
2014,Oakley,10,5,2.0
2014,Dakota,9,24,0.375
2014,Harley,9,33,0.273
2014,Justice,9,17,0.529
2014,London,9,43,0.209
2014,Marley,9,36,0.25
2014,Payson,9,7,1.286
2014,Camdyn,8,5,1.6
2014,Frankie,8,6,1.333
2014,Lennon,8,12,0.667
2014,Morgan,8,47,0.17
2014,Sage,8,24,0.333
2014,Sky,8,9,0.889
2014,Skylar,8,52,0.154
2014,Casey,7,10,0.7
2014,Kyrie,7,5,1.4
2014,Payton,7,48,0.146
2014,Bailey,6,58,0.103
2014,Jamie,6,9,0.667
2014,Reagan,6,70,0.086
2014,Harper,5,171,0.029
2014,Kendall,5,39,0.128
2014,Leighton,5,10,0.5
2015,Logan,263,13,20.231
2015,Jayden,261,6,43.5
2015,Angel,242,13,18.615
2015,Dylan,206,16,12.875
2015,Carter,184,10,18.4
2015,Ryan,168,10,16.8
2015,Hunter,163,10,16.3
2015,Ezra,135,6,22.5
2015,Jordan,118,31,3.806
2015,Parker,95,26,3.654
2015,Blake,91,27,3.37
2015,Ryder,90,5,18.0
2015,Cameron,87,12,7.25
2015,Kai,87,7,12.429
2015,Carson,86,5,17.2
2015,Kayden,74,6,12.333
2015,Sawyer,58,22,2.636
2015,Hayden,55,33,1.667
2015,Avery,43,160,0.269
2015,Elliot,40,10,4.0
2015,Milan,39,6,6.5
2015,Riley,39,98,0.398
2015,Dallas,32,8,4.0
2015,Charlie,31,40,0.775
2015,Eden,29,50,0.58
2015,Rowan,29,21,1.381
2015,Amari,27,12,2.25
2015,Armani,25,8,3.125
2015,Remington,25,11,2.273
2015,Alexis,24,88,0.273
2015,Casey,24,5,4.8
2015,Skyler,24,16,1.5
2015,Ariel,23,67,0.343
2015,Emerson,23,15,1.533
2015,River,22,18,1.222
2015,Phoenix,20,10,2.0
2015,Elliott,19,6,3.167
2015,Quinn,19,67,0.284
2015,Rory,19,12,1.583
2015,Royal,19,8,2.375
2015,Taylor,18,65,0.277
2015,Azariah,17,6,2.833
2015,Finley,17,33,0.515
2015,Kyrie,16,10,1.6
2015,Justice,15,7,2.143
2015,Karter,15,6,2.5
2015,Dakota,14,34,0.412
2015,Jaylen,14,5,2.8
2015,Remy,14,9,1.556
2015,Ari,12,7,1.714
2015,Lennon,11,13,0.846
2015,Payton,11,58,0.19
2015,Reece,11,7,1.571
2015,Peyton,10,72,0.139
2015,Frankie,9,6,1.5
2015,Leighton,9,14,0.643
2015,London,9,41,0.22
2015,Sage,9,13,0.692
2015,Tatum,9,56,0.161
2015,Emery,8,54,0.148
2015,Lennox,8,9,0.889
2015,Harley,7,31,0.226
2015,Presley,7,41,0.171
2015,Reese,7,34,0.206
2015,Ever,6,6,1.0
2015,Jessie,6,16,0.375
2015,Kennedy,6,111,0.054
2015,Nova,6,28,0.214
2015,Reagan,6,72,0.083
2015,Skylar,6,60,0.1
2015,Lyric,5,18,0.278
2015,Morgan,5,36,0.139
2015,Payson,5,7,0.714
2016,Noah,428,5,85.6
2016,Mason,282,6,47.0
2016,Logan,250,16,15.625
2016,Angel,234,25,9.36
2016,Jayden,223,12,18.583
2016,Dylan,209,17,12.294
2016,Hunter,173,7,24.714
2016,Ezra,154,8,19.25
2016,Carter,149,15,9.933
2016,Ryan,140,23,6.087
2016,Carson,123,5,24.6
2016,Hudson,114,5,22.8
2016,Jordan,114,28,4.071
2016,Cameron,103,16,6.438
2016,Ryder,97,6,16.167
2016,Evan,95,6,15.833
2016,Parker,91,25,3.64
2016,Cooper,83,5,16.6
2016,Kai,73,5,14.6
2016,Alex,71,5,14.2
2016,Tyler,68,7,9.714
2016,Ashton,55,5,11.0
2016,Blake,55,38,1.447
2016,Sawyer,55,29,1.897
2016,Jude,54,6,9.0
2016,Rowan,49,29,1.69
2016,Avery,43,158,0.272
2016,Hayden,41,48,0.854
2016,Alexis,36,65,0.554
2016,Phoenix,33,11,3.0
2016,Elliot,30,8,3.75
2016,Noel,30,5,6.0
2016,Ali,29,5,5.8
2016,River,29,17,1.706
2016,Riley,28,130,0.215
2016,Ariel,27,80,0.338
2016,Elliott,27,7,3.857
2016,Rylan,26,8,3.25
2016,Charlie,25,48,0.521
2016,Eden,25,35,0.714
2016,Remington,25,19,1.316
2016,Quinn,24,81,0.296
2016,Skyler,24,19,1.263
2016,Dallas,22,10,2.2
2016,Rory,22,9,2.444
2016,Milan,19,6,3.167
2016,Peyton,19,66,0.288
2016,Amari,16,9,1.778
2016,Ari,16,8,2.0
2016,Armani,15,8,1.875
2016,Emerson,15,27,0.556
2016,Finley,15,37,0.405
2016,Remy,15,9,1.667
2016,Azariah,13,6,2.167
2016,Frankie,13,7,1.857
2016,Jaylen,13,7,1.857
2016,Morgan,10,37,0.27
2016,Sage,10,21,0.476
2016,Emery,9,54,0.167
2016,Jessie,9,9,1.0
2016,Kingsley,9,7,1.286
2016,Lennon,9,21,0.429
2016,Lennox,9,5,1.8
2016,Tatum,9,62,0.145
2016,Taylor,9,56,0.161
2016,Lyric,8,22,0.364
2016,Dakota,7,27,0.259
2016,Dominique,7,7,1.0
2016,Emory,7,5,1.4
2016,Justice,7,7,1.0
2016,London,7,41,0.171
2016,Reese,7,29,0.241
2016,Bailey,6,41,0.146
2016,Harper,6,189,0.032
2016,Oakley,6,13,0.462
2016,Payton,6,28,0.214
2016,Harley,5,38,0.132
2016,Jamie,5,19,0.263
2016,Kennedy,5,84,0.06
2016,Presley,5,47,0.106
2016,Robin,5,9,0.556
2016,Skylar,5,55,0.091
2017,Logan,273,25,10.92
2017,Angel,223,10,22.3
2017,Lincoln,184,7,26.286
2017,Dylan,182,16,11.375
2017,Carter,180,11,16.364
2017,Ezra,162,6,27.0
2017,Hunter,145,5,29.0
2017,Ryan,127,10,12.7
2017,Carson,111,6,18.5
2017,Jordan,100,19,5.263
2017,Austin,98,6,16.333
2017,Parker,82,16,5.125
2017,Cameron,75,8,9.375
2017,Alex,62,6,10.333
2017,Sawyer,62,23,2.696
2017,Maddox,56,5,11.2
2017,Jude,55,8,6.875
2017,Rowan,52,27,1.926
2017,Blake,50,46,1.087
2017,Elliot,45,12,3.75
2017,August,41,5,8.2
2017,Hayden,41,39,1.051
2017,Avery,38,140,0.271
2017,River,36,28,1.286
2017,Charlie,34,36,0.944
2017,Elliott,33,8,4.125
2017,Kyrie,31,7,4.429
2017,Riley,29,126,0.23
2017,Remington,28,22,1.273
2017,Eden,27,42,0.643
2017,Noel,27,5,5.4
2017,Emerson,26,24,1.083
2017,Rylan,23,9,2.556
2017,Skyler,22,9,2.444
2017,Alexis,21,42,0.5
2017,Phoenix,21,18,1.167
2017,Peyton,20,45,0.444
2017,Amari,19,6,3.167
2017,Dallas,19,9,2.111
2017,Remy,19,19,1.0
2017,Ariel,18,66,0.273
2017,Milan,18,5,3.6
2017,Royal,18,5,3.6
2017,Ellis,16,6,2.667
2017,Armani,15,5,3.0
2017,Rory,15,14,1.071
2017,Rowen,15,5,3.0
2017,Taylor,14,44,0.318
2017,Dakota,13,24,0.542
2017,Finley,13,31,0.419
2017,Sage,13,30,0.433
2017,Frankie,12,17,0.706
2017,Tatum,12,37,0.324
2017,Emery,11,57,0.193
2017,Gianni,11,5,2.2
2017,Oakley,11,15,0.733
2017,Azariah,10,7,1.429
2017,Morgan,10,19,0.526
2017,Harley,9,42,0.214
2017,Lennox,8,10,0.8
2017,Quinn,8,103,0.078
2017,Bailey,7,53,0.132
2017,Leighton,7,12,0.583
2017,London,7,30,0.233
2017,Skylar,7,49,0.143
2017,Ari,6,5,1.2
2017,Justice,6,11,0.545
2017,Lyric,6,10,0.6
2017,Nova,6,63,0.095
2017,Payson,6,5,1.2
2017,Payton,6,40,0.15
2017,Emory,5,6,0.833
2017,Reagan,5,50,0.1
2017,Reese,5,39,0.128
2017,Remi,5,43,0.116
2017,Sloan,5,11,0.455
2017,Wren,5,12,0.417
2018,Noah,382,9,42.444
2018,Logan,232,17,13.647
2018,Angel,214,10,21.4
2018,Jayden,207,7,29.571
2018,Ezra,195,9,21.667
2018,Carter,175,12,14.583
2018,Dylan,170,16,10.625
2018,Hudson,130,5,26.0
2018,Hunter,119,6,19.833
2018,Ryan,111,16,6.938
2018,Jordan,109,30,3.633
2018,Cameron,90,8,11.25
2018,Kai,80,6,13.333
2018,Kayden,64,5,12.8
2018,Elliot,61,11,5.545
2018,Sawyer,60,33,1.818
2018,Rowan,53,28,1.893
2018,Parker,51,35,1.457
2018,Avery,49,159,0.308
2018,Blake,45,29,1.552
2018,Hayden,41,30,1.367
2018,August,37,5,7.4
2018,Phoenix,34,25,1.36
2018,Elliott,33,6,5.5
2018,Riley,33,113,0.292
2018,River,33,27,1.222
2018,Remington,30,29,1.034
2018,Charlie,26,35,0.743
2018,Sterling,26,5,5.2
2018,Alexis,25,41,0.61
2018,Armani,23,5,4.6
2018,Karter,23,6,3.833
2018,Spencer,23,6,3.833
2018,Ariel,22,70,0.314
2018,Eden,22,35,0.629
2018,Dawson,21,5,4.2
2018,Finley,19,30,0.633
2018,Remy,19,12,1.583
2018,Quinn,18,68,0.265
2018,Amari,17,16,1.062
2018,Kyrie,17,5,3.4
2018,Sage,17,31,0.548
2018,Emerson,16,33,0.485
2018,Lennox,16,9,1.778
2018,Rory,16,5,3.2
2018,Taylor,16,58,0.276
2018,Milan,15,7,2.143
2018,Dallas,14,11,1.273
2018,Tatum,14,38,0.368
2018,Rowen,13,14,0.929
2018,Skyler,13,14,0.929
2018,Oakley,12,23,0.522
2018,Peyton,12,62,0.194
2018,Ari,11,14,0.786
2018,Frankie,11,10,1.1
2018,Justice,11,7,1.571
2018,Morgan,11,22,0.5
2018,Casey,10,5,2.0
2018,Chandler,10,9,1.111
2018,Dakota,9,25,0.36
2018,Lyric,9,20,0.45
2018,Lennon,8,20,0.4
2018,London,8,23,0.348
2018,Reagan,8,53,0.151
2018,Santana,8,10,0.8
2018,Bellamy,7,5,1.4
2018,Jamie,7,13,0.538
2018,Rio,7,5,1.4
2018,Emery,6,71,0.085
2018,Marley,6,34,0.176
2018,Payton,6,36,0.167
2018,Reign,6,9,0.667
2018,Remi,6,52,0.115
2018,Everest,5,5,1.0
2018,Journey,5,23,0.217
2018,Salem,5,9,0.556
2018,Teagan,5,34,0.147
2019,Noah,422,6,70.333
2019,Logan,202,19,10.632
2019,Ezra,200,9,22.222
2019,Angel,198,18,11.0
2019,Jayden,171,11,15.545
2019,Carter,139,15,9.267
2019,Dylan,127,10,12.7
2019,Kai,121,12,10.083
2019,Ryan,100,13,7.692
2019,Ryder,89,5,17.8
2019,Cameron,76,6,12.667
2019,Jordan,65,18,3.611
2019,Alex,61,6,10.167
2019,Parker,61,33,1.848
2019,Sawyer,60,30,2.0
2019,Bentley,49,5,9.8
2019,Avery,48,139,0.345
2019,Rowan,47,35,1.343
2019,Zion,46,7,6.571
2019,Elliot,45,14,3.214
2019,Remington,44,22,2.0
2019,Blake,38,44,0.864
2019,River,37,28,1.321
2019,Phoenix,35,23,1.522
2019,Hayden,32,26,1.231
2019,Charlie,30,49,0.612
2019,Alexis,26,32,0.812
2019,Emerson,23,30,0.767
2019,Kyrie,23,6,3.833
2019,Eden,22,20,1.1
2019,Sage,22,26,0.846
2019,Amari,21,14,1.5
2019,Finley,21,30,0.7
2019,Lennox,21,8,2.625
2019,Rory,21,16,1.312
2019,Dakota,17,20,0.85
2019,Riley,17,103,0.165
2019,Ellis,16,8,2.0
2019,Quinn,16,63,0.254
2019,Rylan,16,11,1.455
2019,Spencer,15,7,2.143
2019,Dallas,14,15,0.933
2019,Morgan,14,37,0.378
2019,Azariah,13,5,2.6
2019,Remi,13,56,0.232
2019,Skyler,13,10,1.3
2019,Ari,11,16,0.688
2019,Ariel,11,55,0.2
2019,Oakley,11,25,0.44
2019,Reign,11,9,1.222
2019,Remy,11,7,1.571
2019,Royal,11,11,1.0
2019,Jael,10,5,2.0
2019,Quincy,10,6,1.667
2019,Rowen,10,6,1.667
2019,Santana,10,6,1.667
2019,Casey,8,6,1.333
2019,Tatum,8,39,0.205
2019,Taylor,8,49,0.163
2019,Drew,7,5,1.4
2019,Frankie,7,9,0.778
2019,Justice,7,8,0.875
2019,Peyton,7,44,0.159
2019,Emery,6,77,0.078
2019,Kingsley,6,7,0.857
2019,Layne,6,7,0.857
2019,Nova,6,75,0.08
2019,Bowie,5,5,1.0
2019,Finnley,5,6,0.833
2019,Harley,5,39,0.128
2019,Lennon,5,19,0.263
2019,London,5,27,0.185
2019,Shiloh,5,15,0.333
2019,Skylar,5,41,0.122
2020,Noah,397,6,66.167
2020,Ezra,191,14,13.643
2020,Logan,185,20,9.25
2020,Angel,170,11,15.455
2020,Lincoln,162,6,27.0
2020,Carter,137,12,11.417
2020,Dylan,120,16,7.5
2020,Hunter,102,5,20.4
2020,Kai,94,6,15.667
2020,Ryan,94,16,5.875
2020,Cameron,83,8,10.375
2020,Micah,79,7,11.286
2020,Austin,70,8,8.75
2020,Rowan,68,26,2.615
2020,Jordan,67,15,4.467
2020,Parker,62,32,1.938
2020,Jude,58,6,9.667
2020,Alex,54,8,6.75
2020,Elliot,51,11,4.636
2020,Hayden,48,31,1.548
2020,Sawyer,45,32,1.406
2020,Bentley,43,5,8.6
2020,Phoenix,40,21,1.905
2020,Elliott,37,16,2.312
2020,Blake,35,38,0.921
2020,River,35,27,1.296
2020,Avery,33,120,0.275
2020,Charlie,33,37,0.892
2020,Remy,33,15,2.2
2020,Remington,29,29,1.0
2020,Riley,29,77,0.377
2020,Amari,28,12,2.333
2020,Hendrix,27,5,5.4
2020,Armani,23,7,3.286
2020,Eden,23,29,0.793
2020,Dallas,22,6,3.667
2020,Ellis,21,7,3.0
2020,Ari,20,11,1.818
2020,Dakota,19,24,0.792
2020,Finley,17,26,0.654
2020,Ariel,16,39,0.41
2020,Milan,16,12,1.333
2020,Skyler,16,10,1.6
2020,Emerson,15,12,1.25
2020,Lennox,15,7,2.143
2020,Oakley,15,28,0.536
2020,Rylan,15,5,3.0
2020,Santana,15,8,1.875
2020,Alexis,14,31,0.452
2020,Azariah,14,6,2.333
2020,Frankie,12,12,1.0
2020,Joey,12,5,2.4
2020,Kingsley,12,7,1.714
2020,Sage,12,26,0.462
2020,Tatum,12,36,0.333
2020,Morgan,11,22,0.5
2020,Rory,11,14,0.786
2020,Nova,9,80,0.112
2020,Shiloh,9,11,0.818
2020,Salem,8,15,0.533
2020,Taylor,8,32,0.25
2020,Genesis,7,93,0.075
2020,Jessie,7,10,0.7
2020,Kennedy,7,76,0.092
2020,Layne,7,10,0.7
2020,Marley,7,30,0.233
2020,Peyton,7,52,0.135
2020,Remi,7,57,0.123
2020,Bellamy,6,10,0.6
2020,Drew,6,6,1.0
2020,Harley,6,25,0.24
2020,Haven,6,23,0.261
2020,Legacy,6,9,0.667
2020,Quinn,6,73,0.082
2020,Reese,6,34,0.176
2020,Rylee,6,55,0.109
2020,Aries,5,5,1.0
2020,Azul,5,13,0.385
2020,Jaylin,5,9,0.556
2020,Journey,5,26,0.192
2020,Kamryn,5,9,0.556
2020,Reign,5,13,0.385
2021,Noah,379,8,47.375
2021,Ezra,210,11,19.091
2021,Angel,189,11,17.182
2021,Logan,177,24,7.375
2021,Jayden,145,6,24.167
2021,Carter,133,12,11.083
2021,Dylan,119,9,13.222
2021,Kai,102,7,14.571
2021,Hunter,93,10,9.3
2021,Ryder,90,7,12.857
2021,River,82,38,2.158
2021,Ryan,78,15,5.2
2021,Jordan,75,13,5.769
2021,Cameron,74,9,8.222
2021,Micah,73,5,14.6
2021,Parker,62,46,1.348
2021,Rowan,62,34,1.824
2021,Bentley,57,6,9.5
2021,Zion,54,5,10.8
2021,Atlas,53,7,7.571
2021,Sawyer,49,35,1.4
2021,August,46,6,7.667
2021,Elliot,46,6,7.667
2021,Amari,44,16,2.75
2021,Avery,43,136,0.316
2021,Remington,41,24,1.708
2021,Hayden,38,28,1.357
2021,Armani,37,15,2.467
2021,Blake,36,42,0.857
2021,Elliott,34,12,2.833
2021,Charlie,28,46,0.609
2021,Noel,28,6,4.667
2021,Riley,26,106,0.245
2021,Milan,24,7,3.429
2021,Eden,22,47,0.468
2021,Sage,21,61,0.344
2021,Sterling,20,6,3.333
2021,Finley,19,21,0.905
2021,Alexis,18,22,0.818
2021,Emerson,18,27,0.667
2021,Phoenix,18,14,1.286
2021,Ariel,17,37,0.459
2021,Dakota,17,22,0.773
2021,Reign,17,7,2.429
2021,Ari,16,12,1.333
2021,Lennox,16,9,1.778
2021,Oakley,16,37,0.432
2021,Remy,16,16,1.0
2021,Rory,16,17,0.941
2021,Bellamy,15,8,1.875
2021,Remi,15,60,0.25
2021,Azariah,13,14,0.929
2021,Emery,13,62,0.21
2021,Santana,13,6,2.167
2021,Shiloh,13,13,1.0
2021,Dallas,12,8,1.5
2021,Drew,12,5,2.4
2021,Kamari,12,5,2.4
2021,Quinn,12,55,0.218
2021,Tatum,12,44,0.273
2021,Ellis,11,8,1.375
2021,Justice,11,6,1.833
2021,Rowen,11,6,1.833
2021,Salem,11,14,0.786
2021,Casey,10,6,1.667
2021,Morgan,10,24,0.417
2021,Taylor,10,15,0.667
2021,Skyler,9,17,0.529
2021,Layne,8,6,1.333
2021,Payson,8,7,1.143
2021,Peyton,8,54,0.148
2021,Genesis,7,84,0.083
2021,Nova,7,110,0.064
2021,Rio,7,7,1.0
2021,Sky,7,6,1.167
2021,Lennon,6,28,0.214
2021,Memphis,6,5,1.2
2021,Reagan,6,49,0.122
2021,Reese,6,31,0.194
2021,Robin,6,5,1.2
2021,Azul,5,9,0.556
2021,Chandler,5,5,1.0
2021,Emory,5,7,0.714
2021,Frankie,5,22,0.227
2021,Jade,5,64,0.078
2021,Leighton,5,20,0.25
2021,Ocean,5,6,0.833
2021,Palmer,5,13,0.385
2021,Sutton,5,16,0.312
