YOB,Name,mFrequency,fFrequency,mForF
1914,Marion,9,20,0.45
1915,Marion,6,24,0.25
1915,Jessie,5,15,0.333
1916,Marion,14,14,1.0
1917,Marion,18,35,0.514
1918,Francis,36,5,7.2
1918,Lee,34,5,6.8
1918,Marion,11,29,0.379
1918,Jean,6,46,0.13
1919,Marion,19,24,0.792
1919,Cleo,7,11,0.636
1919,Billie,5,10,0.5
1919,Laverne,5,8,0.625
1919,Trinidad,5,5,1.0
1920,Francis,32,6,5.333
1920,Marion,12,36,0.333
1920,Merle,12,5,2.4
1920,Billie,5,10,0.5
1920,Carmen,5,16,0.312
1921,Marion,13,31,0.419
1921,Laverne,11,10,1.1
1921,Billie,5,16,0.312
1921,Lupe,5,15,0.333
1922,Francis,37,7,5.286
1922,Marion,16,19,0.842
1922,Merle,15,8,1.875
1923,Billie,11,14,0.786
1923,Marion,11,22,0.5
1923,Willie,10,5,2.0
1923,Lupe,8,8,1.0
1923,Jessie,6,19,0.316
1924,Marion,19,18,1.056
1924,Lupe,14,17,0.824
1924,Laverne,10,13,0.769
1924,Billie,5,14,0.357
1924,Pat,5,7,0.714
1925,Francis,32,5,6.4
1925,Marion,13,15,0.867
1926,Lee,33,5,6.6
1926,Billie,9,13,0.692
1926,Marion,9,20,0.45
1926,Carmen,5,22,0.227
1927,Joe,148,5,29.6
1927,Francis,29,7,4.143
1927,Marion,18,24,0.75
1927,Billie,8,21,0.381
1927,Guadalupe,7,13,0.538
1927,Lupe,7,15,0.467
1927,Jackie,5,10,0.5
1927,Laverne,5,7,0.714
1927,Pat,5,5,1.0
1928,Marion,14,15,0.933
1928,Jackie,11,6,1.833
1928,Mary,8,539,0.015
1928,Pat,7,7,1.0
1928,Billie,6,15,0.4
1928,Frankie,5,6,0.833
1929,Robert,550,6,91.667
1929,Lee,29,5,5.8
1929,Marion,8,15,0.533
1929,Jackie,7,9,0.778
1929,Billie,6,20,0.3
1929,Lupe,5,16,0.312
1929,Pat,5,10,0.5
1930,Joe,152,5,30.4
1930,Lee,29,5,5.8
1930,Marion,21,19,1.105
1930,Billie,12,22,0.545
1930,Jackie,8,11,0.727
1930,Pat,7,7,1.0
1931,John,355,5,71.0
1931,Joe,156,7,22.286
1931,Billie,13,17,0.765
1931,Marion,12,13,0.923
1931,Jackie,10,13,0.769
1931,Laverne,6,7,0.857
1931,Pat,5,21,0.238
1932,Jerry,62,6,10.333
1932,Marion,11,17,0.647
1932,Pat,11,16,0.688
1932,Bobbie,6,6,1.0
1932,Billie,5,16,0.312
1933,Jerry,66,9,7.333
1933,Marion,14,12,1.167
1933,Jackie,9,6,1.5
1933,Pat,8,22,0.364
1933,Billie,5,16,0.312
1933,Bobbie,5,5,1.0
1934,Joe,137,5,27.4
1934,Jerry,82,9,9.111
1934,Marion,10,6,1.667
1934,Jackie,9,13,0.692
1934,Pat,8,17,0.471
1934,Billie,6,19,0.316
1934,Jean,5,78,0.064
1935,Jackie,17,6,2.833
1935,Pat,7,35,0.2
1935,Frankie,6,9,0.667
1935,Marion,5,11,0.455
1936,Jackie,15,12,1.25
1936,Pat,13,26,0.5
1936,Marion,12,14,0.857
1936,Billie,6,13,0.462
1936,Jessie,5,10,0.5
1936,Lupe,5,7,0.714
1937,Jackie,13,14,0.929
1937,Marion,10,9,1.111
1937,Kay,9,36,0.25
1937,Billie,6,21,0.286
1938,Francis,22,5,4.4
1938,Jackie,18,18,1.0
1938,Lynn,10,6,1.667
1938,Marion,9,7,1.286
1938,Pat,6,21,0.286
1939,Jerry,144,6,24.0
1939,Leslie,19,6,3.167
1939,Marion,11,10,1.1
1939,Jackie,9,13,0.692
1939,Lynn,9,5,1.8
1940,Jerry,145,5,29.0
1940,Jackie,19,7,2.714
1940,Francis,18,6,3.0
1940,Marion,8,5,1.6
1940,Pat,5,44,0.114
1941,Jerry,157,8,19.625
1941,Terry,33,7,4.714
1941,Lee,25,6,4.167
1941,Pat,12,24,0.5
1941,Lynn,10,11,0.909
1941,Jackie,9,6,1.5
1941,Frankie,7,5,1.4
1941,Mary,5,474,0.011
1942,Leslie,33,12,2.75
1942,Lee,32,6,5.333
1942,Lynn,16,9,1.778
1942,Jackie,11,10,1.1
1942,Pat,9,26,0.346
1942,Lupe,7,9,0.778
1942,Marion,7,10,0.7
1942,Bonnie,5,90,0.056
1942,Gail,5,26,0.192
1942,Gerry,5,6,0.833
1943,Jerry,148,5,29.6
1943,Terry,52,9,5.778
1943,Dale,40,7,5.714
1943,Leslie,29,9,3.222
1943,Lee,23,7,3.286
1943,Lynn,20,13,1.538
1943,Jan,9,8,1.125
1943,Jackie,8,12,0.667
1943,Frankie,7,5,1.4
1943,Pat,7,21,0.333
1943,Billie,5,13,0.385
1943,Sidney,5,6,0.833
1944,Jerry,123,5,24.6
1944,Terry,55,6,9.167
1944,Lee,29,7,4.143
1944,Leslie,29,9,3.222
1944,Lynn,21,17,1.235
1944,Pat,11,18,0.611
1944,Jackie,8,8,1.0
1944,Jan,5,14,0.357
1944,Mary,5,522,0.01
1945,Terry,59,13,4.538
1945,Lee,27,8,3.375
1945,Leslie,27,21,1.286
1945,Lynn,19,25,0.76
1945,Pat,13,16,0.812
1945,Jackie,11,16,0.688
1945,Jan,7,6,1.167
1945,Frankie,6,5,1.2
1946,Jerry,176,5,35.2
1946,Terry,103,19,5.421
1946,Dale,68,5,13.6
1946,Lee,40,9,4.444
1946,Leslie,30,20,1.5
1946,Lynn,15,38,0.395
1946,Jackie,8,18,0.444
1946,Pat,8,14,0.571
1946,Jan,7,10,0.7
1946,Marion,7,6,1.167
1946,Lupe,6,10,0.6
1946,Billie,5,13,0.385
1946,Robin,5,11,0.455
1947,Jerry,189,7,27.0
1947,Terry,135,27,5.0
1947,Lee,40,8,5.0
1947,Leslie,28,30,0.933
1947,Lynn,22,43,0.512
1947,Lonnie,17,7,2.429
1947,Chris,15,6,2.5
1947,Frankie,12,9,1.333
1947,Pat,10,24,0.417
1947,Jackie,9,16,0.562
1947,Dana,8,11,0.727
1947,Jan,8,16,0.5
1947,Marion,8,6,1.333
1947,Gail,7,49,0.143
1947,Lupe,7,8,0.875
1947,Dee,6,5,1.2
1947,Jessie,6,5,1.2
1947,Robin,5,8,0.625
1948,Michael,517,5,103.4
1948,Terry,129,35,3.686
1948,Dale,77,5,15.4
1948,Chris,35,6,5.833
1948,Lee,29,8,3.625
1948,Leslie,26,33,0.788
1948,Lynn,26,37,0.703
1948,Jackie,13,21,0.619
1948,Jan,9,12,0.75
1948,Kerry,9,6,1.5
1948,Marion,8,7,1.143
1948,Pat,8,15,0.533
1948,Gale,7,7,1.0
1948,Unknown,6,7,0.857
1948,Robin,5,9,0.556
1949,Terry,121,46,2.63
1949,Lee,46,11,4.182
1949,Leslie,19,35,0.543
1949,Lynn,16,47,0.34
1949,Kerry,13,10,1.3
1949,Gale,8,6,1.333
1949,Pat,8,6,1.333
1949,Dana,5,14,0.357
1949,Jan,5,14,0.357
1949,Robin,5,9,0.556
1950,Terry,131,41,3.195
1950,Leslie,33,29,1.138
1950,Lynn,30,54,0.556
1950,Kerry,12,13,0.923
1950,Jan,10,22,0.455
1950,Robin,10,25,0.4
1950,Jackie,9,12,0.75
1950,Kim,8,5,1.6
1950,Dana,6,15,0.4
1950,Gail,5,67,0.075
1951,Terry,123,48,2.562
1951,Lee,29,7,4.143
1951,Leslie,25,32,0.781
1951,Lynn,24,51,0.471
1951,Kerry,16,8,2.0
1951,Robin,16,28,0.571
1951,Kelly,15,6,2.5
1951,Kim,13,11,1.182
1951,Dana,11,16,0.688
1951,Jackie,10,20,0.5
1951,Jan,10,32,0.312
1951,Marion,7,5,1.4
1951,Gale,6,7,0.857
1951,Jessie,5,6,0.833
1951,Patricia,5,479,0.01
1952,Terry,163,48,3.396
1952,Dale,103,7,14.714
1952,Lee,47,16,2.938
1952,Kim,42,17,2.471
1952,Leslie,38,32,1.188
1952,Chris,27,7,3.857
1952,Lynn,20,49,0.408
1952,Kerry,17,6,2.833
1952,Dana,16,25,0.64
1952,Robin,13,40,0.325
1952,Gale,9,6,1.5
1952,Jackie,7,23,0.304
1952,Marty,5,5,1.0
1953,Terry,159,50,3.18
1953,Dale,85,8,10.625
1953,Lee,48,16,3.0
1953,Kim,41,32,1.281
1953,Lynn,35,45,0.778
1953,Chris,34,7,4.857
1953,Leslie,32,53,0.604
1953,Kelly,30,6,5.0
1953,Dana,14,19,0.737
1953,Kerry,14,12,1.167
1953,Jackie,9,26,0.346
1953,Robin,8,55,0.145
1953,Guadalupe,6,11,0.545
1953,Jan,6,30,0.2
1953,Marion,6,10,0.6
1953,Jessie,5,8,0.625
1954,Terry,144,72,2.0
1954,Dale,105,7,15.0
1954,Lee,39,12,3.25
1954,Kim,38,41,0.927
1954,Chris,35,9,3.889
1954,Leslie,32,57,0.561
1954,Kelly,27,10,2.7
1954,Lynn,19,56,0.339
1954,Dana,17,21,0.81
1954,Kerry,15,11,1.364
1954,Robin,12,77,0.156
1954,Jackie,8,23,0.348
1954,Shawn,8,5,1.6
1954,Guadalupe,7,5,1.4
1954,Jan,6,39,0.154
1954,Marion,6,8,0.75
1954,Sandy,5,9,0.556
1955,Terry,175,62,2.823
1955,Lee,43,20,2.15
1955,Kim,40,87,0.46
1955,Chris,33,11,3.0
1955,Leslie,29,57,0.509
1955,Kerry,22,13,1.692
1955,Robin,21,78,0.269
1955,Lynn,14,71,0.197
1955,Jackie,11,27,0.407
1955,Tracy,9,26,0.346
1955,Jody,7,26,0.269
1955,Dana,5,24,0.208
1955,Gale,5,9,0.556
1955,Jamie,5,11,0.455
1955,Jessie,5,8,0.625
1955,Kris,5,7,0.714
1955,Marion,5,5,1.0
1955,Shawn,5,6,0.833
1956,Terry,139,62,2.242
1956,Chris,46,10,4.6
1956,Kelly,46,29,1.586
1956,Lee,40,23,1.739
1956,Kim,36,124,0.29
1956,Robin,34,113,0.301
1956,Leslie,25,68,0.368
1956,Kerry,22,9,2.444
1956,Lynn,20,61,0.328
1956,Dana,17,41,0.415
1956,Jackie,15,24,0.625
1956,Tracy,11,17,0.647
1956,Marion,8,5,1.6
1956,Gale,7,7,1.0
1956,Pat,7,6,1.167
1956,Jody,6,39,0.154
1956,Robbie,6,6,1.0
1956,Shawn,6,6,1.0
1956,Jan,5,27,0.185
1957,Terry,152,60,2.533
1957,Chris,42,20,2.1
1957,Kelly,42,20,2.1
1957,Lee,37,12,3.083
1957,Leslie,31,95,0.326
1957,Kerry,28,12,2.333
1957,Kim,23,130,0.177
1957,Lynn,23,67,0.343
1957,Robin,19,111,0.171
1957,Dana,18,46,0.391
1957,Tracy,14,32,0.438
1957,Shawn,13,10,1.3
1957,Pat,12,5,2.4
1957,Gale,7,14,0.5
1957,Jackie,6,37,0.162
1957,Jamie,6,16,0.375
1957,Jody,5,24,0.208
1957,Kris,5,6,0.833
1958,Terry,122,55,2.218
1958,Chris,71,30,2.367
1958,Kelly,54,83,0.651
1958,Kerry,29,10,2.9
1958,Lee,27,15,1.8
1958,Leslie,26,87,0.299
1958,Kim,23,111,0.207
1958,Robin,18,94,0.191
1958,Tracy,17,29,0.586
1958,Lynn,14,78,0.179
1958,Pat,13,10,1.3
1958,Dana,11,52,0.212
1958,Shawn,11,12,0.917
1958,Jamie,10,17,0.588
1958,Kris,9,9,1.0
1958,Kelley,6,13,0.462
1958,Jackie,5,30,0.167
1959,Michael,817,5,163.4
1959,Terry,134,65,2.062
1959,Chris,84,18,4.667
1959,Kelly,53,108,0.491
1959,Shawn,39,6,6.5
1959,Lee,33,11,3.0
1959,Kerry,29,8,3.625
1959,Pat,24,20,1.2
1959,Dana,21,61,0.344
1959,Tracy,20,46,0.435
1959,Lynn,19,53,0.358
1959,Robin,16,107,0.15
1959,Jody,12,23,0.522
1959,Leslie,12,88,0.136
1959,Kim,10,106,0.094
1959,Jackie,7,32,0.219
1959,Jamie,5,24,0.208
1959,Jan,5,25,0.2
1959,Kris,5,14,0.357
1959,Robbin,5,9,0.556
1959,Stacy,5,31,0.161
1959,Val,5,7,0.714
1960,Terry,141,56,2.518
1960,Chris,114,36,3.167
1960,Kelly,58,135,0.43
1960,Tracy,49,80,0.612
1960,Shawn,41,10,4.1
1960,Lee,31,17,1.824
1960,Leslie,30,66,0.455
1960,Pat,28,12,2.333
1960,Robin,24,136,0.176
1960,Kerry,22,20,1.1
1960,Lynn,22,58,0.379
1960,Kyle,20,5,4.0
1960,Dana,19,45,0.422
1960,Kim,13,124,0.105
1960,Kris,9,11,0.818
1960,Shannon,9,20,0.45
1960,Jody,8,38,0.211
1960,Jackie,7,53,0.132
1960,Stacey,7,14,0.5
1960,Jamie,6,23,0.261
1960,Dee,5,12,0.417
1960,Jan,5,37,0.135
1961,Michael,911,5,182.2
1961,Robert,751,5,150.2
1961,Chris,137,20,6.85
1961,Terry,122,54,2.259
1961,Kelly,66,149,0.443
1961,Tracy,41,98,0.418
1961,Lee,35,9,3.889
1961,Shawn,35,25,1.4
1961,Kerry,30,25,1.2
1961,Robin,29,168,0.173
1961,Dana,20,75,0.267
1961,Leslie,19,70,0.271
1961,Marty,19,6,3.167
1961,Pat,16,12,1.333
1961,Robbie,15,10,1.5
1961,Jackie,11,52,0.212
1961,Kris,11,12,0.917
1961,Kim,10,92,0.109
1961,Lynn,10,57,0.175
1961,Shannon,7,26,0.269
1962,Michael,839,7,119.857
1962,John,785,5,157.0
1962,Terry,130,54,2.407
1962,Chris,127,19,6.684
1962,Kelly,47,159,0.296
1962,Lee,43,16,2.688
1962,Shawn,38,17,2.235
1962,Tracy,36,92,0.391
1962,Kerry,30,23,1.304
1962,Dana,26,64,0.406
1962,Robin,26,137,0.19
1962,Leslie,23,94,0.245
1962,Pat,21,12,1.75
1962,Kris,13,15,0.867
1962,Lynn,13,53,0.245
1962,Shannon,12,30,0.4
1962,Jamie,10,39,0.256
1962,Jackie,9,55,0.164
1962,Kendall,8,7,1.143
1962,Stacy,8,28,0.286
1962,Kim,6,118,0.051
1962,Dee,5,19,0.263
1963,Chris,122,17,7.176
1963,Terry,116,34,3.412
1963,Shawn,73,21,3.476
1963,Kelly,51,166,0.307
1963,Lee,37,23,1.609
1963,Tracy,29,114,0.254
1963,Kerry,26,17,1.529
1963,Robin,25,138,0.181
1963,Pat,19,6,3.167
1963,Dana,17,65,0.262
1963,Leslie,16,93,0.172
1963,Kris,13,17,0.765
1963,Shannon,10,46,0.217
1963,Jody,9,32,0.281
1963,Lynn,9,49,0.184
1963,Kim,8,107,0.075
1963,Jamie,7,32,0.219
1964,Terry,104,27,3.852
1964,Chris,103,27,3.815
1964,Shawn,76,33,2.303
1964,Kelly,43,137,0.314
1964,Tracy,37,143,0.259
1964,Lee,27,16,1.688
1964,Pat,25,5,5.0
1964,Kerry,20,13,1.538
1964,Robbie,15,6,2.5
1964,Leslie,14,76,0.184
1964,Robin,14,136,0.103
1964,Dana,13,91,0.143
1964,Jody,12,27,0.444
1964,Kris,12,21,0.571
1964,Jamie,11,29,0.379
1964,Lynn,11,33,0.333
1964,Shannon,9,44,0.205
1964,Shaun,7,5,1.4
1964,Stacey,6,40,0.15
1964,Dee,5,11,0.455
1964,Kelley,5,30,0.167
1964,Kim,5,98,0.051
1965,David,747,5,149.4
1965,Shawn,97,26,3.731
1965,Terry,82,15,5.467
1965,Chris,74,19,3.895
1965,Kelly,38,150,0.253
1965,Lee,30,11,2.727
1965,Tracy,27,87,0.31
1965,Kerry,18,8,2.25
1965,Leslie,17,62,0.274
1965,Jamie,15,41,0.366
1965,Shannon,15,29,0.517
1965,Robin,14,101,0.139
1965,Dana,12,71,0.169
1965,Jody,9,26,0.346
1965,Kris,9,23,0.391
1965,Stacy,9,28,0.321
1965,Stacey,6,54,0.111
1966,James,464,5,92.8
1966,Shawn,98,22,4.455
1966,Chris,80,11,7.273
1966,Terry,73,15,4.867
1966,Kelly,42,157,0.268
1966,Lee,41,5,8.2
1966,Shannon,27,49,0.551
1966,Tracy,26,115,0.226
1966,Leslie,17,71,0.239
1966,Dana,10,64,0.156
1966,Kerry,10,10,1.0
1966,Robin,10,74,0.135
1966,Jamie,8,28,0.286
1966,Jan,7,10,0.7
1966,Jody,7,35,0.2
1966,Kim,7,80,0.088
1966,Kris,7,13,0.538
1966,Jessie,6,5,1.2
1966,Stacey,6,59,0.102
1966,Jean,5,19,0.263
1966,Stacy,5,47,0.106
1967,Michael,871,8,108.875
1967,John,602,8,75.25
1967,Thomas,213,6,35.5
1967,Shawn,109,22,4.955
1967,Terry,71,18,3.944
1967,Chris,68,10,6.8
1967,Kelly,57,167,0.341
1967,Lee,34,11,3.091
1967,Tracy,34,103,0.33
1967,Casey,21,5,4.2
1967,Stacy,21,36,0.583
1967,Christian,14,5,2.8
1967,Shannon,14,76,0.184
1967,Kerry,13,22,0.591
1967,Jody,9,33,0.273
1967,Dana,7,62,0.113
1967,Jamie,7,28,0.25
1967,Kris,7,12,0.583
1967,Tracey,7,44,0.159
1967,Leslie,6,82,0.073
1967,Lynn,6,34,0.176
1967,Robin,6,53,0.113
1967,Stacey,5,73,0.068
1968,Shawn,169,27,6.259
1968,Chris,62,7,8.857
1968,Terry,60,10,6.0
1968,Kelly,51,181,0.282
1968,Lee,34,10,3.4
1968,Shannon,34,105,0.324
1968,Tracy,30,113,0.265
1968,Jamie,15,44,0.341
1968,Jody,14,32,0.438
1968,Dana,13,62,0.21
1968,Stacey,12,76,0.158
1968,Leslie,10,64,0.156
1968,Robin,10,86,0.116
1968,Kerry,8,22,0.364
1968,Stacy,7,65,0.108
1968,Erin,5,22,0.227
1969,Michael,961,10,96.1
1969,David,728,6,121.333
1969,Shawn,138,21,6.571
1969,Terry,66,18,3.667
1969,Kelly,52,175,0.297
1969,Shannon,37,158,0.234
1969,Tracy,35,155,0.226
1969,Lee,28,11,2.545
1969,Jody,19,27,0.704
1969,Joey,16,5,3.2
1969,Kerry,16,28,0.571
1969,Jamie,13,41,0.317
1969,Dana,10,74,0.135
1969,Leslie,10,79,0.127
1969,Stacey,10,98,0.102
1969,Erin,9,35,0.257
1969,Stacy,9,66,0.136
1969,Lynn,8,19,0.421
1969,Angel,6,9,0.667
1969,Devon,6,6,1.0
1969,Kris,5,5,1.0
1970,Christopher,480,5,96.0
1970,Joseph,238,5,47.6
1970,Shawn,169,14,12.071
1970,Chris,67,7,9.571
1970,Terry,63,7,9.0
1970,Kelly,49,132,0.371
1970,Shannon,35,207,0.169
1970,Cory,30,6,5.0
1970,Jamie,29,45,0.644
1970,Tracy,27,171,0.158
1970,Lee,26,22,1.182
1970,Jody,16,48,0.333
1970,Kerry,16,16,1.0
1970,Robin,16,65,0.246
1970,Stacy,13,93,0.14
1970,Dana,11,72,0.153
1970,Kris,10,10,1.0
1970,Leslie,9,63,0.143
1970,Lynn,8,31,0.258
1970,Jackie,7,22,0.318
1970,Rene,7,11,0.636
1971,Michael,837,8,104.625
1971,John,517,5,103.4
1971,Shawn,206,18,11.444
1971,Chris,57,5,11.4
1971,Terry,54,10,5.4
1971,Shannon,47,194,0.242
1971,Kelly,46,124,0.371
1971,Cory,44,5,8.8
1971,Jamie,23,53,0.434
1971,Lee,21,8,2.625
1971,Jody,18,37,0.486
1971,Dana,15,79,0.19
1971,Kris,15,8,1.875
1971,Robin,13,79,0.165
1971,Cary,12,5,2.4
1971,Tracy,11,137,0.08
1971,Kerry,10,21,0.476
1971,Leslie,10,55,0.182
1971,Erin,7,69,0.101
1971,Stacy,7,110,0.064
1971,Carey,6,13,0.462
1971,Kelley,6,12,0.5
1971,Stacey,6,77,0.078
1972,Michael,826,6,137.667
1972,Jason,500,6,83.333
1972,Robert,492,5,98.4
1972,Shawn,181,15,12.067
1972,Terry,41,6,6.833
1972,Corey,35,6,5.833
1972,Kelly,34,105,0.324
1972,Jamie,33,42,0.786
1972,Cory,32,10,3.2
1972,Shannon,32,171,0.187
1972,Tracy,26,124,0.21
1972,Casey,24,12,2.0
1972,Lee,23,8,2.875
1972,Dana,17,71,0.239
1972,Robin,11,67,0.164
1972,Jody,10,31,0.323
1972,Joey,10,6,1.667
1972,Erin,8,67,0.119
1972,Leslie,8,58,0.138
1972,Tracey,8,24,0.333
1972,Kerry,7,20,0.35
1972,Stacey,7,76,0.092
1972,Stacy,7,70,0.1
1972,Rene,6,12,0.5
1972,Angel,5,29,0.172
1973,Jason,740,8,92.5
1973,Shawn,166,12,13.833
1973,Jamie,41,45,0.911
1973,Kelly,38,115,0.33
1973,Cory,35,5,7.0
1973,Lee,35,6,5.833
1973,Shannon,35,150,0.233
1973,Terry,33,6,5.5
1973,Casey,28,13,2.154
1973,Cody,27,7,3.857
1973,Joey,19,8,2.375
1973,Dana,15,58,0.259
1973,Tracy,15,99,0.152
1973,Leslie,13,50,0.26
1973,Lynn,10,21,0.476
1973,Guadalupe,8,5,1.6
1973,Jody,8,32,0.25
1973,Erin,7,80,0.088
1973,Robin,7,65,0.108
1973,Kris,6,5,1.2
1973,Stacy,6,97,0.062
1973,Kerry,5,20,0.25
1973,Kim,5,26,0.192
1974,John,414,5,82.8
1974,Ryan,250,6,41.667
1974,Shawn,157,14,11.214
1974,Kelly,36,132,0.273
1974,Casey,34,16,2.125
1974,Cory,31,9,3.444
1974,Jamie,29,43,0.674
1974,Lee,27,7,3.857
1974,Christian,26,6,4.333
1974,Shannon,26,162,0.16
1974,Toby,26,5,5.2
1974,Tracy,21,90,0.233
1974,Dana,11,61,0.18
1974,Jody,11,30,0.367
1974,Erin,8,93,0.086
1974,Joey,8,9,0.889
1974,Leslie,7,43,0.163
1974,Lynn,7,16,0.438
1974,Stacy,7,75,0.093
1974,Angel,6,18,0.333
1974,Morgan,6,5,1.2
1974,Shelby,6,12,0.5
1974,Kristin,5,65,0.077
1974,Rene,5,12,0.417
1975,Michael,796,12,66.333
1975,Ryan,234,5,46.8
1975,Shawn,169,10,16.9
1975,Jamie,47,73,0.644
1975,Cory,44,10,4.4
1975,Casey,41,15,2.733
1975,Shannon,37,138,0.268
1975,Corey,28,5,5.6
1975,Kelly,24,138,0.174
1975,Joey,14,8,1.75
1975,Tracy,14,91,0.154
1975,Jaime,13,14,0.929
1975,Dana,11,50,0.22
1975,Leslie,11,45,0.244
1975,Robin,10,64,0.156
1975,Erin,8,102,0.078
1975,Angel,6,18,0.333
1975,Jennifer,6,765,0.008
1975,Jessie,6,9,0.667
1975,Jody,6,27,0.222
1975,Rene,6,10,0.6
1975,Stacey,6,77,0.078
1975,Carey,5,16,0.312
1975,Stacy,5,85,0.059
1976,Michael,756,9,84.0
1976,David,492,6,82.0
1976,Robert,398,6,66.333
1976,Jeremy,354,5,70.8
1976,Daniel,337,7,48.143
1976,Shawn,182,8,22.75
1976,Travis,130,5,26.0
1976,Casey,52,16,3.25
1976,Jamie,36,213,0.169
1976,Lee,36,7,5.143
1976,Shannon,35,145,0.241
1976,Terry,29,5,5.8
1976,Kelly,27,145,0.186
1976,Joey,20,6,3.333
1976,Jessie,19,9,2.111
1976,Jaime,15,107,0.14
1976,Tracy,15,89,0.169
1976,Jody,13,30,0.433
1976,Jordan,10,6,1.667
1976,Ashley,9,29,0.31
1976,Erin,9,128,0.07
1976,Robin,8,70,0.114
1976,Guadalupe,7,7,1.0
1976,Dana,6,50,0.12
1976,Shelby,6,7,0.857
1977,Michael,772,7,110.286
1977,Christopher,621,6,103.5
1977,Brian,425,5,85.0
1977,Ryan,395,6,65.833
1977,Robert,387,6,64.5
1977,Shawn,133,10,13.3
1977,Casey,52,14,3.714
1977,Corey,52,8,6.5
1977,Terry,38,5,7.6
1977,Kelly,25,212,0.118
1977,Lee,24,5,4.8
1977,Jamie,20,223,0.09
1977,Jessie,19,11,1.727
1977,Jaime,14,71,0.197
1977,Jody,11,19,0.579
1977,Shannon,11,188,0.059
1977,Angel,9,18,0.5
1977,Dana,9,44,0.205
1977,Devon,9,6,1.5
1977,Erin,9,165,0.055
1977,Leslie,7,47,0.149
1977,Ashley,6,31,0.194
1977,Courtney,5,62,0.081
1977,Kerry,5,12,0.417
1977,Tracy,5,54,0.093
1978,Michael,802,9,89.111
1978,Jason,629,8,78.625
1978,John,424,6,70.667
1978,Ryan,422,6,70.333
1978,Jesse,134,5,26.8
1978,Gabriel,70,5,14.0
1978,Casey,63,23,2.739
1978,Corey,59,5,11.8
1978,Cory,47,10,4.7
1978,Adrian,27,8,3.375
1978,Lee,26,5,5.2
1978,Jamie,23,195,0.118
1978,Kelly,23,188,0.122
1978,Jordan,22,6,3.667
1978,Micah,18,6,3.0
1978,Jaime,16,59,0.271
1978,Jessie,14,15,0.933
1978,Joey,12,5,2.4
1978,Morgan,12,7,1.714
1978,Angel,9,20,0.45
1978,Noel,9,5,1.8
1978,Shannon,9,133,0.068
1978,Tracy,9,57,0.158
1978,Dana,7,42,0.167
1978,Jade,7,10,0.7
1978,Kasey,7,6,1.167
1978,Devon,6,13,0.462
1978,Leslie,6,45,0.133
1978,Robin,6,42,0.143
1978,Courtney,5,55,0.091
1978,Guadalupe,5,5,1.0
1979,Michael,867,8,108.375
1979,Ryan,488,8,61.0
1979,James,445,7,63.571
1979,Aaron,259,7,37.0
1979,Shawn,106,12,8.833
1979,Casey,74,21,3.524
1979,Cory,57,6,9.5
1979,Corey,48,9,5.333
1979,Lee,34,8,4.25
1979,Christian,28,7,4.0
1979,Devin,24,8,3.0
1979,Jamie,23,232,0.099
1979,Kelly,18,166,0.108
1979,Shannon,18,159,0.113
1979,Jaime,13,45,0.289
1979,Jessie,12,14,0.857
1979,Robin,12,45,0.267
1979,Courtney,11,61,0.18
1979,Morgan,10,15,0.667
1979,Angel,8,21,0.381
1979,Ashley,8,62,0.129
1979,Devon,8,8,1.0
1979,Leslie,7,62,0.113
1979,Carey,6,5,1.2
1979,Jody,6,18,0.333
1979,Kerry,6,10,0.6
1979,Tracy,6,71,0.085
1979,Angela,5,231,0.022
1979,Erin,5,205,0.024
1980,Michael,905,9,100.556
1980,Christopher,703,9,78.111
1980,Matthew,682,7,97.429
1980,Joshua,611,7,87.286
1980,Jason,580,5,116.0
1980,David,538,7,76.857
1980,Ryan,510,16,31.875
1980,Daniel,432,5,86.4
1980,Anthony,248,5,49.6
1980,Jesse,204,6,34.0
1980,Kyle,80,5,16.0
1980,Casey,69,26,2.654
1980,Cory,56,9,6.222
1980,Corey,53,7,7.571
1980,Jordan,40,17,2.353
1980,Jamie,27,209,0.129
1980,Lee,25,6,4.167
1980,Kelly,20,188,0.106
1980,Jessie,13,17,0.765
1980,Rory,12,5,2.4
1980,Micah,11,5,2.2
1980,Shannon,11,159,0.069
1980,Jaime,10,35,0.286
1980,Morgan,10,21,0.476
1980,Tracy,10,60,0.167
1980,Dana,8,43,0.186
1980,Robin,8,44,0.182
1980,Devon,7,8,0.875
1980,Dusty,7,8,0.875
1980,Angel,6,29,0.207
1980,Erin,6,253,0.024
1980,Jody,6,13,0.462
1980,Kerry,6,10,0.6
1980,Jennifer,5,858,0.006
1980,Rene,5,5,1.0
1980,Stacy,5,48,0.104
1981,Michael,959,8,119.875
1981,Jason,537,8,67.125
1981,David,526,5,105.2
1981,Ryan,518,14,37.0
1981,Daniel,486,5,97.2
1981,Robert,457,5,91.4
1981,Eric,273,5,54.6
1981,Jesse,238,9,26.444
1981,Kyle,103,7,14.714
1981,Shawn,100,10,10.0
1981,Casey,84,25,3.36
1981,Cory,68,5,13.6
1981,Adrian,49,7,7.0
1981,Jordan,38,12,3.167
1981,Jamie,29,168,0.173
1981,Jessie,27,25,1.08
1981,Kelly,23,160,0.144
1981,Taylor,21,12,1.75
1981,Devon,17,15,1.133
1981,Jaime,14,29,0.483
1981,Morgan,11,36,0.306
1981,Robin,11,58,0.19
1981,Angel,9,24,0.375
1981,Leslie,9,54,0.167
1981,Tracy,8,38,0.211
1981,Dana,7,54,0.13
1981,Erin,7,284,0.025
1981,Noel,7,5,1.4
1981,Guadalupe,6,5,1.2
1981,Ariel,5,6,0.833
1981,Jennifer,5,839,0.006
1981,Rene,5,13,0.385
1981,Shannon,5,155,0.032
1982,Michael,924,13,71.077
1982,Christopher,843,6,140.5
1982,Matthew,838,5,167.6
1982,Joshua,685,6,114.167
1982,Jason,550,7,78.571
1982,James,495,6,82.5
1982,Ryan,481,10,48.1
1982,Jeffrey,237,5,47.4
1982,Jesse,224,7,32.0
1982,Dustin,201,5,40.2
1982,Casey,91,28,3.25
1982,Jordan,76,14,5.429
1982,Evan,69,5,13.8
1982,Corey,66,5,13.2
1982,Cory,55,5,11.0
1982,Adrian,41,6,6.833
1982,Lee,41,10,4.1
1982,Taylor,34,16,2.125
1982,Cameron,31,6,5.167
1982,Terry,27,5,5.4
1982,Kelly,25,184,0.136
1982,Jamie,23,197,0.117
1982,Jessie,19,27,0.704
1982,Micah,18,6,3.0
1982,Morgan,14,46,0.304
1982,Dusty,12,5,2.4
1982,Angel,11,25,0.44
1982,Ashley,11,169,0.065
1982,Devon,10,11,0.909
1982,Robin,10,38,0.263
1982,Jaime,9,28,0.321
1982,Shannon,9,141,0.064
1982,Alexis,7,51,0.137
1982,Courtney,7,120,0.058
1982,Kasey,7,6,1.167
1982,Dominique,6,8,0.75
1982,Erin,6,244,0.025
1982,Guadalupe,6,9,0.667
1982,Quinn,6,5,1.2
1982,Dana,5,53,0.094
1982,Kendall,5,6,0.833
1983,Michael,947,14,67.643
1983,Christopher,931,7,133.0
1983,Matthew,851,8,106.375
1983,Joshua,643,6,107.167
1983,Daniel,583,7,83.286
1983,Ryan,556,19,29.263
1983,Justin,501,5,100.2
1983,John,449,5,89.8
1983,Joseph,426,5,85.2
1983,Andrew,414,5,82.8
1983,Jonathan,274,6,45.667
1983,Jeffrey,248,6,41.333
1983,Kyle,245,9,27.222
1983,Jesse,168,10,16.8
1983,Casey,91,37,2.459
1983,Corey,66,9,7.333
1983,Cory,65,7,9.286
1983,Jordan,65,11,5.909
1983,Adrian,47,6,7.833
1983,Taylor,37,15,2.467
1983,Kelly,26,200,0.13
1983,Jamie,18,187,0.096
1983,Devon,17,17,1.0
1983,Morgan,16,37,0.432
1983,Jessie,15,12,1.25
1983,Jaime,14,19,0.737
1983,Loren,13,5,2.6
1983,Cassidy,9,13,0.692
1983,Dana,8,40,0.2
1983,Robin,8,32,0.25
1983,Angel,7,27,0.259
1983,Erin,7,249,0.028
1983,Shannon,7,133,0.053
1983,Ashley,6,399,0.015
1983,Jean,6,6,1.0
1983,Jody,6,8,0.75
1983,Leslie,6,53,0.113
1983,Alexis,5,64,0.078
1983,Danielle,5,167,0.03
1983,Shelby,5,12,0.417
1984,Michael,939,7,134.143
1984,Ryan,534,14,38.143
1984,Jason,416,6,69.333
1984,Brandon,355,8,44.375
1984,Anthony,268,5,53.6
1984,Cody,134,9,14.889
1984,Casey,82,31,2.645
1984,Jordan,75,10,7.5
1984,Austin,55,5,11.0
1984,Corey,53,5,10.6
1984,Taylor,50,26,1.923
1984,Lee,38,5,7.6
1984,Cameron,36,5,7.2
1984,Jamie,22,189,0.116
1984,Christian,20,5,4.0
1984,Devon,20,9,2.222
1984,Jessie,20,14,1.429
1984,Kelly,18,157,0.115
1984,Morgan,17,45,0.378
1984,Jaime,10,21,0.476
1984,Angel,8,30,0.267
1984,Blair,8,10,0.8
1984,Cassidy,6,15,0.4
1984,Jody,6,12,0.5
1984,Kelsey,6,43,0.14
1984,Robin,6,49,0.122
1984,Keegan,5,5,1.0
1984,Kendall,5,15,0.333
1984,Shannon,5,135,0.037
1985,Michael,911,11,82.818
1985,Daniel,581,8,72.625
1985,Ryan,544,10,54.4
1985,James,498,6,83.0
1985,Andrew,494,5,98.8
1985,Kyle,335,7,47.857
1985,Nathan,219,6,36.5
1985,Cody,174,9,19.333
1985,Jesse,174,9,19.333
1985,Casey,96,29,3.31
1985,Jordan,82,25,3.28
1985,Corey,73,9,8.111
1985,Taylor,72,13,5.538
1985,Devin,42,7,6.0
1985,Lee,37,7,5.286
1985,Christian,33,8,4.125
1985,Kelly,20,176,0.114
1985,Devon,17,6,2.833
1985,Angel,16,23,0.696
1985,Jamie,16,186,0.086
1985,Morgan,16,44,0.364
1985,Jessie,15,24,0.625
1985,Tristan,15,5,3.0
1985,Jaime,14,21,0.667
1985,Cassidy,12,16,0.75
1985,Erin,10,222,0.045
1985,Dana,9,35,0.257
1985,Jody,7,10,0.7
1985,Kendall,7,11,0.636
1985,Robin,7,25,0.28
1985,Shea,7,7,1.0
1985,Alexis,6,49,0.122
1985,Amanda,6,627,0.01
1985,Courtney,6,121,0.05
1985,Kasey,5,11,0.455
1985,Mackenzie,5,16,0.312
1985,Shannon,5,125,0.04
1985,Tracy,5,29,0.172
1986,Michael,907,8,113.375
1986,Ryan,571,12,47.583
1986,Andrew,549,5,109.8
1986,Nicholas,450,7,64.286
1986,Brandon,384,6,64.0
1986,Kyle,343,5,68.6
1986,Alexander,176,5,35.2
1986,Jesse,175,9,19.444
1986,Jordan,117,53,2.208
1986,Shawn,102,7,14.571
1986,Evan,89,5,17.8
1986,Alex,64,6,10.667
1986,Cory,63,6,10.5
1986,Corey,62,8,7.75
1986,Casey,60,36,1.667
1986,Taylor,53,25,2.12
1986,Christian,43,7,6.143
1986,Devon,21,12,1.75
1986,Kelly,20,133,0.15
1986,Jessie,19,31,0.613
1986,Angel,16,25,0.64
1986,Morgan,13,53,0.245
1986,Jaime,11,22,0.5
1986,Jamie,11,140,0.079
1986,Loren,9,6,1.5
1986,Dana,8,39,0.205
1986,Dominique,8,25,0.32
1986,Kerry,7,7,1.0
1986,Robin,7,29,0.241
1986,Shannon,7,131,0.053
1986,Kacey,6,11,0.545
1986,Whitney,6,122,0.049
1986,Ariel,5,11,0.455
1986,Blair,5,8,0.625
1986,Cassidy,5,14,0.357
1986,Dakota,5,5,1.0
1986,Erin,5,216,0.023
1986,Kasey,5,8,0.625
1986,Leslie,5,44,0.114
1986,Tracy,5,36,0.139
1987,Michael,884,9,98.222
1987,Matthew,639,11,58.091
1987,Andrew,559,6,93.167
1987,Ryan,459,14,32.786
1987,Kyle,383,6,63.833
1987,John,357,5,71.4
1987,Tyler,323,6,53.833
1987,Zachary,291,6,48.5
1987,Aaron,227,6,37.833
1987,Cody,204,7,29.143
1987,Jesse,166,8,20.75
1987,Jordan,136,47,2.894
1987,Casey,90,26,3.462
1987,Cory,80,5,16.0
1987,Corey,71,7,10.143
1987,Cameron,70,5,14.0
1987,Devin,60,8,7.5
1987,Taylor,46,35,1.314
1987,Lee,34,5,6.8
1987,Christian,28,6,4.667
1987,Devon,25,5,5.0
1987,Jaime,19,20,0.95
1987,Kelly,19,152,0.125
1987,Jamie,17,126,0.135
1987,Jessie,14,22,0.636
1987,Morgan,14,51,0.275
1987,Shea,10,6,1.667
1987,Angel,9,19,0.474
1987,Dominique,8,22,0.364
1987,Kasey,8,11,0.727
1987,Ashley,6,699,0.009
1987,Erin,6,160,0.038
1987,Shannon,6,123,0.049
1987,Robin,5,28,0.179
1988,Matthew,659,7,94.143
1988,Kyle,384,6,64.0
1988,Tyler,311,6,51.833
1988,Jordan,123,49,2.51
1988,Cory,106,7,15.143
1988,Cameron,103,8,12.875
1988,Taylor,85,58,1.466
1988,Corey,83,5,16.6
1988,Devin,73,7,10.429
1988,Casey,72,41,1.756
1988,Adrian,40,10,4.0
1988,Logan,36,7,5.143
1988,Devon,21,9,2.333
1988,Kelly,20,133,0.15
1988,Micah,20,5,4.0
1988,Jessie,16,17,0.941
1988,Morgan,12,79,0.152
1988,Courtney,10,147,0.068
1988,Dominique,10,14,0.714
1988,Jamie,10,134,0.075
1988,Jaime,9,15,0.6
1988,Shay,8,6,1.333
1988,Shea,8,5,1.6
1988,Angel,7,20,0.35
1988,Cassidy,7,11,0.636
1988,Kasey,7,11,0.636
1988,Avery,6,5,1.2
1988,Noel,6,5,1.2
1988,Shelby,6,18,0.333
1989,Michael,833,5,166.6
1989,Kyle,360,5,72.0
1989,Cody,201,5,40.2
1989,Jordan,180,96,1.875
1989,Jesse,166,8,20.75
1989,Taylor,116,77,1.506
1989,Cameron,106,6,17.667
1989,Cory,96,5,19.2
1989,Corey,90,5,18.0
1989,Alex,81,7,11.571
1989,Devin,74,21,3.524
1989,Casey,71,24,2.958
1989,Devon,22,17,1.294
1989,Kelly,18,133,0.135
1989,Jessie,16,31,0.516
1989,Dominique,15,15,1.0
1989,Jaime,15,20,0.75
1989,Angel,13,27,0.481
1989,Jamie,13,98,0.133
1989,Morgan,11,71,0.155
1989,Loren,10,6,1.667
1989,Ashton,9,16,0.562
1989,Kendall,8,15,0.533
1989,Kelsey,7,215,0.033
1989,Shannon,6,100,0.06
1989,Ali,5,6,0.833
1989,Aubrey,5,25,0.2
1989,Mackenzie,5,28,0.179
1989,Robin,5,21,0.238
1990,Kyle,401,5,80.2
1990,Jordan,271,130,2.085
1990,Jesse,151,5,30.2
1990,Taylor,145,126,1.151
1990,Casey,80,21,3.81
1990,Cory,79,6,13.167
1990,Devin,70,14,5.0
1990,Blake,68,5,13.6
1990,Logan,67,5,13.4
1990,Dakota,39,11,3.545
1990,Devon,39,17,2.294
1990,Morgan,29,89,0.326
1990,Jessie,28,16,1.75
1990,Dominique,19,29,0.655
1990,Riley,19,7,2.714
1990,Jaime,16,16,1.0
1990,Kelly,16,116,0.138
1990,Angel,15,29,0.517
1990,Jamie,13,99,0.131
1990,Kendall,12,12,1.0
1990,Devan,9,6,1.5
1990,Shea,9,10,0.9
1990,Skylar,9,7,1.286
1990,Kasey,8,9,0.889
1990,Mackenzie,7,29,0.241
1990,Shannon,7,84,0.083
1990,Ashton,6,8,0.75
1990,Shelby,6,75,0.08
1990,Kacey,5,12,0.417
1991,Tyler,456,9,50.667
1991,Ryan,439,7,62.714
1991,Cody,346,10,34.6
1991,Kyle,316,5,63.2
1991,Jordan,263,132,1.992
1991,Taylor,169,133,1.271
1991,Jesse,135,7,19.286
1991,Alex,115,6,19.167
1991,Christian,107,6,17.833
1991,Devin,93,26,3.577
1991,Logan,81,6,13.5
1991,Spencer,80,5,16.0
1991,Casey,76,31,2.452
1991,Adrian,52,5,10.4
1991,Devon,48,23,2.087
1991,Dakota,41,13,3.154
1991,Angel,26,16,1.625
1991,Riley,26,7,3.714
1991,Micah,24,6,4.0
1991,Dominique,19,18,1.056
1991,Jessie,19,24,0.792
1991,Morgan,16,92,0.174
1991,Kelly,15,98,0.153
1991,Kendall,15,17,0.882
1991,Jamie,10,88,0.114
1991,Shelby,10,181,0.055
1991,Jaime,9,13,0.692
1991,Alexis,8,101,0.079
1991,Kellen,8,5,1.6
1991,Loren,7,6,1.167
1991,Robin,7,13,0.538
1991,Sage,7,5,1.4
1991,Shea,7,11,0.636
1991,Ashton,6,6,1.0
1991,Devan,6,7,0.857
1991,Kasey,6,7,0.857
1991,Ariel,5,84,0.06
1991,Leslie,5,14,0.357
1992,Tyler,477,17,28.059
1992,Ryan,466,7,66.571
1992,Cody,357,5,71.4
1992,Jordan,244,147,1.66
1992,Jesse,178,7,25.429
1992,Taylor,177,213,0.831
1992,Christian,130,5,26.0
1992,Alex,100,7,14.286
1992,Devin,77,14,5.5
1992,Dakota,70,18,3.889
1992,Casey,64,21,3.048
1992,Adrian,61,5,12.2
1992,Logan,60,10,6.0
1992,Devon,55,14,3.929
1992,Skyler,32,7,4.571
1992,Angel,29,37,0.784
1992,Riley,27,10,2.7
1992,Jaime,21,24,0.875
1992,Dominique,19,29,0.655
1992,Dallas,16,5,3.2
1992,Morgan,16,146,0.11
1992,Jessie,14,25,0.56
1992,Sage,13,11,1.182
1992,Mackenzie,12,83,0.145
1992,Chandler,10,10,1.0
1992,Jamie,10,80,0.125
1992,Kelly,10,75,0.133
1992,Ashton,9,9,1.0
1992,Darian,9,5,1.8
1992,Kendall,8,23,0.348
1992,Shelby,8,181,0.044
1992,Skylar,8,13,0.615
1992,Avery,7,11,0.636
1992,Bailey,7,45,0.156
1992,Cassidy,7,13,0.538
1992,Devan,7,6,1.167
1992,Guadalupe,7,5,1.4
1992,Harley,7,6,1.167
1992,Shea,6,8,0.75
1992,Ali,5,6,0.833
1992,Sidney,5,7,0.714
1993,Tyler,511,25,20.44
1993,Ryan,390,6,65.0
1993,Jordan,261,154,1.695
1993,Taylor,183,334,0.548
1993,Christian,145,6,24.167
1993,Alex,124,13,9.538
1993,Logan,85,7,12.143
1993,Dakota,80,15,5.333
1993,Cory,73,5,14.6
1993,Devin,70,17,4.118
1993,Casey,59,32,1.844
1993,Devon,42,12,3.5
1993,Riley,35,13,2.692
1993,Drew,33,5,6.6
1993,Jessie,22,16,1.375
1993,Dallas,19,8,2.375
1993,Darian,19,6,3.167
1993,Micah,18,5,3.6
1993,Dominique,17,43,0.395
1993,Angel,16,23,0.696
1993,Avery,14,8,1.75
1993,Morgan,14,101,0.139
1993,Jaime,12,14,0.857
1993,Jamie,11,60,0.183
1993,Kendall,11,26,0.423
1993,Ashton,10,13,0.769
1993,Alexis,9,145,0.062
1993,Chandler,9,12,0.75
1993,Devan,9,7,1.286
1993,Kelly,9,74,0.122
1993,Cassidy,8,27,0.296
1993,Kasey,8,12,0.667
1993,Shelby,8,148,0.054
1993,Skylar,8,7,1.143
1993,Mackenzie,7,69,0.101
1993,Payton,7,6,1.167
1993,Frankie,6,5,1.2
1993,Guadalupe,6,8,0.75
1993,Robin,6,11,0.545
1993,Sage,6,11,0.545
1993,Cheyenne,5,37,0.135
1993,Harley,5,8,0.625
1993,Jade,5,41,0.122
1993,Shannon,5,78,0.064
1993,Tayler,5,20,0.25
1994,Tyler,481,15,32.067
1994,Ryan,372,8,46.5
1994,Cody,290,8,36.25
1994,Jordan,216,142,1.521
1994,Jesse,162,7,23.143
1994,Christian,142,5,28.4
1994,Taylor,134,280,0.479
1994,Gabriel,117,5,23.4
1994,Logan,91,13,7.0
1994,Dakota,87,27,3.222
1994,Alex,81,12,6.75
1994,Devin,81,15,5.4
1994,Devon,72,11,6.545
1994,Casey,71,33,2.152
1994,Hunter,65,18,3.611
1994,Bryce,61,8,7.625
1994,Corey,49,5,9.8
1994,Riley,40,21,1.905
1994,Skyler,31,6,5.167
1994,Micah,28,7,4.0
1994,Dallas,25,15,1.667
1994,Jaime,23,14,1.643
1994,Jessie,20,24,0.833
1994,Darian,19,19,1.0
1994,Kendall,19,35,0.543
1994,Angel,18,23,0.783
1994,Quinn,18,6,3.0
1994,Ashton,16,19,0.842
1994,Chandler,14,13,1.077
1994,Dominique,14,32,0.438
1994,Skylar,14,8,1.75
1994,Morgan,12,166,0.072
1994,Devan,11,5,2.2
1994,Jamie,11,62,0.177
1994,Mackenzie,11,68,0.162
1994,Sage,11,9,1.222
1994,Ali,10,6,1.667
1994,Addison,9,5,1.8
1994,Harley,9,6,1.5
1994,Shannon,8,72,0.111
1994,Shelby,8,143,0.056
1994,Frankie,7,6,1.167
1994,Shea,7,13,0.538
1994,Alexis,6,138,0.043
1994,Guadalupe,6,11,0.545
1994,Kasey,6,15,0.4
1994,Kelly,6,59,0.102
1994,Tracy,6,7,0.857
1994,Ariel,5,19,0.263
1994,Payton,5,10,0.5
1994,Santana,5,6,0.833
1995,Tyler,496,13,38.154
1995,Ryan,369,7,52.714
1995,Kyle,263,6,43.833
1995,Jordan,247,186,1.328
1995,Dylan,213,5,42.6
1995,Christian,169,9,18.778
1995,Connor,148,5,29.6
1995,Logan,129,12,10.75
1995,Jesse,127,11,11.545
1995,Evan,124,5,24.8
1995,Taylor,106,297,0.357
1995,Hunter,97,12,8.083
1995,Dakota,93,27,3.444
1995,Devin,92,14,6.571
1995,Alex,87,8,10.875
1995,Devon,52,17,3.059
1995,Casey,47,30,1.567
1995,Angel,39,26,1.5
1995,Riley,38,21,1.81
1995,Chandler,26,13,2.0
1995,Skyler,25,7,3.571
1995,Alexis,24,195,0.123
1995,Avery,22,16,1.375
1995,Darian,19,17,1.118
1995,Jaime,19,10,1.9
1995,Morgan,19,163,0.117
1995,Bailey,16,71,0.225
1995,Dominique,14,40,0.35
1995,Jessie,14,22,0.636
1995,Ashton,13,10,1.3
1995,Harley,12,6,2.0
1995,Justice,12,13,0.923
1995,Kelly,12,66,0.182
1995,Dallas,11,9,1.222
1995,Sage,10,14,0.714
1995,Skylar,9,18,0.5
1995,Jaden,8,6,1.333
1995,Kendall,8,28,0.286
1995,Mackenzie,8,73,0.11
1995,Payton,8,16,0.5
1995,Sidney,8,14,0.571
1995,Ariel,7,30,0.233
1995,Devyn,7,9,0.778
1995,Kasey,7,11,0.636
1995,Addison,6,6,1.0
1995,Cheyenne,6,64,0.094
1995,Jamie,6,67,0.09
1995,Shannon,6,98,0.061
1995,Erin,5,111,0.045
1995,Guadalupe,5,15,0.333
1995,Noel,5,6,0.833
1996,Tyler,453,10,45.3
1996,Austin,395,5,79.0
1996,Ryan,386,13,29.692
1996,Kyle,240,6,40.0
1996,Jordan,194,140,1.386
1996,Christian,178,6,29.667
1996,Logan,149,21,7.095
1996,Jesse,141,6,23.5
1996,Tristan,123,6,20.5
1996,Gabriel,118,6,19.667
1996,Chase,99,8,12.375
1996,Hunter,99,12,8.25
1996,Taylor,93,284,0.327
1996,Dakota,91,21,4.333
1996,Alex,89,8,11.125
1996,Devin,85,9,9.444
1996,Devon,69,10,6.9
1996,Riley,60,29,2.069
1996,Chandler,40,14,2.857
1996,Angel,39,34,1.147
1996,Casey,34,24,1.417
1996,Micah,32,8,4.0
1996,Bailey,31,100,0.31
1996,Skyler,31,7,4.429
1996,Avery,30,11,2.727
1996,Drew,29,5,5.8
1996,Jaime,24,12,2.0
1996,Morgan,24,162,0.148
1996,Quinn,22,5,4.4
1996,Alexis,21,170,0.124
1996,Skylar,16,15,1.067
1996,Ashton,13,11,1.182
1996,Dallas,13,10,1.3
1996,Jessie,13,25,0.52
1996,Carson,12,5,2.4
1996,Darian,12,9,1.333
1996,Sage,12,11,1.091
1996,Justice,11,8,1.375
1996,Peyton,11,24,0.458
1996,Dominique,10,42,0.238
1996,Shelby,9,124,0.073
1996,Addison,8,8,1.0
1996,Harley,8,12,0.667
1996,Jayden,8,6,1.333
1996,Kelly,8,56,0.143
1996,Payton,7,19,0.368
1996,Sidney,7,13,0.538
1996,Ali,6,6,1.0
1996,Jaden,6,6,1.0
1996,Jamie,6,51,0.118
1996,Kendall,6,28,0.214
1996,Shay,6,5,1.2
1996,Shea,6,8,0.75
1996,Mackenzie,5,88,0.057
1996,Shannon,5,77,0.065
1997,Tyler,387,16,24.188
1997,Ryan,324,8,40.5
1997,Dylan,215,5,43.0
1997,Christian,203,6,33.833
1997,Jordan,200,157,1.274
1997,Cameron,161,15,10.733
1997,Logan,148,15,9.867
1997,Hunter,107,17,6.294
1997,Jesse,105,9,11.667
1997,Taylor,97,280,0.346
1997,Alex,92,12,7.667
1997,Chase,89,5,17.8
1997,Dakota,84,25,3.36
1997,Riley,80,41,1.951
1997,Devin,77,16,4.812
1997,Blake,73,6,12.167
1997,Angel,58,45,1.289
1997,Devon,55,12,4.583
1997,Casey,38,23,1.652
1997,Alexis,35,198,0.177
1997,Bailey,34,100,0.34
1997,Morgan,29,174,0.167
1997,Chandler,27,12,2.25
1997,Skyler,26,8,3.25
1997,Dallas,25,5,5.0
1997,Avery,23,20,1.15
1997,Jaime,23,14,1.643
1997,Micah,23,8,2.875
1997,Darian,18,9,2.0
1997,Skylar,18,11,1.636
1997,Ashton,17,13,1.308
1997,Jaden,17,5,3.4
1997,Peyton,14,28,0.5
1997,Devan,13,5,2.6
1997,Noel,13,7,1.857
1997,Harley,10,13,0.769
1997,Sage,10,17,0.588
1997,Carson,9,5,1.8
1997,Justice,9,10,0.9
1997,Payton,9,29,0.31
1997,Jamie,8,66,0.121
1997,Dominique,7,43,0.163
1997,Guadalupe,7,15,0.467
1997,Jade,7,52,0.135
1997,Ariel,5,29,0.172
1997,Mackenzie,5,92,0.054
1998,Tyler,389,19,20.474
1998,Ryan,330,6,55.0
1998,Jordan,193,170,1.135
1998,Cameron,170,23,7.391
1998,Hunter,149,18,8.278
1998,Logan,147,13,11.308
1998,Tristan,112,6,18.667
1998,Chase,107,14,7.643
1998,Jesse,97,7,13.857
1998,Alex,90,8,11.25
1998,Devin,88,13,6.769
1998,Taylor,82,239,0.343
1998,Dakota,78,31,2.516
1998,Bryce,77,6,12.833
1998,Angel,76,39,1.949
1998,Devon,71,12,5.917
1998,Riley,57,46,1.239
1998,Hayden,48,7,6.857
1998,Aidan,45,6,7.5
1998,Casey,32,28,1.143
1998,Chandler,32,9,3.556
1998,Skyler,31,18,1.722
1998,Micah,29,5,5.8
1998,Alexis,28,227,0.123
1998,Avery,28,41,0.683
1998,Tristen,27,7,3.857
1998,Bailey,23,87,0.264
1998,Morgan,22,168,0.131
1998,Justice,21,13,1.615
1998,Peyton,20,33,0.606
1998,Jaden,19,7,2.714
1998,Quinn,19,12,1.583
1998,Ashton,15,8,1.875
1998,Sage,14,13,1.077
1998,Payton,12,20,0.6
1998,Skylar,12,20,0.6
1998,Addison,11,13,0.846
1998,Darian,11,12,0.917
1998,Harley,11,12,0.917
1998,Kelly,9,57,0.158
1998,Jayden,7,7,1.0
1998,Quincy,7,6,1.167
1998,Ariel,6,33,0.182
1998,Jessie,6,13,0.462
1998,Alijah,5,5,1.0
1998,Guadalupe,5,36,0.139
1998,Reilly,5,7,0.714
1999,Tyler,357,17,21.0
1999,Ryan,338,12,28.167
1999,Kyle,221,6,36.833
1999,Jordan,195,126,1.548
1999,Hunter,194,12,16.167
1999,Christian,187,7,26.714
1999,Cameron,178,27,6.593
1999,Logan,166,15,11.067
1999,Evan,133,6,22.167
1999,Tanner,128,5,25.6
1999,Blake,105,5,21.0
1999,Devin,101,8,12.625
1999,Jesse,88,7,12.571
1999,Tristan,80,5,16.0
1999,Angel,77,58,1.328
1999,Riley,64,64,1.0
1999,Dakota,60,30,2.0
1999,Hayden,57,5,11.4
1999,Taylor,57,256,0.223
1999,Parker,51,6,8.5
1999,Devon,49,9,5.444
1999,Alexis,46,245,0.188
1999,Chandler,40,7,5.714
1999,Casey,39,22,1.773
1999,Jaden,39,11,3.545
1999,Bailey,33,101,0.327
1999,Jaime,27,5,5.4
1999,Micah,26,6,4.333
1999,Quinn,23,11,2.091
1999,Skyler,23,18,1.278
1999,Peyton,22,42,0.524
1999,Jayden,21,11,1.909
1999,Avery,20,38,0.526
1999,Morgan,20,168,0.119
1999,Darian,16,9,1.778
1999,Jessie,16,12,1.333
1999,Payton,16,35,0.457
1999,Addison,15,15,1.0
1999,Ashton,14,14,1.0
1999,Sage,14,17,0.824
1999,Reese,11,9,1.222
1999,Skylar,11,46,0.239
1999,Justice,10,10,1.0
1999,Ariel,9,19,0.474
1999,Devyn,9,7,1.286
1999,Guadalupe,9,20,0.45
1999,Kasey,8,9,0.889
1999,Kendall,8,29,0.276
1999,Noel,8,5,1.6
1999,Santana,7,7,1.0
1999,Frankie,6,6,1.0
1999,Madison,6,302,0.02
1999,Harley,5,15,0.333
1999,Kelly,5,40,0.125
1999,Shea,5,7,0.714
1999,Sidney,5,17,0.294
2000,Ryan,370,15,24.667
2000,Tyler,357,9,39.667
2000,Cameron,189,20,9.45
2000,Hunter,179,15,11.933
2000,Jordan,177,135,1.311
2000,Logan,167,7,23.857
2000,Angel,110,54,2.037
2000,Devin,101,10,10.1
2000,Blake,97,10,9.7
2000,Riley,81,62,1.306
2000,Alexis,70,234,0.299
2000,Taylor,68,244,0.279
2000,Jaden,60,20,3.0
2000,Dakota,59,37,1.595
2000,Hayden,58,12,4.833
2000,Devon,52,8,6.5
2000,Keegan,36,5,7.2
2000,Jayden,35,16,2.188
2000,Casey,34,19,1.789
2000,Bailey,33,90,0.367
2000,Skyler,30,16,1.875
2000,Quinn,29,14,2.071
2000,Ashton,28,9,3.111
2000,Micah,28,6,4.667
2000,Peyton,27,53,0.509
2000,Payton,25,55,0.455
2000,Avery,24,42,0.571
2000,Dallas,21,9,2.333
2000,Morgan,19,163,0.117
2000,Skylar,14,48,0.292
2000,Ariel,10,29,0.345
2000,Addison,9,17,0.529
2000,Joey,9,5,1.8
2000,Dominique,8,32,0.25
2000,Jaiden,8,12,0.667
2000,Teagan,8,9,0.889
2000,Justice,7,8,0.875
2000,Reilly,7,10,0.7
2000,Sage,7,20,0.35
2000,Santana,7,6,1.167
2000,Harley,6,9,0.667
2000,Jordyn,6,48,0.125
2000,Kasey,6,7,0.857
2000,Tegan,6,5,1.2
2000,Kacey,5,8,0.625
2000,Mackenzie,5,93,0.054
2000,Rowan,5,8,0.625
2000,Shea,5,9,0.556
2001,Tyler,346,13,26.615
2001,Ryan,321,11,29.182
2001,Logan,264,18,14.667
2001,Austin,236,6,39.333
2001,Hunter,191,19,10.053
2001,Cameron,170,17,10.0
2001,Angel,143,41,3.488
2001,Cody,138,5,27.6
2001,Jordan,132,135,0.978
2001,Aidan,125,5,25.0
2001,Mason,118,5,23.6
2001,Alex,94,6,15.667
2001,Tristan,92,5,18.4
2001,Devin,86,9,9.556
2001,Riley,85,92,0.924
2001,Jaden,78,29,2.69
2001,Carson,74,5,14.8
2001,Dakota,73,25,2.92
2001,Bryce,68,5,13.6
2001,Devon,66,8,8.25
2001,Alexis,65,218,0.298
2001,Hayden,65,16,4.062
2001,Taylor,61,249,0.245
2001,Jayden,51,17,3.0
2001,Jaime,40,8,5.0
2001,Micah,39,5,7.8
2001,Quinn,36,7,5.143
2001,Ashton,31,11,2.818
2001,Peyton,27,73,0.37
2001,Skyler,25,18,1.389
2001,Casey,23,13,1.769
2001,Avery,22,64,0.344
2001,Drew,22,7,3.143
2001,Chandler,21,6,3.5
2001,Darian,21,10,2.1
2001,Morgan,18,167,0.108
2001,Payton,15,46,0.326
2001,Bailey,14,94,0.149
2001,Reese,14,7,2.0
2001,Jaiden,12,7,1.714
2001,Dallas,11,5,2.2
2001,Justice,11,6,1.833
2001,Skylar,11,40,0.275
2001,Dominique,10,9,1.111
2001,Rowan,10,10,1.0
2001,Sage,10,19,0.526
2001,Teagan,10,16,0.625
2001,Guadalupe,9,27,0.333
2001,Harley,9,10,0.9
2001,Noel,9,5,1.8
2001,Quincy,9,5,1.8
2001,Addison,7,21,0.333
2001,Jamie,7,30,0.233
2001,Ariel,6,22,0.273
2001,Jade,6,68,0.088
2001,Jessie,6,23,0.261
2001,Harper,5,5,1.0
2001,Jordyn,5,40,0.125
2001,Kaya,5,10,0.5
2001,Kendall,5,36,0.139
2001,Mackenzie,5,122,0.041
2001,Raven,5,15,0.333
2001,Rylee,5,26,0.192
2001,Trinity,5,120,0.042
2002,Tyler,325,10,32.5
2002,Ryan,273,16,17.062
2002,Dylan,255,8,31.875
2002,Logan,245,17,14.412
2002,Austin,240,5,48.0
2002,Aidan,179,5,35.8
2002,Jordan,177,122,1.451
2002,Angel,174,50,3.48
2002,Blake,171,6,28.5
2002,Hunter,159,7,22.714
2002,Cameron,142,23,6.174
2002,Mason,132,6,22.0
2002,Alex,106,5,21.2
2002,Hayden,102,10,10.2
2002,Riley,88,82,1.073
2002,Tristan,86,5,17.2
2002,Jaden,84,26,3.231
2002,Jesse,80,9,8.889
2002,Devin,74,7,10.571
2002,Jayden,70,27,2.593
2002,Alexis,66,224,0.295
2002,Carson,61,5,12.2
2002,Taylor,59,170,0.347
2002,Parker,50,7,7.143
2002,Devon,49,5,9.8
2002,Dakota,45,26,1.731
2002,Micah,43,5,8.6
2002,Ashton,40,11,3.636
2002,Keegan,38,5,7.6
2002,Jaime,36,6,6.0
2002,Skyler,30,26,1.154
2002,Avery,28,68,0.412
2002,Drew,22,5,4.4
2002,Quinn,21,14,1.5
2002,Casey,20,8,2.5
2002,Tristen,18,6,3.0
2002,Jaiden,17,7,2.429
2002,Payton,17,49,0.347
2002,Peyton,17,60,0.283
2002,Harley,16,5,3.2
2002,Morgan,16,159,0.101
2002,Sage,16,24,0.667
2002,Noel,15,5,3.0
2002,Jessie,14,13,1.077
2002,Charlie,12,6,2.0
2002,Skylar,12,50,0.24
2002,Bailey,11,74,0.149
2002,Dominique,11,11,1.0
2002,Reece,11,6,1.833
2002,Reese,11,15,0.733
2002,Justice,9,12,0.75
2002,Jadyn,8,19,0.421
2002,Jamie,8,28,0.286
2002,Teagan,8,22,0.364
2002,Addison,7,26,0.269
2002,Phoenix,7,5,1.4
2002,Rowan,7,8,0.875
2002,Rory,6,5,1.2
2002,Austyn,5,6,0.833
2002,Campbell,5,6,0.833
2002,Devyn,5,5,1.0
2002,Jaedyn,5,6,0.833
2002,Kennedy,5,28,0.179
2002,Reagan,5,26,0.192
2002,Shannon,5,33,0.152
2003,Ryan,324,12,27.0
2003,Tyler,321,8,40.125
2003,Dylan,269,13,20.692
2003,Logan,242,18,13.444
2003,Aidan,202,5,40.4
2003,Angel,179,41,4.366
2003,Austin,167,5,33.4
2003,Hunter,160,10,16.0
2003,Jordan,157,128,1.227
2003,Kyle,134,5,26.8
2003,Cameron,129,18,7.167
2003,Alex,128,7,18.286
2003,Jaden,111,31,3.581
2003,Hayden,104,11,9.455
2003,Riley,93,91,1.022
2003,Jayden,88,31,2.839
2003,Bryce,80,6,13.333
2003,Ashton,72,14,5.143
2003,Alexis,65,209,0.311
2003,Parker,59,7,8.429
2003,Devon,53,7,7.571
2003,Taylor,48,188,0.255
2003,Dakota,41,23,1.783
2003,Quinn,41,11,3.727
2003,Avery,34,100,0.34
2003,Peyton,29,47,0.617
2003,Skyler,29,28,1.036
2003,Casey,28,13,2.154
2003,Payton,19,39,0.487
2003,Reece,19,6,3.167
2003,Rowan,19,13,1.462
2003,Morgan,18,138,0.13
2003,Devyn,16,8,2.0
2003,Skylar,15,25,0.6
2003,Jaiden,14,17,0.824
2003,Sage,14,27,0.519
2003,Kayden,13,5,2.6
2003,Phoenix,13,5,2.6
2003,Reese,13,26,0.5
2003,Quincy,11,6,1.833
2003,Justice,10,11,0.909
2003,Addison,9,33,0.273
2003,Bailey,8,60,0.133
2003,Jordyn,8,35,0.229
2003,Harley,7,6,1.167
2003,Jessie,7,16,0.438
2003,Kendall,7,42,0.167
2003,Teagan,7,16,0.438
2003,Campbell,5,11,0.455
2003,Guadalupe,5,26,0.192
2003,Haven,5,5,1.0
2003,Rian,5,6,0.833
2003,Rylee,5,51,0.098
2004,Alexander,336,5,67.2
2004,Tyler,300,12,25.0
2004,Ryan,290,14,20.714
2004,Logan,258,16,16.125
2004,Dylan,219,19,11.526
2004,Angel,213,43,4.953
2004,Aidan,194,5,38.8
2004,Cameron,134,17,7.882
2004,Hunter,125,6,20.833
2004,Jordan,116,95,1.221
2004,Hayden,112,13,8.615
2004,Alexis,106,201,0.527
2004,Jayden,98,41,2.39
2004,Chase,95,5,19.0
2004,Riley,91,99,0.919
2004,Carter,90,5,18.0
2004,Alex,86,7,12.286
2004,Jaden,69,23,3.0
2004,Parker,57,11,5.182
2004,Devon,49,6,8.167
2004,Peyton,46,55,0.836
2004,Dakota,42,31,1.355
2004,Taylor,32,156,0.205
2004,Casey,31,8,3.875
2004,Avery,29,108,0.269
2004,Quinn,28,10,2.8
2004,Jaime,26,6,4.333
2004,Skyler,26,25,1.04
2004,Kayden,24,8,3.0
2004,Jessie,20,16,1.25
2004,Morgan,19,140,0.136
2004,Payton,19,46,0.413
2004,Sawyer,17,7,2.429
2004,Jaiden,15,10,1.5
2004,Charlie,14,9,1.556
2004,Reece,14,8,1.75
2004,Rowan,14,15,0.933
2004,Ali,13,5,2.6
2004,Justice,12,10,1.2
2004,Phoenix,11,10,1.1
2004,Sage,11,31,0.355
2004,Harley,10,11,0.909
2004,Addison,9,34,0.265
2004,Jadyn,9,25,0.36
2004,Bailey,8,74,0.108
2004,Noel,8,5,1.6
2004,Shea,7,10,0.7
2004,Amari,6,5,1.2
2004,Guadalupe,6,29,0.207
2004,Reese,6,20,0.3
2004,Teagan,6,24,0.25
2004,Emerson,5,9,0.556
2004,Rylee,5,43,0.116
2004,Skylar,5,34,0.147
2005,Tyler,312,6,52.0
2005,Ryan,284,6,47.333
2005,Angel,259,37,7.0
2005,Dylan,254,7,36.286
2005,Logan,233,15,15.533
2005,Aiden,190,7,27.143
2005,Austin,171,5,34.2
2005,Hunter,162,7,23.143
2005,Mason,152,6,25.333
2005,Jayden,125,27,4.63
2005,Jordan,122,82,1.488
2005,Alex,107,5,21.4
2005,Cameron,107,18,5.944
2005,Hayden,105,25,4.2
2005,Chase,93,5,18.6
2005,Riley,87,88,0.989
2005,Alexis,72,179,0.402
2005,Parker,67,11,6.091
2005,Ayden,63,5,12.6
2005,Jaden,63,25,2.52
2005,Quinn,50,14,3.571
2005,Peyton,40,51,0.784
2005,Sawyer,40,8,5.0
2005,Dakota,38,35,1.086
2005,Taylor,35,164,0.213
2005,Avery,30,126,0.238
2005,Camden,27,5,5.4
2005,Skyler,25,17,1.471
2005,Jaiden,20,10,2.0
2005,Casey,19,9,2.111
2005,Rowan,18,18,1.0
2005,Payton,17,42,0.405
2005,Reece,16,9,1.778
2005,Reese,15,31,0.484
2005,Bailey,13,70,0.186
2005,Jessie,12,9,1.333
2005,Morgan,12,126,0.095
2005,Phoenix,12,6,2.0
2005,Reagan,12,43,0.279
2005,Jamison,11,7,1.571
2005,Elisha,10,8,1.25
2005,Joey,10,5,2.0
2005,Sage,10,26,0.385
2005,Addison,9,53,0.17
2005,Harley,9,6,1.5
2005,Quincy,9,8,1.125
2005,Tatum,9,35,0.257
2005,Ariel,7,26,0.269
2005,Guadalupe,7,38,0.184
2005,Justice,7,13,0.538
2005,Campbell,6,11,0.545
2005,Frankie,6,5,1.2
2005,Harper,6,15,0.4
2005,Reilly,6,5,1.2
2005,Rory,6,5,1.2
2005,Devyn,5,7,0.714
2005,Dominique,5,15,0.333
2005,Teagan,5,24,0.208
2005,Tegan,5,8,0.625
2006,Logan,300,8,37.5
2006,Tyler,257,8,32.125
2006,Ryan,251,16,15.688
2006,Angel,235,34,6.912
2006,Aidan,184,6,30.667
2006,Dylan,176,9,19.556
2006,Cameron,138,17,8.118
2006,Jordan,135,66,2.045
2006,Jayden,125,26,4.808
2006,Hayden,110,19,5.789
2006,Chase,96,5,19.2
2006,Alex,92,6,15.333
2006,Riley,92,82,1.122
2006,Jesse,78,6,13.0
2006,Parker,68,7,9.714
2006,Jaden,67,20,3.35
2006,Alexis,66,162,0.407
2006,Devin,55,8,6.875
2006,Ashton,49,9,5.444
2006,Quinn,44,21,2.095
2006,Dakota,39,27,1.444
2006,Peyton,38,51,0.745
2006,Sawyer,38,7,5.429
2006,Taylor,36,151,0.238
2006,Avery,33,152,0.217
2006,Jaime,32,5,6.4
2006,Rylan,31,5,6.2
2006,Casey,23,14,1.643
2006,Skyler,23,25,0.92
2006,Payton,22,48,0.458
2006,Charlie,21,9,2.333
2006,Rowan,21,13,1.615
2006,Jaiden,17,15,1.133
2006,River,17,7,2.429
2006,Reece,15,12,1.25
2006,Emerson,13,40,0.325
2006,Jessie,13,10,1.3
2006,Phoenix,13,5,2.6
2006,Reese,12,42,0.286
2006,Teagan,12,22,0.545
2006,Amari,11,6,1.833
2006,Jadyn,11,18,0.611
2006,Morgan,11,113,0.097
2006,Sage,11,22,0.5
2006,Noel,10,6,1.667
2006,Quincy,10,9,1.111
2006,Addison,8,168,0.048
2006,Finley,8,10,0.8
2006,Skylar,8,29,0.276
2006,Bailey,7,59,0.119
2006,Harley,7,8,0.875
2006,Lyric,7,6,1.167
2006,Aidyn,6,5,1.2
2006,Ariel,6,18,0.333
2006,Devyn,6,7,0.857
2006,Harper,6,22,0.273
2006,Haven,6,13,0.462
2006,Jamie,6,26,0.231
2006,Eden,5,22,0.227
2006,Elisha,5,5,1.0
2006,Justice,5,13,0.385
2006,Rylee,5,39,0.128
2006,Tatum,5,34,0.147
2007,Logan,288,11,26.182
2007,Ryan,244,17,14.353
2007,Dylan,222,10,22.2
2007,Angel,198,34,5.824
2007,Jayden,177,48,3.688
2007,Hunter,138,5,27.6
2007,Jordan,137,65,2.108
2007,Aidan,128,7,18.286
2007,Cameron,126,16,7.875
2007,Riley,111,91,1.22
2007,Hayden,100,44,2.273
2007,Jaden,80,18,4.444
2007,Jesse,80,7,11.429
2007,Parker,75,7,10.714
2007,Micah,69,8,8.625
2007,Alexis,53,143,0.371
2007,Kayden,43,8,5.375
2007,Peyton,36,58,0.621
2007,Quinn,36,20,1.8
2007,Sawyer,36,5,7.2
2007,Rowan,32,22,1.455
2007,Avery,31,144,0.215
2007,Devon,30,6,5.0
2007,Jaiden,29,20,1.45
2007,Taylor,28,178,0.157
2007,Dakota,22,38,0.579
2007,Skyler,20,8,2.5
2007,Payton,19,34,0.559
2007,Amari,18,5,3.6
2007,Casey,18,6,3.0
2007,Justice,18,8,2.25
2007,Morgan,18,88,0.205
2007,Skylar,17,30,0.567
2007,Emerson,16,39,0.41
2007,Elliot,15,6,2.5
2007,Reese,15,55,0.273
2007,Teagan,14,27,0.519
2007,Noel,13,7,1.857
2007,River,13,5,2.6
2007,Finley,11,9,1.222
2007,Lyric,10,11,0.909
2007,Sage,10,17,0.588
2007,Darian,9,7,1.286
2007,Harper,9,24,0.375
2007,Tatum,9,30,0.3
2007,Bailey,8,80,0.1
2007,Phoenix,8,14,0.571
2007,Rylee,8,41,0.195
2007,Haven,7,8,0.875
2007,Reagan,7,44,0.159
2007,Jaidyn,6,20,0.3
2007,London,6,13,0.462
2007,Rory,6,5,1.2
2007,Adison,5,13,0.385
2007,Ariel,5,20,0.25
2007,Devyn,5,6,0.833
2007,Guadalupe,5,19,0.263
2007,Harley,5,15,0.333
2007,Jaylen,5,5,1.0
2007,Jordyn,5,39,0.128
2007,Kasey,5,10,0.5
2007,Marley,5,9,0.556
2007,Sidney,5,13,0.385
2008,Gabriel,288,5,57.6
2008,Logan,255,15,17.0
2008,Aiden,238,6,39.667
2008,Ryan,221,8,27.625
2008,Jayden,192,37,5.189
2008,Angel,191,37,5.162
2008,Dylan,180,13,13.846
2008,Jordan,115,63,1.825
2008,Hayden,103,48,2.146
2008,Cameron,96,13,7.385
2008,Carson,95,7,13.571
2008,Riley,91,97,0.938
2008,Parker,63,14,4.5
2008,Sawyer,59,10,5.9
2008,Alexis,57,147,0.388
2008,Devin,52,8,6.5
2008,Jaden,47,12,3.917
2008,Quinn,43,23,1.87
2008,Jaiden,40,15,2.667
2008,Peyton,35,91,0.385
2008,Rylan,35,7,5.0
2008,Taylor,33,180,0.183
2008,Rowan,30,22,1.364
2008,Avery,27,160,0.169
2008,Dakota,26,28,0.929
2008,Kayden,26,9,2.889
2008,Skyler,23,16,1.438
2008,Keagan,22,5,4.4
2008,Charlie,19,9,2.111
2008,Justice,19,9,2.111
2008,Reece,19,9,2.111
2008,River,17,12,1.417
2008,Elliott,16,6,2.667
2008,Morgan,14,76,0.184
2008,Casey,13,12,1.083
2008,Emerson,12,31,0.387
2008,Quincy,12,9,1.333
2008,Amari,10,9,1.111
2008,Eden,10,27,0.37
2008,Finley,10,18,0.556
2008,Sage,10,30,0.333
2008,Teagan,10,40,0.25
2008,Joey,9,6,1.5
2008,Reese,9,56,0.161
2008,Skylar,9,29,0.31
2008,Devyn,8,6,1.333
2008,Noel,8,5,1.6
2008,Tatum,8,32,0.25
2008,Ali,7,6,1.167
2008,Guadalupe,7,17,0.412
2008,London,7,23,0.304
2008,Ariel,6,22,0.273
2008,Azariah,6,5,1.2
2008,Haven,6,9,0.667
2008,Jessie,6,7,0.857
2008,Marley,6,47,0.128
2008,Rory,6,7,0.857
2008,Sidney,6,8,0.75
2008,Sterling,6,5,1.2
2008,Harley,5,16,0.312
2008,Harper,5,29,0.172
2008,Jadyn,5,21,0.238
2008,Jaidyn,5,10,0.5
2008,Lyric,5,22,0.227
2008,Payton,5,58,0.086
2008,Rylee,5,55,0.091
2008,Tegan,5,8,0.625
2009,Logan,279,17,16.412
2009,Ryan,211,13,16.231
2009,Jayden,203,21,9.667
2009,Tyler,200,5,40.0
2009,Angel,187,23,8.13
2009,Dylan,164,8,20.5
2009,Jordan,128,48,2.667
2009,Brayden,120,5,24.0
2009,Blake,102,9,11.333
2009,Cameron,97,15,6.467
2009,Riley,87,100,0.87
2009,Hayden,84,46,1.826
2009,Alex,73,5,14.6
2009,Parker,70,15,4.667
2009,Ashton,63,5,12.6
2009,Jaden,51,14,3.643
2009,Kai,49,7,7.0
2009,Sawyer,48,7,6.857
2009,Rylan,47,6,7.833
2009,Alexis,45,167,0.269
2009,Peyton,43,86,0.5
2009,Devon,36,5,7.2
2009,Kayden,36,8,4.5
2009,Quinn,35,26,1.346
2009,Rowan,35,16,2.188
2009,Ezra,31,5,6.2
2009,Avery,29,141,0.206
2009,Skyler,29,16,1.812
2009,Charlie,28,16,1.75
2009,Phoenix,24,10,2.4
2009,Taylor,24,155,0.155
2009,Dakota,23,22,1.045
2009,Jaiden,22,8,2.75
2009,Elliott,19,7,2.714
2009,River,17,13,1.308
2009,Morgan,15,66,0.227
2009,Justice,14,8,1.75
2009,Teagan,13,27,0.481
2009,Emerson,12,24,0.5
2009,Finley,12,18,0.667
2009,Harper,12,50,0.24
2009,Reese,12,51,0.235
2009,Sage,12,25,0.48
2009,Ellis,11,8,1.375
2009,August,10,6,1.667
2009,Harley,10,14,0.714
2009,Payton,10,51,0.196
2009,Reece,10,11,0.909
2009,Jaydin,8,5,1.6
2009,Skylar,8,24,0.333
2009,Tegan,8,12,0.667
2009,Haven,7,9,0.778
2009,Addison,6,209,0.029
2009,Ariel,6,22,0.273
2009,Devyn,6,8,0.75
2009,Jordyn,6,53,0.113
2009,Lyric,6,9,0.667
2009,Marley,6,32,0.188
2009,Rylee,6,45,0.133
2009,Amari,5,6,0.833
2009,Armani,5,6,0.833
2009,Emery,5,37,0.135
2009,Emory,5,9,0.556
2009,Jadyn,5,12,0.417
2009,London,5,21,0.238
2009,Sidney,5,8,0.625
2010,Logan,243,14,17.357
2010,Dylan,182,13,14.0
2010,Jayden,181,18,10.056
2010,Ryan,170,9,18.889
2010,Tyler,169,5,33.8
2010,Angel,161,34,4.735
2010,Jordan,102,35,2.914
2010,Blake,100,12,8.333
2010,Cameron,93,16,5.812
2010,Hayden,77,34,2.265
2010,Micah,71,6,11.833
2010,Parker,71,9,7.889
2010,Riley,64,92,0.696
2010,Jaden,57,6,9.5
2010,Quinn,51,40,1.275
2010,Rylan,51,9,5.667
2010,Devin,45,6,7.5
2010,Sawyer,44,14,3.143
2010,Avery,42,162,0.259
2010,Jude,41,5,8.2
2010,Kayden,41,5,8.2
2010,Charlie,39,14,2.786
2010,Alexis,38,134,0.284
2010,Peyton,38,93,0.409
2010,Jaiden,36,7,5.143
2010,Rowan,32,17,1.882
2010,Ezra,28,6,4.667
2010,Skyler,28,8,3.5
2010,Emerson,23,36,0.639
2010,Phoenix,22,7,3.143
2010,River,19,6,3.167
2010,Casey,18,5,3.6
2010,Elliott,18,9,2.0
2010,Reece,16,5,3.2
2010,Dakota,15,28,0.536
2010,Zion,15,8,1.875
2010,Finley,13,16,0.812
2010,Justice,13,6,2.167
2010,Taylor,13,93,0.14
2010,Morgan,12,60,0.2
2010,Tatum,12,28,0.429
2010,Ali,11,9,1.222
2010,Payton,11,62,0.177
2010,Reese,11,36,0.306
2010,Jamison,10,5,2.0
2010,Jessie,10,6,1.667
2010,Amari,9,5,1.8
2010,Rory,9,7,1.286
2010,Teagan,9,43,0.209
2010,Ariel,8,12,0.667
2010,Harley,8,9,0.889
2010,Jordyn,8,42,0.19
2010,Lyric,8,16,0.5
2010,Azariah,7,6,1.167
2010,Rylee,7,41,0.171
2010,Sage,7,13,0.538
2010,Skylar,7,25,0.28
2010,Linden,6,7,0.857
2010,London,6,18,0.333
2010,Reagan,6,42,0.143
2010,Addison,5,174,0.029
2010,Eden,5,37,0.135
2010,Jael,5,6,0.833
2011,Logan,262,14,18.714
2011,Jayden,187,14,13.357
2011,Angel,150,19,7.895
2011,Ryan,146,11,13.273
2011,Dylan,138,13,10.615
2011,Blake,134,11,12.182
2011,Jordan,118,29,4.069
2011,Cameron,115,11,10.455
2011,Tristan,87,5,17.4
2011,Parker,83,17,4.882
2011,Ayden,76,6,12.667
2011,Micah,68,6,11.333
2011,Riley,66,100,0.66
2011,Hayden,59,35,1.686
2011,Bentley,53,7,7.571
2011,Alex,52,8,6.5
2011,Sawyer,52,15,3.467
2011,Kai,50,5,10.0
2011,Jaden,48,5,9.6
2011,Kayden,37,5,7.4
2011,Elliot,36,6,6.0
2011,Quinn,36,41,0.878
2011,Charlie,33,24,1.375
2011,Alexis,31,112,0.277
2011,Peyton,30,81,0.37
2011,Rowan,26,11,2.364
2011,Avery,22,168,0.131
2011,River,22,10,2.2
2011,Skyler,21,11,1.909
2011,Emerson,19,40,0.475
2011,Finley,19,34,0.559
2011,Phoenix,16,9,1.778
2011,Taylor,16,68,0.235
2011,Reece,15,6,2.5
2011,Casey,13,6,2.167
2011,Drew,12,6,2.0
2011,Rory,12,10,1.2
2011,Dakota,11,15,0.733
2011,Skylar,11,35,0.314
2011,Reese,9,54,0.167
2011,Tatum,9,21,0.429
2011,Morgan,8,80,0.1
2011,Payton,8,68,0.118
2011,Teagan,8,44,0.182
2011,Ali,7,9,0.778
2011,Quincy,7,9,0.778
2011,Sage,7,17,0.412
2011,Harper,6,116,0.052
2011,Marley,6,14,0.429
2011,Reagan,6,52,0.115
2011,Cassidy,5,20,0.25
2011,Eden,5,24,0.208
2011,Harley,5,12,0.417
2011,Jadyn,5,6,0.833
2011,Jordyn,5,43,0.116
2011,Rylee,5,46,0.109
2011,Sloan,5,11,0.455
2012,Logan,244,11,22.182
2012,Jayden,213,15,14.2
2012,Dylan,153,14,10.929
2012,Ryan,153,11,13.909
2012,Angel,139,20,6.95
2012,Tyler,116,5,23.2
2012,Blake,111,10,11.1
2012,Jordan,105,28,3.75
2012,Cameron,99,8,12.375
2012,Carson,72,5,14.4
2012,Bentley,67,7,9.571
2012,Parker,64,15,4.267
2012,Riley,61,82,0.744
2012,Sawyer,60,9,6.667
2012,Hayden,54,28,1.929
2012,Rylan,46,7,6.571
2012,Quinn,41,49,0.837
2012,Spencer,41,9,4.556
2012,Kayden,40,8,5.0
2012,Peyton,40,66,0.606
2012,Avery,35,192,0.182
2012,Charlie,35,33,1.061
2012,Bryce,34,5,6.8
2012,Elliot,33,9,3.667
2012,Elliott,33,8,4.125
2012,Rowan,30,20,1.5
2012,Alexis,27,81,0.333
2012,Dakota,20,22,0.909
2012,River,19,13,1.462
2012,Phoenix,18,7,2.571
2012,Reece,18,9,2.0
2012,Skyler,18,19,0.947
2012,Armani,17,5,3.4
2012,Ellis,17,8,2.125
2012,Jaiden,17,7,2.429
2012,Casey,16,6,2.667
2012,Rory,16,5,3.2
2012,Taylor,16,87,0.184
2012,Emerson,15,48,0.312
2012,Teagan,15,31,0.484
2012,Drew,13,6,2.167
2012,Sage,13,12,1.083
2012,Finley,12,26,0.462
2012,Azariah,10,5,2.0
2012,Payton,10,57,0.175
2012,Reese,10,54,0.185
2012,Eden,9,30,0.3
2012,Harper,9,162,0.056
2012,Tatum,9,28,0.321
2012,Ali,8,5,1.6
2012,Emery,8,41,0.195
2012,Harley,8,14,0.571
2012,Oakley,7,8,0.875
2012,Quincy,7,9,0.778
2012,Reagan,7,62,0.113
2012,Bailey,6,81,0.074
2012,Finnley,6,5,1.2
2012,Lyric,6,23,0.261
2012,Austyn,5,10,0.5
2012,Jordyn,5,41,0.122
2012,Justice,5,7,0.714
2013,Logan,247,12,20.583
2013,Jayden,184,11,16.727
2013,Hunter,164,7,23.429
2013,Dylan,155,13,11.923
2013,Blake,133,18,7.389
2013,Angel,126,18,7.0
2013,Ryan,120,11,10.909
2013,Jordan,104,28,3.714
2013,Parker,94,24,3.917
2013,Cameron,82,7,11.714
2013,Sawyer,62,20,3.1
2013,Hayden,55,31,1.774
2013,Kai,52,6,8.667
2013,Rylan,52,17,3.059
2013,Riley,50,83,0.602
2013,Kayden,49,7,7.0
2013,Elliott,47,8,5.875
2013,Rowan,43,12,3.583
2013,Avery,38,180,0.211
2013,Charlie,36,35,1.029
2013,Peyton,35,69,0.507
2013,Quinn,34,56,0.607
2013,Elliot,30,8,3.75
2013,Emerson,26,36,0.722
2013,Taylor,25,58,0.431
2013,River,23,15,1.533
2013,Tatum,20,26,0.769
2013,Remington,19,5,3.8
2013,Alexis,17,89,0.191
2013,Dallas,16,7,2.286
2013,Sage,16,19,0.842
2013,Rory,15,8,1.875
2013,Finley,14,21,0.667
2013,Phoenix,14,5,2.8
2013,Skyler,14,13,1.077
2013,Jaiden,13,6,2.167
2013,Dakota,11,13,0.846
2013,Justice,11,8,1.375
2013,Lyric,11,7,1.571
2013,Finnley,9,6,1.5
2013,Reese,9,53,0.17
2013,Skylar,9,42,0.214
2013,Ali,8,7,1.143
2013,Ellis,8,8,1.0
2013,Lennon,8,6,1.333
2013,Harley,7,14,0.5
2013,London,7,22,0.318
2013,Reagan,7,57,0.123
2013,Rylee,7,64,0.109
2013,Amari,6,8,0.75
2013,Ariel,6,30,0.2
2013,Eden,6,35,0.171
2013,Harper,6,156,0.038
2013,Remy,6,8,0.75
2013,Shiloh,6,6,1.0
2013,Ever,5,5,1.0
2013,Frankie,5,6,0.833
2013,Kendall,5,29,0.172
2014,Logan,285,8,35.625
2014,Jayden,170,12,14.167
2014,Carter,166,7,23.714
2014,Hunter,158,6,26.333
2014,Dylan,157,13,12.077
2014,Angel,139,11,12.636
2014,Ryan,120,14,8.571
2014,Lincoln,111,5,22.2
2014,Blake,99,13,7.615
2014,Cameron,92,7,13.143
2014,Jordan,84,18,4.667
2014,Parker,81,21,3.857
2014,Sawyer,75,23,3.261
2014,Ezra,64,5,12.8
2014,Carson,62,6,10.333
2014,Rowan,53,16,3.312
2014,Kayden,51,5,10.2
2014,Riley,51,81,0.63
2014,Bennett,49,5,9.8
2014,Alex,46,5,9.2
2014,Hayden,45,35,1.286
2014,Charlie,42,34,1.235
2014,Avery,39,201,0.194
2014,Rylan,37,6,6.167
2014,Elliott,32,11,2.909
2014,Elliot,30,18,1.667
2014,Peyton,30,73,0.411
2014,Quinn,30,71,0.423
2014,River,28,17,1.647
2014,Rory,28,6,4.667
2014,Emerson,24,43,0.558
2014,Phoenix,21,11,1.909
2014,Tatum,20,25,0.8
2014,Ellis,19,7,2.714
2014,Finley,19,41,0.463
2014,Remington,19,9,2.111
2014,Alexis,18,83,0.217
2014,Taylor,18,55,0.327
2014,Drew,15,6,2.5
2014,Skyler,13,15,0.867
2014,Noel,12,7,1.714
2014,Remy,12,5,2.4
2014,Sage,12,19,0.632
2014,Azariah,11,5,2.2
2014,Justice,11,6,1.833
2014,Dakota,10,16,0.625
2014,Oakley,10,10,1.0
2014,Reece,10,5,2.0
2014,Amari,9,14,0.643
2014,Skylar,9,44,0.205
2014,Finnley,8,9,0.889
2014,Lennon,8,6,1.333
2014,London,8,40,0.2
2014,Reese,8,38,0.211
2014,Reagan,7,65,0.108
2014,Shiloh,7,12,0.583
2014,Campbell,6,6,1.0
2014,Eden,6,43,0.14
2014,Harper,6,187,0.032
2014,Ariel,5,26,0.192
2014,Dallas,5,7,0.714
2014,Emery,5,51,0.098
2014,Haven,5,18,0.278
2014,Lyric,5,9,0.556
2015,Logan,228,9,25.333
2015,Hunter,147,6,24.5
2015,Carter,145,15,9.667
2015,Dylan,141,20,7.05
2015,Ryan,122,16,7.625
2015,Ryder,99,5,19.8
2015,Hudson,98,6,16.333
2015,Sawyer,94,34,2.765
2015,Tyler,89,6,14.833
2015,Angel,88,13,6.769
2015,Jordan,88,13,6.769
2015,Cameron,86,9,9.556
2015,Parker,86,29,2.966
2015,Blake,75,27,2.778
2015,Hayden,59,37,1.595
2015,Bentley,52,6,8.667
2015,Kayden,45,7,6.429
2015,Rowan,43,25,1.72
2015,Alex,42,6,7.0
2015,Elliott,40,10,4.0
2015,Charlie,39,35,1.114
2015,River,39,33,1.182
2015,Rylan,38,5,7.6
2015,Riley,37,87,0.425
2015,Emerson,32,59,0.542
2015,Elliot,30,11,2.727
2015,Quinn,30,72,0.417
2015,Avery,29,193,0.15
2015,Ari,25,8,3.125
2015,Finley,24,43,0.558
2015,Spencer,24,8,3.0
2015,Amari,23,10,2.3
2015,Azariah,23,10,2.3
2015,Dakota,20,31,0.645
2015,Ellis,18,9,2.0
2015,Phoenix,18,15,1.2
2015,Tatum,18,21,0.857
2015,Peyton,17,48,0.354
2015,Zion,17,6,2.833
2015,Rory,16,8,2.0
2015,Oakley,15,14,1.071
2015,Reece,15,8,1.875
2015,Skyler,15,23,0.652
2015,Ali,14,5,2.8
2015,Dallas,14,7,2.0
2015,Sage,13,26,0.5
2015,Morgan,12,46,0.261
2015,Remington,12,12,1.0
2015,Alexis,11,60,0.183
2015,Emery,11,54,0.204
2015,Emory,11,6,1.833
2015,Lennon,11,19,0.579
2015,Lennox,11,7,1.571
2015,Remy,11,7,1.571
2015,Taylor,11,68,0.162
2015,Eden,10,43,0.233
2015,Harley,9,21,0.429
2015,Noel,9,10,0.9
2015,Drew,8,5,1.6
2015,Harper,8,195,0.041
2015,Skylar,8,60,0.133
2015,Quincy,7,5,1.4
2015,Ariel,6,38,0.158
2015,Finnley,6,8,0.75
2015,Frankie,6,8,0.75
2015,London,6,30,0.2
2015,Monroe,6,7,0.857
2015,Payton,6,24,0.25
2015,Shiloh,6,13,0.462
2015,Denver,5,5,1.0
2015,Linden,5,5,1.0
2015,Reese,5,54,0.093
2015,Skye,5,13,0.385
2015,Winter,5,11,0.455
2016,Logan,222,15,14.8
2016,Lincoln,147,5,29.4
2016,Carter,141,12,11.75
2016,Hunter,140,13,10.769
2016,Jayden,133,13,10.231
2016,Cooper,120,6,20.0
2016,Dylan,115,21,5.476
2016,Ezra,107,5,21.4
2016,Ryan,95,8,11.875
2016,Sawyer,87,20,4.35
2016,Cameron,84,9,9.333
2016,Angel,80,8,10.0
2016,Jordan,78,25,3.12
2016,Parker,73,14,5.214
2016,Camden,71,5,14.2
2016,Blake,64,35,1.829
2016,Jude,61,6,10.167
2016,Hayden,54,30,1.8
2016,Elliot,53,14,3.786
2016,Rowan,53,31,1.71
2016,Emerson,43,52,0.827
2016,Elliott,42,11,3.818
2016,River,39,13,3.0
2016,Charlie,37,36,1.028
2016,Riley,35,114,0.307
2016,Finley,33,41,0.805
2016,Avery,29,167,0.174
2016,Brecken,29,5,5.8
2016,Ellis,29,8,3.625
2016,Quinn,27,86,0.314
2016,Remington,26,11,2.364
2016,Lane,25,5,5.0
2016,Rylan,25,6,4.167
2016,Remy,23,11,2.091
2016,Rory,23,15,1.533
2016,Sterling,23,7,3.286
2016,Phoenix,20,18,1.111
2016,Skyler,20,12,1.667
2016,Spencer,20,5,4.0
2016,Peyton,19,56,0.339
2016,Keegan,18,5,3.6
2016,Dakota,16,19,0.842
2016,Sage,16,24,0.667
2016,Tatum,15,18,0.833
2016,Amari,14,6,2.333
2016,Taylor,14,55,0.255
2016,Azariah,13,5,2.6
2016,Reece,13,6,2.167
2016,Alexis,11,38,0.289
2016,Dallas,11,7,1.571
2016,Eden,10,46,0.217
2016,Quincy,10,6,1.667
2016,Ariel,9,24,0.375
2016,Casey,9,5,1.8
2016,Jamie,9,6,1.5
2016,Justice,9,8,1.125
2016,Morgan,9,37,0.243
2016,Campbell,8,10,0.8
2016,Emery,8,56,0.143
2016,Frankie,8,8,1.0
2016,Lennon,8,12,0.667
2016,Remi,8,28,0.286
2016,Emory,7,9,0.778
2016,Harley,7,29,0.241
2016,Reese,7,35,0.2
2016,Addison,6,95,0.063
2016,Harper,6,195,0.031
2016,Leighton,6,12,0.5
2016,Lennox,6,6,1.0
2016,Monroe,6,9,0.667
2016,Oakley,6,14,0.429
2016,Skylar,6,42,0.143
2016,Aven,5,5,1.0
2016,London,5,19,0.263
2016,Salem,5,8,0.625
2016,Shiloh,5,11,0.455
2017,Noah,270,5,54.0
2017,Logan,233,17,13.706
2017,Lincoln,155,5,31.0
2017,Carter,140,15,9.333
2017,Hunter,132,11,12.0
2017,Dylan,130,19,6.842
2017,Ezra,111,10,11.1
2017,Ryan,97,21,4.619
2017,Sawyer,89,31,2.871
2017,Cooper,87,5,17.4
2017,Angel,85,15,5.667
2017,Cameron,84,9,9.333
2017,Rowan,79,32,2.469
2017,Jordan,76,18,4.222
2017,Parker,72,17,4.235
2017,Carson,66,5,13.2
2017,Tyler,56,5,11.2
2017,Elliot,55,9,6.111
2017,August,52,5,10.4
2017,Blake,49,35,1.4
2017,Elliott,47,14,3.357
2017,Bentley,45,5,9.0
2017,Bodhi,44,5,8.8
2017,Charlie,41,44,0.932
2017,River,41,32,1.281
2017,Remington,39,11,3.545
2017,Hayden,36,32,1.125
2017,Emerson,35,47,0.745
2017,Riley,35,118,0.297
2017,Avery,33,159,0.208
2017,Ellis,33,10,3.3
2017,Quinn,33,99,0.333
2017,Phoenix,30,12,2.5
2017,Spencer,30,5,6.0
2017,Rylan,25,10,2.5
2017,Rory,24,12,2.0
2017,Sage,23,26,0.885
2017,Ari,22,5,4.4
2017,Finley,22,49,0.449
2017,Zion,20,7,2.857
2017,Rowen,18,9,2.0
2017,Eden,16,31,0.516
2017,Brecken,15,5,3.0
2017,Oakley,15,13,1.154
2017,Amari,14,11,1.273
2017,Dakota,14,9,1.556
2017,Karter,14,8,1.75
2017,Remy,14,10,1.4
2017,Alexis,13,36,0.361
2017,Ariel,13,40,0.325
2017,Justice,12,5,2.4
2017,Peyton,12,39,0.308
2017,Quincy,12,9,1.333
2017,Layne,11,5,2.2
2017,Lennox,11,6,1.833
2017,Skyler,11,14,0.786
2017,Taylor,10,53,0.189
2017,Casey,9,5,1.8
2017,London,9,22,0.409
2017,Finnley,8,6,1.333
2017,Lennon,8,15,0.533
2017,Reece,8,7,1.143
2017,Emery,6,65,0.092
2017,Jaylen,6,5,1.2
2017,Reese,6,22,0.273
2017,Remi,6,32,0.188
2017,Santana,6,6,1.0
2017,Tatum,6,21,0.286
2017,Campbell,5,5,1.0
2017,Harley,5,19,0.263
2017,Harper,5,187,0.027
2017,Marley,5,33,0.152
2017,Teagan,5,45,0.111
2018,Logan,205,17,12.059
2018,Lincoln,130,6,21.667
2018,Carter,128,12,10.667
2018,Dylan,127,21,6.048
2018,Jayden,99,6,16.5
2018,Micah,92,6,15.333
2018,Sawyer,86,30,2.867
2018,Ryan,84,11,7.636
2018,Angel,82,9,9.111
2018,Jordan,81,21,3.857
2018,Rowan,75,43,1.744
2018,Cameron,74,14,5.286
2018,Parker,55,34,1.618
2018,August,51,6,8.5
2018,Elliot,48,14,3.429
2018,River,44,31,1.419
2018,Elliott,43,18,2.389
2018,Hayden,43,26,1.654
2018,Charlie,36,47,0.766
2018,Emerson,35,51,0.686
2018,Remington,34,23,1.478
2018,Blake,32,31,1.032
2018,Rylan,31,9,3.444
2018,Avery,30,166,0.181
2018,Alex,29,5,5.8
2018,Ellis,29,11,2.636
2018,Phoenix,28,8,3.5
2018,Quinn,28,78,0.359
2018,Finley,27,58,0.466
2018,Riley,27,87,0.31
2018,Rory,27,15,1.8
2018,Sterling,26,8,3.25
2018,Spencer,24,7,3.429
2018,Remy,23,24,0.958
2018,Amari,19,11,1.727
2018,Ari,19,6,3.167
2018,Oakley,19,12,1.583
2018,Dakota,18,16,1.125
2018,Sage,18,31,0.581
2018,Skyler,17,12,1.417
2018,Karter,16,5,3.2
2018,Alexis,15,27,0.556
2018,Dallas,15,5,3.0
2018,Peyton,15,47,0.319
2018,Taylor,12,27,0.444
2018,Lennon,11,12,0.917
2018,Ariel,10,24,0.417
2018,Azariah,10,6,1.667
2018,Dillon,10,5,2.0
2018,Eden,10,44,0.227
2018,Frankie,9,7,1.286
2018,Lennox,9,7,1.286
2018,Quincy,9,5,1.8
2018,Justice,8,9,0.889
2018,Lyric,8,11,0.727
2018,Reese,8,40,0.2
2018,Royal,8,5,1.6
2018,Tatum,8,11,0.727
2018,Leighton,7,7,1.0
2018,Finnley,6,9,0.667
2018,London,6,23,0.261
2018,Bellamy,5,8,0.625
2018,Emory,5,17,0.294
2018,Jamie,5,5,1.0
2019,Noah,275,5,55.0
2019,Logan,164,24,6.833
2019,Ezra,151,8,18.875
2019,Carter,134,14,9.571
2019,Lincoln,115,7,16.429
2019,Hunter,108,7,15.429
2019,Cooper,102,5,20.4
2019,Hudson,101,5,20.2
2019,Dylan,97,18,5.389
2019,Cameron,91,10,9.1
2019,Carson,84,7,12.0
2019,Rowan,82,35,2.343
2019,Sawyer,79,38,2.079
2019,Ryan,74,22,3.364
2019,Angel,72,9,8.0
2019,Parker,63,34,1.853
2019,Camden,57,5,11.4
2019,Jordan,54,19,2.842
2019,River,52,27,1.926
2019,Blake,50,36,1.389
2019,Elliot,50,12,4.167
2019,Micah,50,9,5.556
2019,Avery,45,146,0.308
2019,Charlie,45,62,0.726
2019,Elliott,45,14,3.214
2019,Bentley,41,7,5.857
2019,Remington,41,15,2.733
2019,Alex,40,5,8.0
2019,Finley,30,40,0.75
2019,Phoenix,29,18,1.611
2019,Bryce,28,5,5.6
2019,Emerson,28,50,0.56
2019,Hayden,27,32,0.844
2019,Ellis,25,7,3.571
2019,Rylan,23,5,4.6
2019,Hendrix,22,5,4.4
2019,Rory,21,19,1.105
2019,Riley,20,101,0.198
2019,Armani,19,6,3.167
2019,Amari,18,9,2.0
2019,Quinn,18,85,0.212
2019,Remy,18,12,1.5
2019,Sage,16,23,0.696
2019,Dakota,15,14,1.071
2019,Dallas,15,6,2.5
2019,Alexis,14,16,0.875
2019,Azariah,14,6,2.333
2019,Quincy,14,8,1.75
2019,Ariel,13,19,0.684
2019,Casey,12,11,1.091
2019,Oakley,11,20,0.55
2019,Eden,10,40,0.25
2019,Morgan,10,25,0.4
2019,Remi,10,42,0.238
2019,Shiloh,10,19,0.526
2019,Linden,9,8,1.125
2019,Peyton,9,48,0.188
2019,Skyler,9,12,0.75
2019,Harley,8,21,0.381
2019,Joey,8,6,1.333
2019,Tatum,8,19,0.421
2019,Taylor,8,34,0.235
2019,Milan,7,6,1.167
2019,Kelly,6,5,1.2
2019,Lennon,6,24,0.25
2019,Salem,6,10,0.6
2019,Sutton,6,7,0.857
2019,Cadence,5,16,0.312
2019,Jordyn,5,20,0.25
2019,Lyric,5,16,0.312
2020,Noah,261,6,43.5
2020,Wyatt,192,5,38.4
2020,Logan,176,27,6.519
2020,Ezra,130,8,16.25
2020,Carter,125,17,7.353
2020,Lincoln,119,6,19.833
2020,Cooper,105,6,17.5
2020,Dylan,103,19,5.421
2020,Angel,99,8,12.375
2020,Rowan,86,27,3.185
2020,Hunter,80,7,11.429
2020,Kai,80,5,16.0
2020,Sawyer,68,39,1.744
2020,Ryan,67,17,3.941
2020,Micah,65,9,7.222
2020,Cameron,63,16,3.938
2020,Jordan,57,16,3.562
2020,August,55,7,7.857
2020,River,49,26,1.885
2020,Bodhi,47,5,9.4
2020,Hayden,46,36,1.278
2020,Elliott,41,23,1.783
2020,Charlie,39,56,0.696
2020,Elliot,39,14,2.786
2020,Parker,39,32,1.219
2020,Blake,38,39,0.974
2020,Remington,38,17,2.235
2020,Tyler,36,6,6.0
2020,Emerson,35,55,0.636
2020,Avery,34,139,0.245
2020,Lane,33,5,6.6
2020,Riley,31,91,0.341
2020,Alex,30,6,5.0
2020,Ellis,30,5,6.0
2020,Phoenix,27,19,1.421
2020,Rory,27,19,1.421
2020,Remy,26,11,2.364
2020,Wilder,26,5,5.2
2020,Amari,24,13,1.846
2020,Armani,22,7,3.143
2020,Finley,22,34,0.647
2020,Hayes,22,5,4.4
2020,Lennox,22,6,3.667
2020,Rylan,22,7,3.143
2020,Quinn,20,74,0.27
2020,Ari,19,9,2.111
2020,Reece,18,5,3.6
2020,Skyler,18,6,3.0
2020,Karter,17,6,2.833
2020,Sage,16,17,0.941
2020,Azariah,14,8,1.75
2020,Dakota,13,14,0.929
2020,Oakley,13,35,0.371
2020,Finnley,12,7,1.714
2020,Sutton,12,27,0.444
2020,Eden,11,32,0.344
2020,Remi,11,49,0.224
2020,Tatum,10,20,0.5
2020,Ariel,9,14,0.643
2020,Lennon,9,14,0.643
2020,Morgan,9,31,0.29
2020,Quincy,9,7,1.286
2020,Shiloh,9,15,0.6
2020,Taylor,9,29,0.31
2020,Alexis,8,13,0.615
2020,Joey,8,5,1.6
2020,Robin,8,9,0.889
2020,Spencer,8,8,1.0
2020,Emery,7,71,0.099
2020,Reese,7,41,0.171
2020,Emory,6,10,0.6
2020,Kamryn,6,9,0.667
2020,London,6,22,0.273
2020,Nova,6,69,0.087
2020,Peyton,6,44,0.136
2020,Harley,5,22,0.227
2020,Henley,5,6,0.833
2020,Reign,5,14,0.357
2021,Wyatt,150,6,25.0
2021,Logan,147,22,6.682
2021,Carter,131,14,9.357
2021,Lincoln,125,5,25.0
2021,Wesley,99,7,14.143
2021,Dylan,93,16,5.812
2021,Rowan,92,40,2.3
2021,Jayden,90,6,15.0
2021,August,83,5,16.6
2021,Angel,82,6,13.667
2021,Cameron,76,18,4.222
2021,Ryan,71,10,7.1
2021,Hunter,68,14,4.857
2021,Atlas,67,7,9.571
2021,River,66,33,2.0
2021,Parker,65,41,1.585
2021,Sawyer,64,32,2.0
2021,Jordan,60,22,2.727
2021,Walker,58,6,9.667
2021,Elliot,53,6,8.833
2021,Camden,43,5,8.6
2021,Charlie,41,48,0.854
2021,Hayden,40,25,1.6
2021,Zion,39,6,6.5
2021,Finley,38,45,0.844
2021,Elliott,37,11,3.364
2021,Ellis,34,6,5.667
2021,Maddox,34,6,5.667
2021,Blake,33,35,0.943
2021,Riley,30,93,0.323
2021,Rory,29,16,1.812
2021,Remington,28,22,1.273
2021,Sterling,28,6,4.667
2021,Amari,27,9,3.0
2021,Avery,27,156,0.173
2021,Phoenix,27,18,1.5
2021,Remy,24,11,2.182
2021,Finnley,23,11,2.091
2021,Emerson,22,46,0.478
2021,Rylan,20,9,2.222
2021,Tatum,19,24,0.792
2021,Azariah,18,7,2.571
2021,Sage,18,30,0.6
2021,Lennox,17,11,1.545
2021,Quinn,17,98,0.173
2021,Sutton,17,32,0.531
2021,Onyx,15,6,2.5
2021,Eden,14,39,0.359
2021,Taylor,14,18,0.778
2021,Alexis,12,15,0.8
2021,Oakley,12,19,0.632
2021,Dakota,10,11,0.909
2021,Karter,10,6,1.667
2021,Avi,9,7,1.286
2021,Morgan,9,23,0.391
2021,Skyler,9,6,1.5
2021,Everest,8,5,1.6
2021,Lennon,8,37,0.216
2021,Nova,8,88,0.091
2021,Remi,8,36,0.222
2021,Shiloh,8,12,0.667
2021,Ariel,7,14,0.5
2021,Bellamy,7,5,1.4
2021,Devin,7,7,1.0
2021,Indigo,7,6,1.167
2021,Milan,7,5,1.4
2021,Murphy,7,14,0.5
2021,Emery,6,59,0.102
2021,Leighton,6,12,0.5
2021,Peyton,6,46,0.13
2021,Wren,6,37,0.162
2021,Baylor,5,5,1.0
2021,Reese,5,53,0.094
2021,Reign,5,5,1.0
2021,Salem,5,15,0.333
2021,Sky,5,6,0.833
