YOB,Name,mFrequency,fFrequency,mForF
1915,Marion,5,8,0.625
1926,Marion,5,11,0.455
1927,Marion,5,6,0.833
1946,Terry,11,5,2.2
1948,Leslie,5,5,1.0
1950,Dale,15,5,3.0
1950,Terry,9,5,1.8
1951,Terry,15,8,1.875
1951,Leslie,5,8,0.625
1952,Terry,9,5,1.8
1953,Dale,18,6,3.0
1953,Terry,15,7,2.143
1953,Robin,9,29,0.31
1953,Leslie,6,9,0.667
1954,Terry,13,15,0.867
1954,Robin,9,34,0.265
1955,Terry,17,16,1.062
1955,Dale,10,6,1.667
1955,Lee,9,5,1.8
1955,Robin,9,53,0.17
1955,Leslie,6,11,0.545
1956,Terry,23,30,0.767
1956,Lee,11,6,1.833
1956,Robin,7,49,0.143
1956,Leslie,6,16,0.375
1956,Kim,5,24,0.208
1957,Robin,14,49,0.286
1957,Terry,9,26,0.346
1957,Leslie,8,21,0.381
1957,Kim,6,30,0.2
1958,Terry,25,18,1.389
1958,Robin,10,51,0.196
1959,Terry,14,23,0.609
1959,Robin,9,61,0.148
1960,Chris,20,6,3.333
1960,Terry,12,19,0.632
1961,Terry,23,21,1.095
1961,Robin,9,76,0.118
1961,Kim,7,27,0.259
1961,Tracy,5,20,0.25
1962,Terry,17,23,0.739
1962,Tracy,11,25,0.44
1962,Dana,6,9,0.667
1962,Kelly,6,31,0.194
1962,Leslie,6,22,0.273
1962,Robin,6,74,0.081
1963,Terry,13,21,0.619
1963,Chris,12,7,1.714
1963,Dana,5,11,0.455
1964,Terry,14,17,0.824
1964,Tracy,6,45,0.133
1965,Terry,10,7,1.429
1965,Dana,5,15,0.333
1965,Kelly,5,31,0.161
1966,Lee,9,5,1.8
1966,Tracy,7,47,0.149
1966,Dana,5,13,0.385
1966,Terry,5,6,0.833
1967,Shawn,22,5,4.4
1967,Tracy,7,31,0.226
1968,Kelly,8,50,0.16
1968,Terry,8,10,0.8
1969,Shawn,25,6,4.167
1969,Terry,9,8,1.125
1969,Jamie,5,5,1.0
1969,Shannon,5,19,0.263
1970,Terry,12,5,2.4
1970,Lee,6,6,1.0
1970,Shannon,6,34,0.176
1971,Shawn,41,6,6.833
1971,Terry,9,5,1.8
1971,Jamie,5,5,1.0
1971,Kelly,5,41,0.122
1972,Shawn,39,10,3.9
1972,Shannon,8,30,0.267
1973,Jamie,8,5,1.6
1973,Shannon,8,25,0.32
1974,Shannon,10,30,0.333
1974,Nakia,5,8,0.625
1975,Jamie,16,12,1.333
1976,Jamie,9,23,0.391
1977,Jamie,8,31,0.258
1977,Shannon,6,43,0.14
1978,Jamie,6,28,0.214
1978,Shannon,6,35,0.171
1979,Michael,230,7,32.857
1979,Ryan,50,8,6.25
1979,Jamie,7,36,0.194
1979,Casey,6,5,1.2
1980,Jamie,15,28,0.536
1981,Jamie,12,28,0.429
1981,Casey,6,7,0.857
1981,Dana,5,20,0.25
1982,Jamie,5,25,0.2
1983,Ryan,58,5,11.6
1983,Shannon,9,30,0.3
1983,Jamie,6,28,0.214
1984,Casey,5,6,0.833
1984,Shannon,5,30,0.167
1986,Jordan,26,7,3.714
1986,Casey,7,11,0.636
1987,Ryan,79,5,15.8
1987,Jordan,19,12,1.583
1988,Jordan,13,8,1.625
1988,Casey,6,13,0.462
1988,Devon,6,8,0.75
1989,Jordan,31,13,2.385
1989,Taylor,14,25,0.56
1989,Dominique,10,6,1.667
1989,Devon,7,5,1.4
1989,Casey,5,6,0.833
1989,Shannon,5,27,0.185
1990,Jordan,48,17,2.824
1990,Christian,15,5,3.0
1990,Casey,8,14,0.571
1990,Dominique,8,6,1.333
1990,Taylor,8,26,0.308
1990,Devon,7,7,1.0
1991,Jordan,41,17,2.412
1991,Taylor,13,35,0.371
1991,Casey,9,18,0.5
1991,Devin,7,5,1.4
1991,Devon,7,9,0.778
1991,Morgan,6,36,0.167
1991,Dominique,5,5,1.0
1992,Tyler,107,6,17.833
1992,Jordan,31,15,2.067
1992,Taylor,22,77,0.286
1992,Devon,11,7,1.571
1992,Angel,8,5,1.6
1992,Devin,8,5,1.6
1992,Unknown,8,5,1.6
1992,Jamie,6,16,0.375
1992,Shannon,5,24,0.208
1993,Jordan,44,10,4.4
1993,Taylor,14,70,0.2
1993,Logan,9,5,1.8
1993,Devon,8,8,1.0
1993,Unknown,8,6,1.333
1993,Casey,7,20,0.35
1993,Dominique,7,8,0.875
1994,Jordan,53,24,2.208
1994,Taylor,19,81,0.235
1994,Unknown,10,14,0.714
1994,Dominique,8,10,0.8
1994,Morgan,6,48,0.125
1994,Casey,5,12,0.417
1994,Mackenzie,5,10,0.5
1995,Jordan,36,24,1.5
1995,Logan,21,7,3.0
1995,Casey,15,10,1.5
1995,Devon,12,5,2.4
1995,Unknown,12,9,1.333
1995,Taylor,8,68,0.118
1996,Jordan,39,17,2.294
1996,Logan,29,10,2.9
1996,Devon,16,12,1.333
1996,Angel,7,5,1.4
1996,Devin,6,5,1.2
1996,Jamie,5,13,0.385
1996,Taylor,5,82,0.061
1997,Jordan,50,27,1.852
1997,Cameron,23,5,4.6
1997,Devon,10,9,1.111
1997,Taylor,5,85,0.059
1998,Jordan,55,21,2.619
1998,Logan,18,12,1.5
1998,Cameron,17,6,2.833
1998,Angel,7,9,0.778
1998,Riley,6,7,0.857
1999,Jordan,56,15,3.733
1999,Logan,27,10,2.7
1999,Cameron,25,6,4.167
1999,Alexis,7,76,0.092
1999,Devin,6,5,1.2
2000,Jordan,42,13,3.231
2000,Cameron,35,9,3.889
2000,Logan,18,5,3.6
2000,Riley,10,10,1.0
2000,Avery,8,5,1.6
2000,Alexis,5,61,0.082
2000,Dakota,5,8,0.625
2001,Logan,44,8,5.5
2001,Cameron,43,6,7.167
2001,Jordan,31,23,1.348
2001,Angel,9,7,1.286
2001,Alexis,8,64,0.125
2001,Taylor,6,48,0.125
2002,Jordan,57,26,2.192
2002,Logan,47,7,6.714
2002,Cameron,34,5,6.8
2002,Jaden,21,5,4.2
2002,Angel,11,11,1.0
2002,Riley,10,20,0.5
2002,Alexis,6,53,0.113
2002,Casey,6,5,1.2
2003,Jordan,44,20,2.2
2003,Logan,42,7,6.0
2003,Jaden,27,7,3.857
2003,Angel,11,18,0.611
2003,Riley,9,16,0.562
2003,Dakota,7,5,1.4
2003,Alexis,5,43,0.116
2003,Avery,5,10,0.5
2004,Logan,46,6,7.667
2004,Jordan,38,12,3.167
2004,Cameron,34,6,5.667
2004,Angel,17,7,2.429
2004,Alexis,14,53,0.264
2004,Riley,10,15,0.667
2004,Peyton,9,11,0.818
2005,Jayden,33,6,5.5
2005,Jordan,28,22,1.273
2005,Riley,9,18,0.5
2005,Avery,7,14,0.5
2005,Devon,7,5,1.4
2005,Alexis,6,50,0.12
2006,Ryan,74,5,14.8
2006,Cameron,43,8,5.375
2006,Jordan,25,19,1.316
2006,Angel,19,5,3.8
2006,Riley,12,20,0.6
2006,Avery,6,9,0.667
2006,Peyton,6,9,0.667
2006,Alexis,5,37,0.135
2007,Jayden,56,5,11.2
2007,Logan,50,5,10.0
2007,Jordan,44,9,4.889
2007,Angel,19,9,2.111
2007,Devon,13,6,2.167
2007,Hayden,12,10,1.2
2007,Peyton,10,8,1.25
2007,Alexis,9,30,0.3
2007,Riley,9,15,0.6
2007,Avery,7,16,0.438
2008,Jordan,31,9,3.444
2008,Angel,21,5,4.2
2008,Hayden,10,10,1.0
2008,Avery,9,15,0.6
2008,Riley,8,32,0.25
2008,Alexis,7,39,0.179
2008,Peyton,5,12,0.417
2009,Cameron,41,11,3.727
2009,Jordan,37,10,3.7
2009,Angel,16,6,2.667
2009,Riley,16,24,0.667
2009,Avery,8,12,0.667
2009,Hayden,6,8,0.75
2009,Dakota,5,6,0.833
2010,Jordan,26,8,3.25
2010,Hayden,9,6,1.5
2010,Avery,8,15,0.533
2010,Alexis,6,32,0.188
2010,Justice,6,5,1.2
2010,Peyton,6,21,0.286
2011,Logan,46,6,7.667
2011,Jordan,23,7,3.286
2011,Angel,11,6,1.833
2011,Hayden,10,5,2.0
2011,Avery,9,27,0.333
2011,Riley,9,16,0.562
2011,Alexis,5,21,0.238
2011,Quinn,5,7,0.714
2012,Logan,48,7,6.857
2012,Jordan,30,10,3.0
2012,Blake,15,5,3.0
2012,Avery,11,24,0.458
2012,Riley,8,26,0.308
2012,Alexis,5,21,0.238
2012,Peyton,5,21,0.238
2013,Jordan,26,7,3.714
2013,Avery,10,14,0.714
2013,Alexis,8,11,0.727
2013,Angel,8,5,1.6
2013,Hayden,7,5,1.4
2013,Riley,7,24,0.292
2013,Peyton,5,17,0.294
2014,Jordan,24,7,3.429
2014,Parker,18,6,3.0
2014,Avery,9,30,0.3
2014,Angel,8,6,1.333
2014,Alexis,7,11,0.636
2014,Riley,7,17,0.412
2014,Hayden,6,5,1.2
2014,Quinn,5,11,0.455
2015,Avery,13,28,0.464
2015,Parker,10,5,2.0
2015,Riley,9,27,0.333
2015,Rowan,6,6,1.0
2015,Finley,5,5,1.0
2016,Ryan,39,6,6.5
2016,Cameron,30,6,5.0
2016,Parker,9,8,1.125
2016,Rowan,9,8,1.125
2016,Avery,7,27,0.259
2016,Hayden,6,6,1.0
2016,River,6,5,1.2
2016,Alexis,5,7,0.714
2017,Logan,56,8,7.0
2017,Jordan,23,5,4.6
2017,Angel,20,5,4.0
2017,Avery,9,18,0.5
2017,Blake,9,9,1.0
2017,Parker,9,5,1.8
2017,Rowan,8,7,1.143
2017,Sawyer,8,5,1.6
2017,Hayden,6,7,0.857
2017,Phoenix,5,6,0.833
2018,Ryan,16,6,2.667
2018,Angel,15,5,3.0
2018,Blake,12,5,2.4
2018,Jordan,11,7,1.571
2018,Avery,9,32,0.281
2018,Rowan,8,7,1.143
2018,Sawyer,8,8,1.0
2019,Logan,25,7,3.571
2019,Parker,22,5,4.4
2019,Rowan,12,10,1.2
2019,Emerson,11,8,1.375
2019,Avery,10,21,0.476
2019,Blake,8,6,1.333
2019,Sawyer,7,5,1.4
2019,Hayden,5,6,0.833
2019,River,5,8,0.625
2020,Logan,20,8,2.5
2020,Blake,8,6,1.333
2020,Amari,7,8,0.875
2020,River,7,6,1.167
2020,Hayden,5,6,0.833
2021,Logan,26,6,4.333
2021,Parker,15,11,1.364
2021,Blake,7,8,0.875
2021,Avery,6,26,0.231
2021,Emerson,5,5,1.0
2021,River,5,6,0.833
