YOB,Name,mFrequency,fFrequency,mForF
1915,Ah,9,5,1.8
1922,Kaoru,8,5,1.6
1925,Kaoru,7,5,1.4
1943,Leslie,24,8,3.0
1944,Leslie,27,7,3.857
1945,Leslie,33,6,5.5
1946,Leslie,34,12,2.833
1946,Dale,9,11,0.818
1946,Lynn,5,21,0.238
1947,Leslie,30,8,3.75
1947,Dale,13,7,1.857
1947,Lee,6,5,1.2
1947,Robin,6,8,0.75
1948,Leslie,32,7,4.571
1948,Terry,9,6,1.5
1948,Dale,7,17,0.412
1949,Leslie,44,9,4.889
1949,Dale,13,11,1.182
1949,Terry,11,6,1.833
1949,Robin,8,10,0.8
1949,Daryl,6,5,1.2
1950,Leslie,35,13,2.692
1950,Terry,15,5,3.0
1950,Dale,14,9,1.556
1950,Robin,6,10,0.6
1950,Lynn,5,50,0.1
1951,Leslie,47,11,4.273
1951,Terry,22,9,2.444
1951,Dana,10,5,2.0
1951,Robin,10,8,1.25
1951,Dale,6,9,0.667
1952,Leslie,49,16,3.062
1952,Dale,20,19,1.053
1952,Terry,18,9,2.0
1952,Robin,10,9,1.111
1952,Lee,9,6,1.5
1953,Leslie,31,18,1.722
1953,Terry,25,21,1.19
1953,Dale,23,16,1.438
1953,Robin,22,17,1.294
1954,Leslie,33,23,1.435
1954,Terry,22,31,0.71
1954,Robin,21,18,1.167
1954,Dale,18,22,0.818
1954,Lee,16,5,3.2
1955,Leslie,31,20,1.55
1955,Dale,27,24,1.125
1955,Terry,18,33,0.545
1955,Robin,16,31,0.516
1955,Lee,10,13,0.769
1955,Dana,6,8,0.75
1956,Terry,29,19,1.526
1956,Dale,27,17,1.588
1956,Leslie,27,16,1.688
1956,Robin,18,30,0.6
1956,Lee,11,6,1.833
1956,Dana,7,6,1.167
1957,Leslie,34,19,1.789
1957,Robin,23,28,0.821
1957,Chris,21,5,4.2
1957,Dana,15,8,1.875
1957,Dale,14,12,1.167
1957,Lee,11,9,1.222
1957,Terry,11,21,0.524
1957,Tracy,9,18,0.5
1958,Robin,28,29,0.966
1958,Terry,23,23,1.0
1958,Leslie,20,21,0.952
1958,Lee,16,7,2.286
1958,Kelly,15,18,0.833
1958,Dale,14,11,1.273
1958,Dana,6,11,0.545
1958,Kerry,5,6,0.833
1959,Robin,25,26,0.962
1959,Terry,22,19,1.158
1959,Leslie,18,21,0.857
1959,Kelly,14,24,0.583
1959,Lee,12,8,1.5
1959,Dana,10,17,0.588
1959,Shawn,6,6,1.0
1959,Kim,5,23,0.217
1959,Stacey,5,6,0.833
1959,Tracy,5,11,0.455
1960,Terry,29,23,1.261
1960,Tracy,26,39,0.667
1960,Leslie,25,24,1.042
1960,Dale,21,9,2.333
1960,Robin,18,46,0.391
1960,Lee,17,9,1.889
1960,Shawn,15,6,2.5
1960,Kelly,11,30,0.367
1960,Dana,8,12,0.667
1960,Stacy,5,11,0.455
1961,Tracy,34,51,0.667
1961,Robin,31,43,0.721
1961,Terry,26,24,1.083
1961,Kelly,21,27,0.778
1961,Dale,19,5,3.8
1961,Leslie,14,25,0.56
1961,Lee,10,9,1.111
1961,Stacey,9,8,1.125
1961,Dana,7,13,0.538
1961,Stacy,7,7,1.0
1961,Jamie,5,27,0.185
1962,Terry,29,17,1.706
1962,Robin,23,32,0.719
1962,Leslie,20,18,1.111
1962,Tracy,19,49,0.388
1962,Dale,18,12,1.5
1962,Shawn,17,11,1.545
1962,Kelly,16,45,0.356
1962,Lee,10,7,1.429
1962,Stacey,10,5,2.0
1962,Dana,7,13,0.538
1962,Jamie,5,24,0.208
1963,Lee,31,10,3.1
1963,Tracy,25,60,0.417
1963,Robin,21,38,0.553
1963,Terry,20,17,1.176
1963,Kelly,16,36,0.444
1963,Leslie,13,20,0.65
1963,Shannon,11,7,1.571
1963,Stacy,11,18,0.611
1963,Dana,9,12,0.75
1963,Stacey,7,22,0.318
1964,Dale,21,8,2.625
1964,Shawn,17,10,1.7
1964,Robin,13,39,0.333
1964,Stacy,12,22,0.545
1964,Tracy,12,41,0.293
1964,Terry,11,14,0.786
1964,Lee,10,10,1.0
1964,Dana,9,23,0.391
1964,Shannon,9,8,1.125
1964,Kelly,8,37,0.216
1964,Leslie,7,28,0.25
1964,Stacey,6,22,0.273
1965,Robin,19,31,0.613
1965,Shawn,18,12,1.5
1965,Shannon,16,12,1.333
1965,Lee,12,6,2.0
1965,Tracy,12,33,0.364
1965,Dale,11,11,1.0
1965,Kelly,11,43,0.256
1965,Terry,10,8,1.25
1965,Leslie,7,17,0.412
1965,Stacey,6,19,0.316
1966,Shawn,25,6,4.167
1966,Leslie,15,15,1.0
1966,Shannon,15,15,1.0
1966,Tracy,15,47,0.319
1966,Kelly,14,37,0.378
1966,Lee,13,7,1.857
1966,Dale,12,5,2.4
1966,Robin,11,14,0.786
1966,Terry,9,7,1.286
1966,Dana,7,19,0.368
1966,Stacey,5,24,0.208
1966,Stacy,5,22,0.227
1967,Kelly,23,32,0.719
1967,Shawn,21,5,4.2
1967,Shannon,16,14,1.143
1967,Tracy,13,50,0.26
1967,Stacy,10,17,0.588
1967,Leslie,9,20,0.45
1967,Noel,9,5,1.8
1967,Terry,9,12,0.75
1967,Robin,8,20,0.4
1967,Dana,6,20,0.3
1967,Jamie,5,10,0.5
1968,Shawn,23,9,2.556
1968,Robin,17,33,0.515
1968,Shannon,15,12,1.25
1968,Tracy,15,33,0.455
1968,Terry,13,9,1.444
1968,Lee,10,14,0.714
1968,Leslie,10,20,0.5
1968,Dana,8,16,0.5
1968,Kelly,7,46,0.152
1968,Stacy,7,15,0.467
1968,Kerry,5,5,1.0
1969,Shawn,34,6,5.667
1969,Kelly,22,47,0.468
1969,Robin,15,23,0.652
1969,Lee,14,8,1.75
1969,Shannon,14,45,0.311
1969,Leslie,10,26,0.385
1969,Tracy,10,40,0.25
1969,Dana,7,13,0.538
1969,Jamie,7,18,0.389
1969,Terry,6,6,1.0
1969,Stacy,5,28,0.179
1970,Shawn,40,14,2.857
1970,Kelly,32,39,0.821
1970,Shannon,27,68,0.397
1970,Lee,13,5,2.6
1970,Leslie,11,23,0.478
1970,Robin,9,24,0.375
1970,Jamie,6,17,0.353
1970,Jody,6,8,0.75
1970,Dana,5,20,0.25
1971,Shawn,36,9,4.0
1971,Shannon,30,53,0.566
1971,Lee,17,5,3.4
1971,Kelly,10,30,0.333
1971,Leslie,8,13,0.615
1971,Jamie,7,10,0.7
1971,Robin,6,16,0.375
1971,Stacy,6,26,0.231
1971,Dana,5,28,0.179
1971,Tracy,5,32,0.156
1972,Shawn,34,8,4.25
1972,Shannon,28,27,1.037
1972,Jamie,12,16,0.75
1972,Kelly,11,30,0.367
1972,Leslie,11,22,0.5
1972,Robin,11,22,0.5
1972,Terry,7,9,0.778
1972,Tracy,7,34,0.206
1973,Jason,179,6,29.833
1973,Shawn,59,6,9.833
1973,Shannon,25,35,0.714
1973,Jamie,14,16,0.875
1973,Leslie,11,20,0.55
1973,Kelly,9,28,0.321
1973,Tracy,8,18,0.444
1973,Robin,7,17,0.412
1973,Dana,5,9,0.556
1974,Shawn,38,10,3.8
1974,Shannon,28,59,0.475
1974,Jamie,10,10,1.0
1974,Robin,9,14,0.643
1974,Kelly,6,31,0.194
1974,Leslie,6,21,0.286
1974,Tracy,5,24,0.208
1975,Shawn,53,13,4.077
1975,Shannon,26,39,0.667
1975,Jamie,14,31,0.452
1975,Lee,10,7,1.429
1975,Joey,7,5,1.4
1975,Kelly,7,36,0.194
1975,Robin,7,21,0.333
1975,Dana,6,13,0.462
1975,Stacy,6,21,0.286
1975,Casey,5,6,0.833
1975,Jaime,5,6,0.833
1976,Shannon,25,59,0.424
1976,Kelly,12,46,0.261
1976,Lee,11,8,1.375
1976,Robin,11,15,0.733
1976,Dana,6,22,0.273
1976,Jamie,6,60,0.1
1976,Ashley,5,9,0.556
1976,Stacy,5,19,0.263
1977,Shannon,21,51,0.412
1977,Robin,10,11,0.909
1977,Kelly,9,67,0.134
1977,Leslie,9,14,0.643
1977,Dana,8,11,0.727
1977,Jamie,6,58,0.103
1978,Cory,18,5,3.6
1978,Casey,17,7,2.429
1978,Shannon,16,45,0.356
1978,Jamie,12,43,0.279
1978,Leslie,6,22,0.273
1979,Shawn,16,5,3.2
1979,Casey,12,14,0.857
1979,Shannon,12,49,0.245
1979,Jamie,8,50,0.16
1979,Robin,6,7,0.857
1979,Leslie,5,14,0.357
1979,Lindsey,5,10,0.5
1980,Casey,16,16,1.0
1980,Shannon,16,40,0.4
1980,Ashley,11,11,1.0
1980,Kelly,11,34,0.324
1980,Robin,9,5,1.8
1980,Kainoa,8,6,1.333
1980,Leslie,8,22,0.364
1980,Angel,5,5,1.0
1980,Jaime,5,16,0.312
1980,Jamie,5,48,0.104
1980,Morgan,5,6,0.833
1981,Shannon,19,41,0.463
1981,Casey,18,11,1.636
1981,Robin,12,8,1.5
1981,Kelly,10,28,0.357
1981,Dana,9,16,0.562
1981,Jamie,8,51,0.157
1981,Jaime,7,8,0.875
1981,Keala,6,6,1.0
1981,Ashley,5,6,0.833
1981,Leslie,5,22,0.227
1982,Casey,14,7,2.0
1982,Shannon,13,37,0.351
1982,Jessie,8,6,1.333
1982,Robin,7,9,0.778
1982,Kelly,6,27,0.222
1982,Ashley,5,54,0.093
1982,Courtney,5,18,0.278
1982,Jamie,5,39,0.128
1982,Stacy,5,11,0.455
1983,Casey,14,5,2.8
1983,Shannon,13,37,0.351
1983,Dana,10,8,1.25
1983,Ashley,6,133,0.045
1983,Robin,6,8,0.75
1983,Jamie,5,46,0.109
1984,Micah,28,5,5.6
1984,Casey,19,9,2.111
1984,Kainoa,14,5,2.8
1984,Shannon,13,27,0.481
1984,Kelly,9,30,0.3
1984,Jessie,8,10,0.8
1984,Ashley,6,168,0.036
1984,Dana,6,16,0.375
1984,Robin,6,9,0.667
1985,Casey,17,7,2.429
1985,Shannon,13,31,0.419
1985,Kelly,8,37,0.216
1985,Robin,8,5,1.6
1985,Kelsey,7,8,0.875
1985,Ashley,5,165,0.03
1985,Leslie,5,22,0.227
1986,Jordan,63,8,7.875
1986,Shawn,37,5,7.4
1986,Casey,19,10,1.9
1986,Shannon,10,34,0.294
1986,Kelsey,8,15,0.533
1986,Robin,5,6,0.833
1987,Casey,22,16,1.375
1987,Shannon,14,38,0.368
1987,Jamie,10,30,0.333
1987,Kelsey,7,27,0.259
1988,Jordan,61,7,8.714
1988,Casey,28,17,1.647
1988,Shannon,10,23,0.435
1988,Robin,9,8,1.125
1988,Morgan,8,5,1.6
1988,Jamie,7,47,0.149
1988,Taylor,7,11,0.636
1988,Angel,6,13,0.462
1988,Erin,5,47,0.106
1988,Kelly,5,25,0.2
1988,Kelsey,5,29,0.172
1989,Jordan,89,23,3.87
1989,Casey,27,8,3.375
1989,Taylor,22,11,2.0
1989,Shannon,17,22,0.773
1989,Jessie,5,5,1.0
1989,Kelly,5,28,0.179
1989,Kelsey,5,42,0.119
1990,Jordan,135,23,5.87
1990,Taylor,36,18,2.0
1990,Casey,25,14,1.786
1990,Shannon,10,24,0.417
1990,Kelly,7,23,0.304
1990,Kelsey,7,29,0.241
1990,Dominique,6,10,0.6
1990,Morgan,5,6,0.833
1990,Noel,5,5,1.0
1991,Jordan,115,17,6.765
1991,Taylor,35,33,1.061
1991,Casey,28,10,2.8
1992,Jordan,122,21,5.81
1992,Taylor,38,56,0.679
1992,Casey,26,9,2.889
1992,Shannon,9,23,0.391
1992,Devon,8,5,1.6
1992,Dominique,8,15,0.533
1992,Morgan,7,14,0.5
1992,Raven,5,5,1.0
1993,Tyler,119,14,8.5
1993,Jordan,100,17,5.882
1993,Taylor,39,80,0.488
1993,Casey,17,11,1.545
1993,Kasey,6,8,0.75
1993,Noel,6,7,0.857
1993,Dominique,5,8,0.625
1993,Morgan,5,15,0.333
1994,Tyler,146,10,14.6
1994,Jordan,95,22,4.318
1994,Taylor,35,79,0.443
1994,Casey,16,12,1.333
1994,Hunter,16,8,2.0
1994,Dominique,7,6,1.167
1994,Morgan,6,15,0.4
1994,Kasey,5,6,0.833
1994,Kelly,5,23,0.217
1994,Shannon,5,30,0.167
1994,Skye,5,5,1.0
1995,Jordan,85,15,5.667
1995,Taylor,35,100,0.35
1995,Casey,11,13,0.846
1995,Shannon,10,11,0.909
1995,Morgan,7,13,0.538
1995,Justice,6,10,0.6
1995,Kasey,6,5,1.2
1995,Dominique,5,6,0.833
1996,Jordan,93,24,3.875
1996,Logan,30,8,3.75
1996,Taylor,29,109,0.266
1996,Hunter,17,6,2.833
1996,Casey,15,13,1.154
1996,Riley,9,5,1.8
1996,Bailey,6,18,0.333
1996,Kasey,5,11,0.455
1996,Morgan,5,14,0.357
1997,Tyler,115,6,19.167
1997,Jordan,89,32,2.781
1997,Taylor,19,89,0.213
1997,Casey,12,10,1.2
1997,Bailey,11,12,0.917
1997,Sage,11,5,2.2
1997,Dakota,8,5,1.6
1997,Shannon,6,20,0.3
1997,Darian,5,7,0.714
1997,Jamie,5,13,0.385
1997,Keahi,5,5,1.0
1997,Skyler,5,6,0.833
1998,Tyler,78,5,15.6
1998,Jordan,62,29,2.138
1998,Hunter,33,6,5.5
1998,Cameron,22,8,2.75
1998,Taylor,20,77,0.26
1998,Casey,13,11,1.182
1998,Skyler,12,8,1.5
1998,Kamalani,5,6,0.833
1999,Tyler,85,6,14.167
1999,Jordan,57,14,4.071
1999,Hunter,41,5,8.2
1999,Cameron,24,7,3.429
1999,Kaimana,17,5,3.4
1999,Riley,16,6,2.667
1999,Sage,13,5,2.6
1999,Justice,11,5,2.2
1999,Taylor,11,75,0.147
1999,Bailey,10,12,0.833
1999,Shannon,6,11,0.545
1999,Angel,5,8,0.625
1999,Kalei,5,5,1.0
1999,Morgan,5,8,0.625
2000,Tyler,60,5,12.0
2000,Jordan,48,15,3.2
2000,Hunter,39,5,7.8
2000,Logan,35,6,5.833
2000,Cameron,32,5,6.4
2000,Keanu,25,5,5.0
2000,Casey,11,5,2.2
2000,Sage,10,7,1.429
2000,Skyler,9,6,1.5
2000,Angel,8,9,0.889
2000,Taylor,8,63,0.127
2000,Bailey,7,11,0.636
2000,Shannon,6,8,0.75
2000,Skye,6,7,0.857
2000,Skylar,5,5,1.0
2001,Jordan,56,11,5.091
2001,Hunter,41,9,4.556
2001,Logan,39,6,6.5
2001,Cameron,27,9,3.0
2001,Jaden,19,5,3.8
2001,Kaimana,19,5,3.8
2001,Sage,15,5,3.0
2001,Justice,14,6,2.333
2001,Riley,14,7,2.0
2001,Taylor,10,65,0.154
2001,Angel,5,17,0.294
2001,Bailey,5,7,0.714
2001,Skylar,5,6,0.833
2002,Jordan,55,23,2.391
2002,Logan,54,7,7.714
2002,Hunter,42,7,6.0
2002,Cameron,31,5,6.2
2002,Riley,20,5,4.0
2002,Taylor,11,57,0.193
2002,Angel,10,17,0.588
2002,Sage,9,9,1.0
2003,Jordan,54,17,3.176
2003,Jayden,49,6,8.167
2003,Logan,48,11,4.364
2003,Hunter,39,8,4.875
2003,Jaden,20,7,2.857
2003,Riley,20,11,1.818
2003,Taylor,14,50,0.28
2003,Angel,12,12,1.0
2003,Sage,10,5,2.0
2003,Casey,6,7,0.857
2003,Avery,5,6,0.833
2003,Harley,5,9,0.556
2004,Logan,50,15,3.333
2004,Jordan,33,17,1.941
2004,Hunter,25,5,5.0
2004,Justice,13,5,2.6
2004,Riley,13,11,1.182
2004,Sage,13,6,2.167
2004,Taylor,13,43,0.302
2004,Dakota,7,6,1.167
2005,Jayden,51,5,10.2
2005,Logan,45,8,5.625
2005,Jordan,41,7,5.857
2005,Riley,18,14,1.286
2005,Skyler,14,9,1.556
2005,Taylor,10,43,0.233
2005,Angel,8,13,0.615
2005,Dakota,7,5,1.4
2005,Morgan,7,10,0.7
2006,Jordan,41,7,5.857
2006,Riley,27,15,1.8
2006,Payton,11,9,1.222
2006,Skyler,9,5,1.8
2006,Taylor,9,40,0.225
2006,Angel,8,8,1.0
2006,Sage,7,8,0.875
2006,Tristen,6,5,1.2
2006,Bailey,5,7,0.714
2006,Ocean,5,5,1.0
2007,Jordan,44,8,5.5
2007,Kaimana,25,5,5.0
2007,Riley,22,10,2.2
2007,Hayden,20,14,1.429
2007,Angel,9,8,1.125
2007,Peyton,9,9,1.0
2007,Taylor,8,26,0.308
2007,Kamalei,6,7,0.857
2007,Sage,6,5,1.2
2007,Skye,6,8,0.75
2007,Skyler,6,5,1.2
2008,Jayden,75,5,15.0
2008,Logan,44,12,3.667
2008,Hunter,33,5,6.6
2008,Jordan,29,7,4.143
2008,Riley,26,17,1.529
2008,Hayden,21,17,1.235
2008,Peyton,17,19,0.895
2008,Angel,8,12,0.667
2008,Payton,8,5,1.6
2008,Laakea,7,5,1.4
2008,Rylee,6,18,0.333
2008,Kamalei,5,12,0.417
2009,Dylan,50,5,10.0
2009,Logan,41,6,6.833
2009,Hunter,29,5,5.8
2009,Riley,22,14,1.571
2009,Hayden,21,17,1.235
2009,Peyton,8,22,0.364
2009,Makana,7,5,1.4
2009,Taylor,7,36,0.194
2009,Avery,6,11,0.545
2009,Sage,6,6,1.0
2009,Angel,5,6,0.833
2009,Shiloh,5,5,1.0
2010,Logan,52,7,7.429
2010,Riley,23,21,1.095
2010,Hayden,20,9,2.222
2010,Makana,12,6,2.0
2010,Angel,10,5,2.0
2010,Taylor,7,17,0.412
2011,Dylan,40,5,8.0
2011,Riley,18,14,1.286
2011,Hayden,15,5,3.0
2011,Peyton,8,23,0.348
2011,Sage,7,9,0.778
2011,Taylor,7,22,0.318
2011,Avery,6,20,0.3
2011,Payton,6,9,0.667
2012,Logan,63,5,12.6
2012,Hayden,21,6,3.5
2012,Jordan,19,8,2.375
2012,Riley,12,18,0.667
2012,Peyton,8,25,0.32
2012,Phoenix,8,5,1.6
2012,Angel,7,8,0.875
2012,Avery,7,18,0.389
2012,Kalani,7,5,1.4
2012,Skylar,5,9,0.556
2013,Logan,66,5,13.2
2013,Peyton,25,26,0.962
2013,Riley,13,30,0.433
2013,Avery,11,17,0.647
2013,Hayden,10,5,2.0
2013,Tatum,10,5,2.0
2013,Sage,8,6,1.333
2013,Charlie,5,10,0.5
2013,Eden,5,10,0.5
2013,Shiloh,5,7,0.714
2014,Logan,51,7,7.286
2014,Jordan,18,7,2.571
2014,Hayden,17,5,3.4
2014,Peyton,16,17,0.941
2014,Riley,13,25,0.52
2014,Avery,9,30,0.3
2014,Skyler,9,7,1.286
2014,Taylor,6,14,0.429
2014,Phoenix,5,8,0.625
2014,Sky,5,5,1.0
2015,Dylan,27,9,3.0
2015,Carter,24,5,4.8
2015,Riley,16,26,0.615
2015,Skyler,15,11,1.364
2015,Peyton,10,17,0.588
2015,Hayden,8,7,1.143
2015,Kyrie,8,6,1.333
2015,Avery,7,23,0.304
2015,Dallas,7,5,1.4
2015,Phoenix,5,5,1.0
2015,Sage,5,6,0.833
2016,Jordan,25,10,2.5
2016,Riley,12,46,0.261
2016,Azariah,9,5,1.8
2016,Hayden,9,5,1.8
2016,Peyton,9,20,0.45
2016,Avery,8,29,0.276
2016,Sage,8,8,1.0
2016,Ocean,7,5,1.4
2016,River,7,7,1.0
2016,Angel,6,6,1.0
2016,Quinn,6,21,0.286
2016,Skyler,6,7,0.857
2017,Logan,55,9,6.111
2017,Cameron,18,5,3.6
2017,Avery,14,15,0.933
2017,Sage,13,7,1.857
2017,Peyton,12,16,0.75
2017,Parker,10,6,1.667
2017,Reign,9,7,1.286
2017,Riley,9,22,0.409
2017,Kyrie,8,7,1.143
2017,Skylar,6,16,0.375
2017,Azariah,5,5,1.0
2017,Phoenix,5,6,0.833
2018,Logan,49,8,6.125
2018,River,15,7,2.143
2018,Hayden,13,7,1.857
2018,Parker,12,5,2.4
2018,Avery,11,29,0.379
2018,Charlie,7,11,0.636
2018,Kyrie,7,11,0.636
2018,Riley,7,23,0.304
2018,Royal,5,5,1.0
2019,Hunter,25,5,5.0
2019,Dylan,18,5,3.6
2019,Blake,9,7,1.286
2019,Shiloh,9,5,1.8
2019,Riley,8,21,0.381
2019,Sage,8,10,0.8
2019,Avery,7,13,0.538
2019,Hayden,7,7,1.0
2019,Peyton,7,9,0.778
2019,Charlie,5,12,0.417
2019,Emery,5,6,0.833
2019,Kyrie,5,7,0.714
2019,Nova,5,15,0.333
2020,Hunter,25,5,5.0
2020,Dylan,16,5,3.2
2020,Reign,16,6,2.667
2020,Jordan,14,6,2.333
2020,River,12,9,1.333
2020,Riley,10,21,0.476
2020,Sage,10,17,0.588
2020,Lennox,9,5,1.8
2020,Angel,7,6,1.167
2020,Avery,6,13,0.462
2020,Blake,6,7,0.857
2020,Charlie,5,11,0.455
2020,Tatum,5,6,0.833
2021,Avery,13,17,0.765
2021,Cameron,11,5,2.2
2021,Ocean,11,6,1.833
2021,Hayden,10,5,2.0
2021,Reign,10,5,2.0
2021,Sage,9,8,1.125
2021,Riley,8,14,0.571
2021,Quinn,7,6,1.167
2021,Kyrie,6,6,1.0
