YOB,Name,mFrequency,fFrequency,mForF
1910,Marion,11,15,0.733
1911,Marion,10,24,0.417
1911,Laverne,7,5,1.4
1912,John,342,5,68.4
1912,Cecil,31,7,4.429
1912,Merle,30,7,4.286
1912,Marion,25,29,0.862
1912,Claire,7,5,1.4
1912,Cleo,6,13,0.462
1913,Marion,35,31,1.129
1913,Laverne,13,8,1.625
1913,Fay,7,12,0.583
1913,Pearl,6,38,0.158
1913,Gail,5,8,0.625
1913,Mary,5,480,0.01
1914,Merle,43,11,3.909
1914,Marion,27,32,0.844
1914,Laverne,26,10,2.6
1914,Lee,24,5,4.8
1914,Cleo,14,14,1.0
1914,Claire,8,6,1.333
1914,Beryl,7,5,1.4
1914,Fay,7,7,1.0
1914,Dorothy,6,566,0.011
1914,Ora,6,5,1.2
1915,Robert,793,8,99.125
1915,Francis,192,8,24.0
1915,Marion,61,45,1.356
1915,Merle,52,15,3.467
1915,Cleo,22,24,0.917
1915,Laverne,22,15,1.467
1915,Lavern,12,5,2.4
1915,Claire,8,8,1.0
1915,Gail,8,14,0.571
1915,Jean,8,68,0.118
1915,Fay,7,15,0.467
1916,William,673,6,112.167
1916,Francis,156,5,31.2
1916,Merle,66,9,7.333
1916,Cecil,64,7,9.143
1916,Marion,58,74,0.784
1916,Laverne,37,19,1.947
1916,Alva,18,6,3.0
1916,Cleo,18,23,0.783
1916,Gail,15,18,0.833
1916,Fay,14,13,1.077
1916,Jerry,13,5,2.6
1916,Beryl,9,8,1.125
1916,Carol,7,34,0.206
1916,Claire,6,12,0.5
1916,Billie,5,10,0.5
1916,Dorothy,5,874,0.006
1916,Frances,5,318,0.016
1916,Loraine,5,5,1.0
1917,Robert,961,5,192.2
1917,John,872,8,109.0
1917,William,600,5,120.0
1917,Merle,71,12,5.917
1917,Marion,58,85,0.682
1917,Laverne,35,14,2.5
1917,Lee,35,5,7.0
1917,Lavern,21,6,3.5
1917,Gail,16,15,1.067
1917,Gene,16,5,3.2
1917,Cleo,14,22,0.636
1917,Fay,14,15,0.933
1917,Claire,13,5,2.6
1917,Beryl,12,6,2.0
1917,Billie,5,7,0.714
1917,Clare,5,6,0.833
1918,Robert,1069,9,118.778
1918,James,533,5,106.6
1918,Raymond,382,5,76.4
1918,Merle,106,7,15.143
1918,Marion,65,88,0.739
1918,Laverne,34,22,1.545
1918,Gene,24,7,3.429
1918,Lavern,24,6,4.0
1918,Gail,21,11,1.909
1918,Cleo,14,26,0.538
1918,Claire,8,5,1.6
1918,Fay,8,9,0.889
1918,Ora,8,7,1.143
1918,Beryl,7,12,0.583
1918,Jean,6,147,0.041
1918,Jessie,6,39,0.154
1918,Margaret,5,621,0.008
1919,John,824,7,117.714
1919,William,649,6,108.167
1919,Richard,357,5,71.4
1919,Walter,180,5,36.0
1919,Francis,174,9,19.333
1919,Merle,101,9,11.222
1919,Marion,53,71,0.746
1919,Cecil,50,5,10.0
1919,Laverne,39,20,1.95
1919,Cleo,18,34,0.529
1919,Fay,11,7,1.571
1919,Claire,9,6,1.5
1919,Gail,8,14,0.571
1919,Beryl,6,6,1.0
1919,Billie,6,9,0.667
1919,Jean,6,181,0.033
1919,Mary,5,1076,0.005
1919,Ora,5,6,0.833
1919,Shirley,5,58,0.086
1920,Robert,1389,10,138.9
1920,Harold,526,5,105.2
1920,Raymond,364,5,72.8
1920,Francis,176,7,25.143
1920,Merle,91,6,15.167
1920,Marion,75,77,0.974
1920,Cecil,64,7,9.143
1920,Laverne,45,24,1.875
1920,Gene,26,5,5.2
1920,Cleo,17,33,0.515
1920,Gail,15,11,1.364
1920,Beryl,9,7,1.286
1920,Billie,8,12,0.667
1920,Shirley,8,123,0.065
1920,Fay,7,5,1.4
1920,Jean,7,220,0.032
1920,Frances,5,312,0.016
1920,Gayle,5,12,0.417
1920,Lorraine,5,103,0.049
1921,Robert,1592,9,176.889
1921,John,1003,5,200.6
1921,Harold,509,6,84.833
1921,Richard,506,5,101.2
1921,Francis,151,7,21.571
1921,Merle,96,13,7.385
1921,Laverne,72,8,9.0
1921,Marion,63,67,0.94
1921,Gail,17,16,1.062
1921,Carol,11,78,0.141
1921,Claire,10,6,1.667
1921,Cleo,10,26,0.385
1921,Jean,10,263,0.038
1921,Billie,8,8,1.0
1921,Beryl,5,11,0.455
1921,Shirley,5,142,0.035
1922,Robert,1643,10,164.3
1922,Francis,171,7,24.429
1922,Carl,142,5,28.4
1922,Merle,104,14,7.429
1922,Marion,57,68,0.838
1922,Cecil,51,5,10.2
1922,Laverne,50,17,2.941
1922,Cleo,14,29,0.483
1922,Gail,14,6,2.333
1922,Fay,11,5,2.2
1922,Claire,10,5,2.0
1922,Carol,8,60,0.133
1922,Beryl,7,7,1.0
1922,Jean,7,247,0.028
1922,Billie,6,13,0.462
1922,Marlyn,6,5,1.2
1922,Luverne,5,5,1.0
1922,Shirley,5,191,0.026
1923,Robert,1583,10,158.3
1923,John,874,7,124.857
1923,Donald,869,6,144.833
1923,William,748,6,124.667
1923,Kenneth,446,5,89.2
1923,Francis,143,11,13.0
1923,Merle,90,8,11.25
1923,Marion,61,70,0.871
1923,Laverne,58,15,3.867
1923,Jerry,21,5,4.2
1923,Cleo,16,23,0.696
1923,Billie,15,11,1.364
1923,Claire,10,8,1.25
1923,Beryl,9,5,1.8
1923,Jean,7,221,0.032
1923,Ardell,5,5,1.0
1923,Laurel,5,7,0.714
1924,Robert,1667,7,238.143
1924,John,924,8,115.5
1924,Donald,889,6,148.167
1924,James,642,7,91.714
1924,Harold,478,6,79.667
1924,Francis,153,7,21.857
1924,Merle,93,6,15.5
1924,Gene,63,9,7.0
1924,Marion,54,60,0.9
1924,Lee,52,6,8.667
1924,Laverne,46,10,4.6
1924,Gail,18,7,2.571
1924,Jerry,17,7,2.429
1924,Billie,11,15,0.733
1924,Cleo,10,30,0.333
1924,Beryl,9,6,1.5
1924,Ora,9,5,1.8
1924,Carol,6,81,0.074
1924,Gayle,6,11,0.545
1924,Pearl,6,64,0.094
1924,Jean,5,284,0.018
1924,Laurel,5,8,0.625
1925,Robert,1596,17,93.882
1925,John,930,15,62.0
1925,Donald,914,9,101.556
1925,James,715,7,102.143
1925,Harold,442,5,88.4
1925,Francis,138,8,17.25
1925,Merle,90,8,11.25
1925,Gene,59,7,8.429
1925,Marion,55,66,0.833
1925,Laverne,48,11,4.364
1925,Gail,21,7,3.0
1925,Cleo,12,30,0.4
1925,Billie,9,10,0.9
1925,Claire,9,8,1.125
1925,Fay,8,5,1.6
1925,Jean,8,234,0.034
1925,Carol,7,86,0.081
1925,Verle,7,6,1.167
1925,Beryl,6,9,0.667
1925,Pat,5,10,0.5
1926,Robert,1575,15,105.0
1926,Donald,922,8,115.25
1926,John,882,6,147.0
1926,James,672,5,134.4
1926,Charles,442,5,88.4
1926,Francis,127,6,21.167
1926,Gene,93,5,18.6
1926,Merle,86,5,17.2
1926,Marion,47,51,0.922
1926,Laverne,43,15,2.867
1926,Billie,16,17,0.941
1926,Gail,16,10,1.6
1926,Cleo,11,20,0.55
1926,Carol,8,89,0.09
1926,Claire,8,5,1.6
1926,Pearl,7,40,0.175
1926,Loraine,6,11,0.545
1926,Fay,5,8,0.625
1926,Shirley,5,392,0.013
1927,Robert,1496,9,166.222
1927,Donald,975,11,88.636
1927,John,846,15,56.4
1927,William,738,6,123.0
1927,James,711,9,79.0
1927,George,292,5,58.4
1927,Dale,195,6,32.5
1927,Francis,109,8,13.625
1927,Merle,70,12,5.833
1927,Marion,53,49,1.082
1927,Laverne,52,15,3.467
1927,Billie,19,12,1.583
1927,Cleo,14,12,1.167
1927,Carol,12,73,0.164
1927,Jackie,8,8,1.0
1927,Fay,7,6,1.167
1927,Jean,7,232,0.03
1927,Claire,6,5,1.2
1927,Pat,6,7,0.857
1927,Shirley,6,431,0.014
1928,Robert,1405,13,108.077
1928,Donald,977,17,57.471
1928,John,878,7,125.429
1928,James,714,7,102.0
1928,William,686,5,137.2
1928,Charles,493,6,82.167
1928,Francis,141,5,28.2
1928,Gene,124,7,17.714
1928,Laverne,48,6,8.0
1928,Marion,45,48,0.938
1928,Lee,38,5,7.6
1928,Billie,19,19,1.0
1928,Claire,15,9,1.667
1928,Carol,9,95,0.095
1928,Cleo,9,13,0.692
1928,Jean,8,232,0.034
1928,Beryl,5,5,1.0
1929,Robert,1409,15,93.933
1929,Donald,1018,7,145.429
1929,John,776,7,110.857
1929,William,681,12,56.75
1929,Harold,340,6,56.667
1929,Merle,78,5,15.6
1929,Laverne,51,9,5.667
1929,Billie,38,23,1.652
1929,Marion,37,36,1.028
1929,Jackie,27,9,3.0
1929,Cleo,9,16,0.562
1929,Gail,8,7,1.143
1929,Carol,7,111,0.063
1929,Pat,7,11,0.636
1929,Jean,6,171,0.035
1929,Shirley,6,492,0.012
1930,Robert,1384,13,106.462
1930,Donald,1026,9,114.0
1930,John,834,5,166.8
1930,James,821,6,136.833
1930,Charles,526,6,87.667
1930,Eugene,226,5,45.2
1930,Marion,46,35,1.314
1930,Laverne,33,6,5.5
1930,Billie,29,12,2.417
1930,Jackie,14,5,2.8
1930,Terry,11,6,1.833
1930,Claire,10,6,1.667
1930,Pat,10,18,0.556
1930,Cleo,8,15,0.533
1930,Carol,7,125,0.056
1930,Mary,7,1140,0.006
1930,Jean,6,218,0.028
1930,Shirley,6,519,0.012
1930,Gayle,5,6,0.833
1931,Robert,1351,8,168.875
1931,James,775,5,155.0
1931,John,760,11,69.091
1931,Charles,458,6,76.333
1931,Kenneth,376,5,75.2
1931,Jerry,145,7,20.714
1931,Don,126,5,25.2
1931,Marion,41,35,1.171
1931,Laverne,37,8,4.625
1931,Jackie,28,10,2.8
1931,Billie,20,23,0.87
1931,Marlyn,19,8,2.375
1931,Carol,12,118,0.102
1931,Cleo,11,14,0.786
1931,Claire,9,6,1.5
1931,Gail,8,5,1.6
1931,Pat,6,33,0.182
1932,Robert,1272,8,159.0
1932,James,820,6,136.667
1932,John,789,7,112.714
1932,William,552,5,110.4
1932,Jerry,161,6,26.833
1932,Laverne,41,6,6.833
1932,Marion,36,21,1.714
1932,Jackie,31,5,6.2
1932,Billie,21,16,1.312
1932,Carol,7,167,0.042
1932,Cleo,7,14,0.5
1932,Gail,5,6,0.833
1932,Marilyn,5,506,0.01
1932,Pat,5,27,0.185
1933,Robert,1150,5,230.0
1933,Jerry,241,5,48.2
1933,Laverne,40,5,8.0
1933,Marion,37,25,1.48
1933,Jackie,25,16,1.562
1933,Lynn,19,6,3.167
1933,Marlyn,19,6,3.167
1933,Billie,12,16,0.75
1933,Pat,9,35,0.257
1933,Cleo,8,9,0.889
1933,Kay,8,28,0.286
1933,Carol,7,210,0.033
1933,Claire,7,6,1.167
1934,Donald,892,5,178.4
1934,Jerry,314,5,62.8
1934,Lee,48,7,6.857
1934,Laverne,35,7,5.0
1934,Jackie,30,20,1.5
1934,Marion,28,21,1.333
1934,Terry,26,5,5.2
1934,Carol,13,262,0.05
1934,Billie,12,6,2.0
1934,Gail,11,6,1.833
1934,Pat,9,40,0.225
1934,Cleo,8,11,0.727
1934,Gayle,7,11,0.636
1934,Beverly,5,405,0.012
1934,Bobbie,5,5,1.0
1935,Robert,1109,5,221.8
1935,Donald,802,5,160.4
1935,Jerry,327,6,54.5
1935,Lee,53,5,10.6
1935,Terry,49,5,9.8
1935,Merle,42,5,8.4
1935,Jackie,39,13,3.0
1935,Marion,36,23,1.565
1935,Marlyn,16,13,1.231
1935,Gail,15,16,0.938
1935,Billie,10,13,0.769
1935,Cleo,9,9,1.0
1935,Carol,7,263,0.027
1935,Claire,6,7,0.857
1935,Kay,6,68,0.088
1935,Mary,6,1024,0.006
1935,Pat,6,36,0.167
1935,Shirley,6,1098,0.005
1935,Beverly,5,360,0.014
1935,Jean,5,149,0.034
1936,Richard,952,7,136.0
1936,Terry,74,5,14.8
1936,Jackie,53,25,2.12
1936,Lee,44,6,7.333
1936,Marion,24,16,1.5
1936,Billie,13,9,1.444
1936,Gail,12,25,0.48
1936,Marlyn,12,7,1.714
1936,Pat,10,49,0.204
1936,Cleo,9,7,1.286
1936,Kay,9,142,0.063
1936,Carrol,7,6,1.167
1936,Gayle,7,14,0.5
1936,Carol,6,341,0.018
1936,Claire,6,6,1.0
1936,Barbara,5,519,0.01
1937,Charles,435,5,87.0
1937,Jerry,392,9,43.556
1937,Terry,89,6,14.833
1937,Francis,84,5,16.8
1937,Jackie,26,17,1.529
1937,Lynn,26,12,2.167
1937,Marion,23,17,1.353
1937,Pat,17,39,0.436
1937,Gail,14,32,0.438
1937,Billie,10,9,1.111
1937,Carol,9,372,0.024
1937,Marlyn,9,6,1.5
1937,Jan,8,8,1.0
1937,Cleo,5,7,0.714
1937,Sharon,5,255,0.02
1937,Shirley,5,615,0.008
1938,Jerry,455,5,91.0
1938,Marion,36,14,2.571
1938,Gail,21,31,0.677
1938,Lynn,21,14,1.5
1938,Jackie,20,32,0.625
1938,Billie,16,8,2.0
1938,Marlyn,15,7,2.143
1938,Jan,10,9,1.111
1938,Pat,8,49,0.163
1938,Cleo,6,5,1.2
1938,Carol,5,447,0.011
1938,Kay,5,167,0.03
1938,Nancy,5,371,0.013
1939,Jerry,461,10,46.1
1939,Terry,131,7,18.714
1939,Lee,54,6,9.0
1939,Lynn,42,10,4.2
1939,Jackie,33,28,1.179
1939,Marion,19,11,1.727
1939,Gale,13,6,2.167
1939,Pat,13,51,0.255
1939,Billie,12,8,1.5
1939,Gail,9,21,0.429
1939,Jan,9,9,1.0
1939,Gayle,7,15,0.467
1939,Gerry,6,7,0.857
1939,Kay,6,204,0.029
1939,Carol,5,441,0.011
1940,Robert,1095,5,219.0
1940,Larry,1077,5,215.4
1940,John,879,5,175.8
1940,Jerry,513,6,85.5
1940,Terry,131,6,21.833
1940,Jackie,34,19,1.789
1940,Lynn,29,10,2.9
1940,Marion,21,15,1.4
1940,Pat,16,68,0.235
1940,Gail,15,24,0.625
1940,Jan,13,6,2.167
1940,Gayle,7,18,0.389
1940,Billie,6,11,0.545
1940,Cleo,6,8,0.75
1940,Janice,6,423,0.014
1940,Kay,6,158,0.038
1941,David,723,6,120.5
1941,Terry,147,13,11.308
1941,Francis,64,5,12.8
1941,Lynn,52,18,2.889
1941,Jackie,23,19,1.211
1941,Marion,21,13,1.615
1941,Pat,17,58,0.293
1941,Jan,16,5,3.2
1941,Gail,11,24,0.458
1941,Billie,9,9,1.0
1941,Gerry,7,6,1.167
1941,Karen,6,722,0.008
1941,Carol,5,445,0.011
1941,Cleo,5,7,0.714
1941,Kay,5,155,0.032
1941,Sharon,5,761,0.007
1942,Jerry,471,7,67.286
1942,Terry,182,20,9.1
1942,Dale,161,5,32.2
1942,Lynn,53,23,2.304
1942,Leslie,37,8,4.625
1942,Jackie,30,23,1.304
1942,Marion,17,10,1.7
1942,Gail,15,25,0.6
1942,Pat,15,48,0.312
1942,Jan,13,10,1.3
1942,Billie,8,15,0.533
1942,Cleo,8,7,1.143
1942,Gayle,8,17,0.471
1942,Karen,5,754,0.007
1943,Jerry,459,5,91.8
1943,Terry,188,12,15.667
1943,Lynn,49,25,1.96
1943,Leslie,44,5,8.8
1943,Lee,40,8,5.0
1943,Marion,20,13,1.538
1943,Jackie,19,25,0.76
1943,Jan,16,15,1.067
1943,Pat,12,43,0.279
1943,Gail,9,36,0.25
1943,Billie,5,18,0.278
1943,Gayle,5,20,0.25
1943,Linda,5,854,0.006
1943,Patricia,5,496,0.01
1943,Sandra,5,567,0.009
1943,Sharon,5,787,0.006
1944,James,1100,5,220.0
1944,Larry,789,6,131.5
1944,Terry,213,12,17.75
1944,Lynn,63,28,2.25
1944,Leslie,40,12,3.333
1944,Lee,35,5,7.0
1944,Marion,23,11,2.091
1944,Jackie,17,19,0.895
1944,Gail,11,18,0.611
1944,Pat,11,32,0.344
1944,Gayle,8,23,0.348
1944,Jan,8,15,0.533
1944,Mary,6,1173,0.005
1945,James,995,5,199.0
1945,Terry,254,23,11.043
1945,Lynn,58,45,1.289
1945,Leslie,31,13,2.385
1945,Jackie,19,31,0.613
1945,Marion,15,5,3.0
1945,Pat,12,50,0.24
1945,Jan,10,19,0.526
1945,Gayle,8,27,0.296
1945,Carol,7,575,0.012
1945,Dana,7,12,0.583
1945,Gail,7,29,0.241
1945,Karen,7,486,0.014
1946,Larry,847,6,141.167
1946,Jerry,393,5,78.6
1946,Terry,388,36,10.778
1946,Lynn,66,54,1.222
1946,Leslie,46,24,1.917
1946,Lee,45,9,5.0
1946,Lonnie,29,7,4.143
1946,Jackie,20,38,0.526
1946,Chris,19,5,3.8
1946,Pat,19,53,0.358
1946,Gail,18,50,0.36
1946,Jan,17,22,0.773
1946,Gayle,12,36,0.333
1946,Marion,12,10,1.2
1946,Dana,7,13,0.538
1946,Kerry,7,5,1.4
1946,Sharon,5,668,0.007
1947,Michael,1024,5,204.8
1947,Gary,851,5,170.2
1947,Terry,419,42,9.976
1947,Lynn,80,68,1.176
1947,Lee,52,13,4.0
1947,Leslie,51,26,1.962
1947,Chris,25,9,2.778
1947,Pat,23,61,0.377
1947,Jackie,22,42,0.524
1947,Dana,17,8,2.125
1947,Robin,16,6,2.667
1947,Jan,15,45,0.333
1947,Gail,14,52,0.269
1947,Claire,6,6,1.0
1947,Linda,5,2365,0.002
1948,Terry,409,48,8.521
1948,Dale,192,6,32.0
1948,Lynn,91,84,1.083
1948,Leslie,56,39,1.436
1948,Lee,55,10,5.5
1948,Dana,34,17,2.0
1948,Lonnie,31,5,6.2
1948,Chris,24,8,3.0
1948,Pat,20,58,0.345
1948,Jackie,19,33,0.576
1948,Kim,19,6,3.167
1948,Kerry,18,5,3.6
1948,Marion,17,8,2.125
1948,Gale,14,7,2.0
1948,Jan,11,37,0.297
1948,Gail,10,68,0.147
1948,Robin,7,15,0.467
1948,Linda,5,2145,0.002
1949,John,1220,6,203.333
1949,Terry,413,38,10.868
1949,Jerry,316,7,45.143
1949,Lynn,79,77,1.026
1949,Lee,66,10,6.6
1949,Leslie,49,29,1.69
1949,Chris,34,7,4.857
1949,Kim,27,7,3.857
1949,Jackie,20,25,0.8
1949,Dana,18,13,1.385
1949,Kerry,15,8,1.875
1949,Marion,15,6,2.5
1949,Jan,14,39,0.359
1949,Gail,12,56,0.214
1949,Pat,11,18,0.611
1949,Tracy,9,5,1.8
1949,Robin,6,12,0.5
1949,Gayle,5,40,0.125
1949,Shannon,5,6,0.833
1950,Terry,339,41,8.268
1950,Lynn,75,79,0.949
1950,Lee,61,10,6.1
1950,Leslie,49,32,1.531
1950,Chris,34,13,2.615
1950,Kim,29,5,5.8
1950,Mickey,20,5,4.0
1950,Jackie,18,19,0.947
1950,Dana,17,13,1.308
1950,Kerry,17,14,1.214
1950,Gail,14,68,0.206
1950,Pat,14,6,2.333
1950,Robin,14,12,1.167
1950,Jan,12,46,0.261
1950,Billie,5,15,0.333
1950,Kris,5,7,0.714
1950,Marion,5,12,0.417
1951,Terry,366,48,7.625
1951,Dale,206,5,41.2
1951,Lynn,68,108,0.63
1951,Kim,63,12,5.25
1951,Leslie,49,30,1.633
1951,Lee,48,12,4.0
1951,Chris,47,7,6.714
1951,Lonnie,39,6,6.5
1951,Dana,28,17,1.647
1951,Kelly,22,5,4.4
1951,Kerry,20,12,1.667
1951,Gale,18,7,2.571
1951,Gail,17,95,0.179
1951,Jackie,17,21,0.81
1951,Jan,17,38,0.447
1951,Kyle,10,5,2.0
1951,Marion,10,8,1.25
1951,Robin,10,20,0.5
1951,Mickey,9,5,1.8
1951,Kimberly,5,11,0.455
1952,David,1431,5,286.2
1952,Terry,322,48,6.708
1952,Randy,312,5,62.4
1952,Kim,81,22,3.682
1952,Leslie,67,32,2.094
1952,Lynn,65,106,0.613
1952,Lee,57,12,4.75
1952,Chris,41,8,5.125
1952,Jackie,27,20,1.35
1952,Dana,23,20,1.15
1952,Robin,20,23,0.87
1952,Kerry,17,9,1.889
1952,Kelly,16,5,3.2
1952,Marion,14,6,2.333
1952,Jan,11,57,0.193
1952,Gail,10,90,0.111
1952,Tracy,9,10,0.9
1952,Jody,8,28,0.286
1952,Lesley,5,5,1.0
1953,David,1442,6,240.333
1953,Thomas,875,5,175.0
1953,Terry,312,56,5.571
1953,Kim,86,33,2.606
1953,Lynn,69,92,0.75
1953,Lee,52,20,2.6
1953,Leslie,52,34,1.529
1953,Lonnie,40,5,8.0
1953,Chris,30,5,6.0
1953,Kerry,28,14,2.0
1953,Robin,28,46,0.609
1953,Dana,27,13,2.077
1953,Jackie,20,21,0.952
1953,Jan,14,65,0.215
1953,Mickey,14,7,2.0
1953,Tracy,11,7,1.571
1953,Marion,10,9,1.111
1953,Marty,9,5,1.8
1953,Gale,7,6,1.167
1953,Kyle,7,9,0.778
1953,Gail,6,94,0.064
1953,Billie,5,14,0.357
1953,Jody,5,25,0.2
1953,Kris,5,6,0.833
1954,Terry,384,61,6.295
1954,Kim,106,56,1.893
1954,Lynn,66,119,0.555
1954,Lee,52,26,2.0
1954,Leslie,44,37,1.189
1954,Chris,35,9,3.889
1954,Kerry,34,11,3.091
1954,Dana,28,22,1.273
1954,Kelly,28,15,1.867
1954,Robin,26,89,0.292
1954,Tracy,17,21,0.81
1954,Gale,16,10,1.6
1954,Jan,16,71,0.225
1954,Jackie,11,25,0.44
1954,Shawn,9,8,1.125
1954,Marion,7,7,1.0
1954,Dee,6,16,0.375
1954,Kimberly,6,45,0.133
1954,Gail,5,89,0.056
1955,Terry,398,64,6.219
1955,Kim,132,122,1.082
1955,Lynn,63,146,0.432
1955,Chris,54,7,7.714
1955,Leslie,54,45,1.2
1955,Lee,52,35,1.486
1955,Kelly,43,5,8.6
1955,Kerry,33,12,2.75
1955,Robin,27,100,0.27
1955,Dana,21,24,0.875
1955,Jody,15,55,0.273
1955,Jackie,14,25,0.56
1955,Jan,14,61,0.23
1955,Gale,13,13,1.0
1955,Tracy,11,21,0.524
1955,Kimberly,9,96,0.094
1955,Kris,9,7,1.286
1955,Gail,6,91,0.066
1955,Shawn,6,10,0.6
1955,Gayle,5,38,0.132
1956,Terry,334,56,5.964
1956,Kim,91,209,0.435
1956,Chris,64,12,5.333
1956,Kelly,59,11,5.364
1956,Lee,56,29,1.931
1956,Lynn,54,155,0.348
1956,Robin,40,132,0.303
1956,Kerry,38,10,3.8
1956,Dana,37,46,0.804
1956,Leslie,36,38,0.947
1956,Tracy,31,22,1.409
1956,Kyle,19,6,3.167
1956,Gale,16,13,1.231
1956,Shawn,11,8,1.375
1956,Jackie,8,21,0.381
1956,Pat,8,8,1.0
1956,Gail,7,81,0.086
1956,Jan,6,96,0.062
1956,Jody,6,66,0.091
1956,Kris,5,9,0.556
1957,Terry,351,49,7.163
1957,Dale,210,5,42.0
1957,Chris,72,17,4.235
1957,Kim,64,232,0.276
1957,Kelly,62,48,1.292
1957,Lynn,44,126,0.349
1957,Marty,40,6,6.667
1957,Kerry,39,21,1.857
1957,Lee,37,30,1.233
1957,Leslie,33,37,0.892
1957,Tracy,31,23,1.348
1957,Dana,30,29,1.034
1957,Robin,24,144,0.167
1957,Jackie,17,29,0.586
1957,Shawn,15,17,0.882
1957,Jan,13,61,0.213
1957,Kris,13,18,0.722
1957,Gail,10,72,0.139
1957,Jody,8,57,0.14
1957,Marion,7,5,1.4
1957,Kimberly,6,272,0.022
1958,David,1394,5,278.8
1958,Terry,323,48,6.729
1958,Chris,102,25,4.08
1958,Kelly,83,112,0.741
1958,Lee,50,20,2.5
1958,Lynn,43,128,0.336
1958,Kim,38,203,0.187
1958,Tracy,38,26,1.462
1958,Dana,35,25,1.4
1958,Robin,30,140,0.214
1958,Leslie,29,45,0.644
1958,Kerry,28,11,2.545
1958,Shawn,26,20,1.3
1958,Pat,20,12,1.667
1958,Jody,14,66,0.212
1958,Jackie,11,41,0.268
1958,Jan,10,60,0.167
1958,Kris,10,26,0.385
1958,Gail,9,52,0.173
1958,Kelley,9,17,0.529
1958,Gale,6,9,0.667
1958,Jamie,6,11,0.545
1958,Kimberly,5,311,0.016
1959,Mark,1184,5,236.8
1959,Terry,314,48,6.542
1959,Chris,99,46,2.152
1959,Kelly,86,196,0.439
1959,Marty,52,6,8.667
1959,Lynn,44,142,0.31
1959,Kim,43,264,0.163
1959,Lee,42,21,2.0
1959,Shawn,42,14,3.0
1959,Dana,36,42,0.857
1959,Leslie,32,49,0.653
1959,Tracy,31,62,0.5
1959,Kerry,30,13,2.308
1959,Jody,25,62,0.403
1959,Pat,24,12,2.0
1959,Robin,20,152,0.132
1959,Jamie,18,15,1.2
1959,Jan,14,69,0.203
1959,Kris,14,18,0.778
1959,Stacy,9,19,0.474
1959,Jackie,8,38,0.211
1959,Darcy,6,10,0.6
1959,Gail,6,63,0.095
1959,Gale,6,10,0.6
1959,Kelley,6,18,0.333
1960,Richard,543,6,90.5
1960,Terry,345,46,7.5
1960,Dale,185,6,30.833
1960,Chris,125,41,3.049
1960,Kelly,112,241,0.465
1960,Tracy,67,110,0.609
1960,Lee,61,16,3.812
1960,Shawn,52,18,2.889
1960,Kerry,41,20,2.05
1960,Lynn,40,96,0.417
1960,Dana,38,39,0.974
1960,Kim,35,253,0.138
1960,Pat,24,13,1.846
1960,Robin,22,163,0.135
1960,Jody,21,74,0.284
1960,Leslie,20,30,0.667
1960,Kris,18,33,0.545
1960,Cary,13,5,2.6
1960,Jamie,10,32,0.312
1960,Stacey,9,16,0.562
1960,Jan,7,63,0.111
1960,Robbie,7,5,1.4
1960,Gail,6,59,0.102
1960,Stacy,5,24,0.208
1961,Terry,306,35,8.743
1961,Kelly,132,239,0.552
1961,Chris,130,38,3.421
1961,Tracy,78,136,0.574
1961,Shawn,58,26,2.231
1961,Lee,44,18,2.444
1961,Kerry,42,23,1.826
1961,Lynn,37,110,0.336
1961,Robin,32,215,0.149
1961,Dana,29,54,0.537
1961,Leslie,25,48,0.521
1961,Pat,25,9,2.778
1961,Jamie,22,26,0.846
1961,Kim,22,219,0.1
1961,Jody,20,69,0.29
1961,Kris,15,27,0.556
1961,Gail,9,55,0.164
1961,Gale,8,6,1.333
1961,Stacey,8,21,0.381
1961,Stacy,7,27,0.259
1961,Gayle,6,27,0.222
1961,Kelley,6,28,0.214
1961,Mary,6,780,0.008
1961,Shannon,6,7,0.857
1961,Jackie,5,77,0.065
1961,Jan,5,50,0.1
1961,Tracey,5,23,0.217
1962,Michael,1231,8,153.875
1962,Mark,1014,5,202.8
1962,Terry,277,36,7.694
1962,Chris,125,45,2.778
1962,Kelly,110,247,0.445
1962,Tracy,79,157,0.503
1962,Shawn,63,33,1.909
1962,Dana,53,50,1.06
1962,Kyle,50,5,10.0
1962,Lee,50,13,3.846
1962,Lynn,42,128,0.328
1962,Kerry,41,17,2.412
1962,Leslie,31,43,0.721
1962,Robin,28,214,0.131
1962,Pat,25,8,3.125
1962,Kim,23,208,0.111
1962,Jody,16,73,0.219
1962,Kris,14,30,0.467
1962,Jamie,12,42,0.286
1962,Gail,7,58,0.121
1962,Jan,7,55,0.127
1962,Stacey,7,22,0.318
1962,Jackie,5,60,0.083
1962,Shannon,5,8,0.625
1962,Stacy,5,39,0.128
1963,Mark,971,6,161.833
1963,Jeffrey,715,5,143.0
1963,Kevin,693,7,99.0
1963,Terry,257,25,10.28
1963,Chris,127,55,2.309
1963,Kelly,91,276,0.33
1963,Shawn,75,32,2.344
1963,Tracy,62,153,0.405
1963,Lee,36,14,2.571
1963,Kerry,33,14,2.357
1963,Lynn,30,107,0.28
1963,Dana,29,68,0.426
1963,Robin,23,180,0.128
1963,Kris,20,25,0.8
1963,Leslie,19,52,0.365
1963,Kim,16,180,0.089
1963,Jamie,13,37,0.351
1963,Jody,13,64,0.203
1963,Shannon,10,24,0.417
1963,Jackie,9,44,0.205
1963,Tracey,8,43,0.186
1963,Jan,7,35,0.2
1963,Stacey,6,51,0.118
1964,David,1171,5,234.2
1964,Michael,1136,6,189.333
1964,Terry,259,16,16.188
1964,Chris,110,34,3.235
1964,Shawn,108,28,3.857
1964,Kelly,83,227,0.366
1964,Lee,54,17,3.176
1964,Tracy,54,166,0.325
1964,Leslie,35,62,0.565
1964,Lynn,30,112,0.268
1964,Robin,29,193,0.15
1964,Kerry,27,21,1.286
1964,Dana,25,83,0.301
1964,Kim,19,144,0.132
1964,Kris,14,32,0.438
1964,Jamie,12,20,0.6
1964,Jody,12,61,0.197
1964,Shannon,10,16,0.625
1964,Stacy,9,57,0.158
1964,Carey,8,7,1.143
1964,Julie,5,641,0.008
1965,Terry,210,13,16.154
1965,Shawn,135,43,3.14
1965,Chris,122,26,4.692
1965,Kelly,70,218,0.321
1965,Tracy,70,169,0.414
1965,Lee,36,18,2.0
1965,Kerry,32,10,3.2
1965,Lynn,26,66,0.394
1965,Dana,20,55,0.364
1965,Jamie,20,40,0.5
1965,Leslie,17,47,0.362
1965,Robin,17,179,0.095
1965,Kris,14,25,0.56
1965,Jody,12,59,0.203
1965,Shannon,12,27,0.444
1965,Tracey,11,45,0.244
1965,Stacy,10,44,0.227
1965,Kim,8,141,0.057
1965,Stacey,8,64,0.125
1966,Michael,1103,7,157.571
1966,Mark,634,5,126.8
1966,Terry,186,15,12.4
1966,Shawn,142,33,4.303
1966,Chris,111,20,5.55
1966,Kelly,109,239,0.456
1966,Tracy,74,173,0.428
1966,Lee,48,14,3.429
1966,Jamie,27,32,0.844
1966,Kerry,22,12,1.833
1966,Lynn,21,80,0.262
1966,Dana,18,62,0.29
1966,Leslie,17,45,0.378
1966,Kris,16,31,0.516
1966,Jody,15,67,0.224
1966,Robin,13,148,0.088
1966,Shannon,13,32,0.406
1966,Kim,9,117,0.077
1966,Stacey,8,40,0.2
1966,Tracey,6,53,0.113
1966,Jackie,5,43,0.116
1967,David,941,6,156.833
1967,Terry,157,12,13.083
1967,Shawn,124,31,4.0
1967,Chris,110,10,11.0
1967,Kelly,86,254,0.339
1967,Tracy,62,189,0.328
1967,Lee,45,7,6.429
1967,Stacy,38,56,0.679
1967,Jamie,26,35,0.743
1967,Kerry,26,20,1.3
1967,Jody,25,61,0.41
1967,Lynn,23,88,0.261
1967,Stacey,20,62,0.323
1967,Dana,18,60,0.3
1967,Shannon,16,37,0.432
1967,Kris,13,20,0.65
1967,Leslie,13,62,0.21
1967,Robin,13,123,0.106
1967,Tracey,11,35,0.314
1967,Kim,6,73,0.082
1967,Jackie,5,27,0.185
1968,Michael,1112,6,185.333
1968,Brian,641,5,128.2
1968,Scott,585,6,97.5
1968,Shawn,127,45,2.822
1968,Chris,100,12,8.333
1968,Kelly,87,265,0.328
1968,Tracy,54,201,0.269
1968,Lee,47,13,3.615
1968,Jamie,33,46,0.717
1968,Stacy,32,87,0.368
1968,Dana,30,72,0.417
1968,Lynn,30,59,0.508
1968,Shannon,26,62,0.419
1968,Jody,24,92,0.261
1968,Stacey,17,79,0.215
1968,Kerry,16,19,0.842
1968,Leslie,13,66,0.197
1968,Kris,11,19,0.579
1968,Jackie,8,29,0.276
1968,Robin,7,110,0.064
1968,Tracey,7,54,0.13
1968,Lisa,5,708,0.007
1969,Michael,1137,7,162.429
1969,John,595,5,119.0
1969,Jeffrey,579,7,82.714
1969,Shawn,168,34,4.941
1969,Terry,135,6,22.5
1969,Chris,84,9,9.333
1969,Cory,72,5,14.4
1969,Kelly,71,264,0.269
1969,Shannon,51,131,0.389
1969,Lee,43,15,2.867
1969,Jamie,39,45,0.867
1969,Tracy,34,217,0.157
1969,Jody,29,82,0.354
1969,Stacy,27,129,0.209
1969,Lynn,24,53,0.453
1969,Kerry,23,26,0.885
1969,Dana,15,78,0.192
1969,Cary,14,5,2.8
1969,Stacey,12,89,0.135
1969,Leslie,10,53,0.189
1969,Kris,8,21,0.381
1969,Kim,6,68,0.088
1970,Michael,1088,8,136.0
1970,David,779,7,111.286
1970,James,635,5,127.0
1970,Scott,621,5,124.2
1970,Shawn,208,45,4.622
1970,Terry,117,10,11.7
1970,Chris,96,11,8.727
1970,Jamie,76,56,1.357
1970,Kelly,70,221,0.317
1970,Shannon,48,172,0.279
1970,Tracy,34,261,0.13
1970,Jody,29,85,0.341
1970,Lee,29,6,4.833
1970,Stacy,28,139,0.201
1970,Casey,24,6,4.0
1970,Dana,19,83,0.229
1970,Lynn,17,64,0.266
1970,Leslie,16,62,0.258
1970,Kerry,15,30,0.5
1970,Robin,11,85,0.129
1970,Stacey,10,103,0.097
1970,Kris,7,17,0.412
1970,Jackie,6,21,0.286
1970,Jennifer,6,770,0.008
1970,Tracey,6,86,0.07
1970,Lisa,5,538,0.009
1971,Michael,919,8,114.875
1971,Scott,645,6,107.5
1971,David,632,5,126.4
1971,Shawn,226,44,5.136
1971,Terry,128,6,21.333
1971,Stephen,88,5,17.6
1971,Jamie,87,53,1.642
1971,Chris,81,17,4.765
1971,Kelly,53,177,0.299
1971,Shannon,51,147,0.347
1971,Tracy,44,196,0.224
1971,Jody,26,85,0.306
1971,Lee,26,5,5.2
1971,Lynn,22,57,0.386
1971,Stacy,20,151,0.132
1971,Dana,17,89,0.191
1971,Kerry,17,23,0.739
1971,Leslie,9,46,0.196
1971,Kris,8,19,0.421
1971,Joey,7,6,1.167
1971,Kim,6,39,0.154
1971,Carey,5,16,0.312
1971,Erin,5,60,0.083
1971,Jennifer,5,929,0.005
1972,Jason,850,5,170.0
1972,Brian,659,5,131.8
1972,Shawn,187,39,4.795
1972,Shane,154,6,25.667
1972,Anthony,147,6,24.5
1972,Jamie,109,38,2.868
1972,Terry,88,7,12.571
1972,Kelly,57,142,0.401
1972,Shannon,52,138,0.377
1972,Tracy,43,171,0.251
1972,Lee,30,5,6.0
1972,Dana,24,85,0.282
1972,Jody,23,66,0.348
1972,Stacy,13,155,0.084
1972,Lynn,12,56,0.214
1972,Kerry,11,26,0.423
1972,Robin,11,87,0.126
1972,Leslie,9,43,0.209
1972,Erin,6,63,0.095
1972,Jackie,6,22,0.273
1972,Joey,6,5,1.2
1972,Kris,6,9,0.667
1972,Tracey,6,37,0.162
1972,Kim,5,27,0.185
1973,Jason,972,5,194.4
1973,Michael,734,6,122.333
1973,Chad,631,5,126.2
1973,Shawn,185,33,5.606
1973,Jamie,108,39,2.769
1973,Terry,84,8,10.5
1973,Corey,83,5,16.6
1973,Shannon,42,113,0.372
1973,Tracy,40,136,0.294
1973,Kelly,36,147,0.245
1973,Dana,19,71,0.268
1973,Jody,18,65,0.277
1973,Kerry,13,27,0.481
1973,Stacy,11,175,0.063
1973,Leslie,9,41,0.22
1973,Lynn,8,30,0.267
1973,Shelby,8,11,0.727
1973,Stacey,6,101,0.059
1973,Tracey,6,25,0.24
1973,Carey,5,20,0.25
1973,Erin,5,68,0.074
1973,Robin,5,78,0.064
1974,Michael,774,8,96.75
1974,Brian,599,8,74.875
1974,Shawn,199,26,7.654
1974,Jamie,116,35,3.314
1974,Shannon,42,123,0.341
1974,Kelly,40,162,0.247
1974,Chris,38,5,7.6
1974,Casey,37,10,3.7
1974,Tracy,31,134,0.231
1974,Dana,16,61,0.262
1974,Jody,15,50,0.3
1974,Stacy,8,152,0.053
1974,Dusty,7,5,1.4
1974,Erin,7,107,0.065
1974,Kerry,6,28,0.214
1974,Kris,6,6,1.0
1974,Courtney,5,37,0.135
1974,Leslie,5,41,0.122
1974,Lynn,5,30,0.167
1974,Robin,5,64,0.078
1974,Stacey,5,103,0.049
1975,Michael,741,5,148.2
1975,Shawn,207,17,12.176
1975,Shane,179,5,35.8
1975,Cory,129,8,16.125
1975,Jamie,128,79,1.62
1975,Casey,46,14,3.286
1975,Shannon,44,117,0.376
1975,Kelly,38,185,0.205
1975,Lee,30,6,5.0
1975,Stacy,15,125,0.12
1975,Tracy,15,121,0.124
1975,Bobby,13,6,2.167
1975,Joey,13,10,1.3
1975,Jody,12,61,0.197
1975,Dana,11,55,0.2
1975,Jessie,9,10,0.9
1975,Kerry,9,20,0.45
1975,Jaime,7,9,0.778
1975,Kris,7,6,1.167
1975,Jayme,6,5,1.2
1975,Leslie,6,32,0.188
1975,Lynn,5,31,0.161
1976,Michael,778,10,77.8
1976,Matthew,708,5,141.6
1976,Christopher,528,5,105.6
1976,Brian,521,6,86.833
1976,Eric,368,6,61.333
1976,Shawn,180,17,10.588
1976,Cory,153,5,30.6
1976,Jamie,117,246,0.476
1976,Casey,55,11,5.0
1976,Kelly,54,194,0.278
1976,Shannon,50,221,0.226
1976,Lee,27,5,5.4
1976,Tracy,21,109,0.193
1976,Jody,17,56,0.304
1976,Dana,14,52,0.269
1976,Kerry,10,23,0.435
1976,Stacy,10,133,0.075
1976,Jayme,8,11,0.727
1976,Jaime,6,139,0.043
1976,Tracey,6,24,0.25
1976,Leslie,5,44,0.114
1977,Jason,914,5,182.8
1977,Michael,826,5,165.2
1977,Ryan,636,5,127.2
1977,Shawn,160,16,10.0
1977,Corey,125,5,25.0
1977,Jesse,112,5,22.4
1977,Jamie,82,247,0.332
1977,Casey,69,15,4.6
1977,Kelly,34,300,0.113
1977,Shannon,33,191,0.173
1977,Courtney,17,64,0.266
1977,Jody,17,54,0.315
1977,Tracy,14,97,0.144
1977,Dana,11,51,0.216
1977,Kerry,10,23,0.435
1977,Ashley,8,18,0.444
1977,Jayme,7,8,0.875
1977,Robin,7,37,0.189
1977,Cary,6,5,1.2
1977,Leslie,5,39,0.128
1977,Lynn,5,18,0.278
1978,Michael,747,8,93.375
1978,Ryan,636,8,79.5
1978,Nicholas,446,5,89.2
1978,Shawn,163,9,18.111
1978,Cory,147,5,29.4
1978,Casey,74,13,5.692
1978,Jamie,63,188,0.335
1978,Chris,30,5,6.0
1978,Kelly,30,283,0.106
1978,Shannon,26,136,0.191
1978,Tracy,12,87,0.138
1978,Dana,10,54,0.185
1978,Jody,10,32,0.312
1978,Kasey,8,5,1.6
1978,Courtney,7,59,0.119
1978,Jamey,7,5,1.4
1978,Jessie,7,9,0.778
1978,Kerry,7,12,0.583
1978,Kris,6,5,1.2
1978,Leslie,6,52,0.115
1978,Ashley,5,22,0.227
1978,Jayme,5,11,0.455
1979,Michael,758,5,151.6
1979,Ryan,605,9,67.222
1979,Nicholas,579,7,82.714
1979,Cory,144,7,20.571
1979,Shawn,130,12,10.833
1979,Corey,92,6,15.333
1979,Casey,74,26,2.846
1979,Jamie,68,192,0.354
1979,Kelly,35,269,0.13
1979,Lee,27,7,3.857
1979,Shannon,21,144,0.146
1979,Bobby,11,6,1.833
1979,Dana,11,59,0.186
1979,Joey,11,5,2.2
1979,Tracy,10,73,0.137
1979,Jessie,9,17,0.529
1979,Leslie,7,49,0.143
1979,Courtney,6,63,0.095
1979,Jaime,5,48,0.104
1979,Jody,5,31,0.161
1980,Jason,637,5,127.4
1980,Ryan,633,7,90.429
1980,Justin,605,5,121.0
1980,Dustin,246,5,49.2
1980,William,194,5,38.8
1980,Jesse,173,7,24.714
1980,Shawn,97,7,13.857
1980,Casey,76,32,2.375
1980,Jamie,65,200,0.325
1980,Kelly,35,222,0.158
1980,Jordan,20,12,1.667
1980,Shannon,17,112,0.152
1980,Jessie,12,27,0.444
1980,Dana,11,62,0.177
1980,Devin,9,5,1.8
1980,Jody,9,26,0.346
1980,Morgan,9,18,0.5
1980,Tracy,9,74,0.122
1980,Courtney,8,74,0.108
1980,Kasey,8,7,1.143
1980,Ashley,6,59,0.102
1980,Erin,6,267,0.022
1980,Jamey,6,5,1.2
1980,Lynn,6,17,0.353
1980,Kerry,5,13,0.385
1981,Ryan,617,5,123.4
1981,Justin,576,5,115.2
1981,David,431,5,86.2
1981,Jesse,198,8,24.75
1981,Shawn,106,6,17.667
1981,Casey,71,30,2.367
1981,Jamie,61,176,0.347
1981,Jordan,40,6,6.667
1981,Kelly,30,163,0.184
1981,Lee,30,6,5.0
1981,Shannon,26,107,0.243
1981,Taylor,19,6,3.167
1981,Jessie,15,28,0.536
1981,Blair,10,8,1.25
1981,Leslie,9,41,0.22
1981,Ashley,7,112,0.062
1981,Dana,7,49,0.143
1981,Kasey,7,14,0.5
1981,Jaime,6,29,0.207
1981,Morgan,6,45,0.133
1981,Courtney,5,79,0.063
1981,Jody,5,28,0.179
1981,Kerry,5,16,0.312
1981,Tracy,5,50,0.1
1982,Matthew,858,5,171.6
1982,Ryan,524,7,74.857
1982,Nicholas,469,5,93.8
1982,Jesse,189,5,37.8
1982,Cody,116,5,23.2
1982,Shawn,101,6,16.833
1982,Jordan,74,9,8.222
1982,Casey,67,33,2.03
1982,Jamie,43,153,0.281
1982,Kelly,24,156,0.154
1982,Shannon,18,113,0.159
1982,Dana,16,42,0.381
1982,Jessie,15,31,0.484
1982,Taylor,15,8,1.875
1982,Adrian,9,6,1.5
1982,Ashley,9,211,0.043
1982,Jody,5,22,0.227
1982,Lynn,5,16,0.312
1982,Melissa,5,386,0.013
1982,Sarah,5,516,0.01
1982,Tracy,5,47,0.106
1983,Matthew,823,6,137.167
1983,Michael,775,11,70.455
1983,Ryan,549,5,109.8
1983,Adam,536,6,89.333
1983,Andrew,507,5,101.4
1983,David,373,5,74.6
1983,Aaron,281,6,46.833
1983,Kyle,275,5,55.0
1983,Timothy,206,5,41.2
1983,Jesse,170,8,21.25
1983,Cody,114,7,16.286
1983,Casey,93,31,3.0
1983,Jordan,75,7,10.714
1983,Kelly,34,149,0.228
1983,Jamie,22,163,0.135
1983,Taylor,14,5,2.8
1983,Dana,13,48,0.271
1983,Devon,13,6,2.167
1983,Jessie,9,19,0.474
1983,Shannon,9,111,0.081
1983,Tracy,9,39,0.231
1983,Courtney,8,74,0.108
1983,Blair,7,6,1.167
1983,Morgan,7,34,0.206
1983,Kasey,6,7,0.857
1983,Ashley,5,527,0.009
1984,Michael,668,7,95.429
1984,Christopher,585,5,117.0
1984,Cody,150,5,30.0
1984,Jesse,147,6,24.5
1984,Jordan,87,10,8.7
1984,Casey,78,28,2.786
1984,Taylor,22,9,2.444
1984,Jamie,18,145,0.124
1984,Shannon,17,77,0.221
1984,Jessie,14,19,0.737
1984,Kelly,10,124,0.081
1984,Courtney,9,88,0.102
1984,Dana,9,48,0.188
1984,Cassidy,7,9,0.778
1984,Devon,7,6,1.167
1984,Kasey,7,14,0.5
1984,Morgan,6,33,0.182
1984,Ashley,5,708,0.007
1984,Leslie,5,35,0.143
1984,Robin,5,15,0.333
1984,Tracy,5,44,0.114
1985,Kyle,334,5,66.8
1985,Cody,225,6,37.5
1985,Jesse,136,9,15.111
1985,Jordan,110,10,11.0
1985,Shawn,92,5,18.4
1985,Casey,67,22,3.045
1985,Jamie,34,159,0.214
1985,Taylor,25,17,1.471
1985,Kelly,20,116,0.172
1985,Jessie,12,27,0.444
1985,Devon,9,9,1.0
1985,Dana,7,38,0.184
1985,Kasey,7,14,0.5
1985,Shannon,7,59,0.119
1985,Courtney,5,83,0.06
1985,Kiley,5,8,0.625
1986,Michael,535,5,107.0
1986,Jesse,136,6,22.667
1986,Jordan,130,35,3.714
1986,Casey,53,35,1.514
1986,Taylor,31,5,6.2
1986,Jamie,20,125,0.16
1986,Kelly,18,119,0.151
1986,Jessie,12,21,0.571
1986,Dana,10,31,0.323
1986,Morgan,8,45,0.178
1986,Courtney,6,126,0.048
1986,Kasey,6,14,0.429
1986,Blair,5,9,0.556
1986,Shannon,5,44,0.114
1987,Ryan,399,5,79.8
1987,Jordan,150,21,7.143
1987,Jesse,103,5,20.6
1987,Casey,64,33,1.939
1987,Taylor,29,12,2.417
1987,Jamie,21,115,0.183
1987,Jessie,16,17,0.941
1987,Kelly,16,93,0.172
1987,Erin,7,117,0.06
1987,Morgan,7,46,0.152
1987,Ashley,6,732,0.008
1987,Riley,6,6,1.0
1987,Ashton,5,12,0.417
1988,Cody,280,6,46.667
1988,Alex,178,9,19.778
1988,Jordan,157,33,4.758
1988,Casey,59,31,1.903
1988,Taylor,58,39,1.487
1988,Jamie,27,101,0.267
1988,Micah,16,8,2.0
1988,Kelly,12,73,0.164
1988,Kasey,11,16,0.688
1988,Jessie,9,17,0.529
1988,Morgan,9,48,0.188
1988,Jaime,5,10,0.5
1988,Kerry,5,5,1.0
1988,Mackenzie,5,30,0.167
1988,Shelby,5,27,0.185
1988,Tracy,5,14,0.357
1989,Cody,268,5,53.6
1989,Jordan,204,59,3.458
1989,Alex,156,6,26.0
1989,Taylor,71,44,1.614
1989,Casey,49,21,2.333
1989,Devin,47,7,6.714
1989,Jamie,28,75,0.373
1989,Kelly,17,64,0.266
1989,Devon,16,5,3.2
1989,Riley,12,5,2.4
1989,Morgan,10,70,0.143
1989,Micah,9,5,1.8
1989,Kasey,8,11,0.727
1989,Jessie,7,22,0.318
1989,Tracy,6,11,0.545
1989,Mackenzie,5,36,0.139
1990,Cody,351,5,70.2
1990,Jordan,309,103,3.0
1990,Alex,162,5,32.4
1990,Taylor,133,100,1.33
1990,Jesse,116,6,19.333
1990,Casey,61,34,1.794
1990,Devin,56,8,7.0
1990,Dakota,29,10,2.9
1990,Jamie,20,90,0.222
1990,Colby,18,5,3.6
1990,Jordon,16,5,3.2
1990,Devon,14,9,1.556
1990,Kasey,11,14,0.786
1990,Kelly,10,56,0.179
1990,Jessie,9,16,0.562
1990,Morgan,8,94,0.085
1990,Dana,7,22,0.318
1990,Mackenzie,7,42,0.167
1990,Devan,6,5,1.2
1990,Courtney,5,197,0.025
1990,Shannon,5,31,0.161
1991,Tyler,503,5,100.6
1991,Jordan,316,106,2.981
1991,Alex,158,11,14.364
1991,Taylor,132,144,0.917
1991,Logan,95,13,7.308
1991,Casey,64,18,3.556
1991,Devin,64,8,8.0
1991,Dakota,63,11,5.727
1991,Devon,35,11,3.182
1991,Skyler,29,6,4.833
1991,Jamie,21,54,0.389
1991,Skylar,21,9,2.333
1991,Kelly,15,56,0.268
1991,Kasey,13,13,1.0
1991,Mackenzie,10,51,0.196
1991,Micah,10,5,2.0
1991,Shelby,9,203,0.044
1991,Jessie,8,18,0.444
1991,Morgan,7,121,0.058
1991,Ashton,5,12,0.417
1991,Dominique,5,9,0.556
1991,Shannon,5,37,0.135
1991,Tayler,5,8,0.625
1992,Tyler,517,7,73.857
1992,Jordan,254,114,2.228
1992,Alex,171,15,11.4
1992,Taylor,120,224,0.536
1992,Jesse,105,7,15.0
1992,Logan,97,5,19.4
1992,Dakota,90,19,4.737
1992,Christian,69,5,13.8
1992,Devin,54,10,5.4
1992,Casey,53,18,2.944
1992,Skylar,29,9,3.222
1992,Riley,26,12,2.167
1992,Devon,22,8,2.75
1992,Jamie,21,56,0.375
1992,Morgan,15,127,0.118
1992,Skyler,14,6,2.333
1992,Kelly,10,51,0.196
1992,Payton,8,7,1.143
1992,Jessie,7,18,0.389
1992,Devan,6,5,1.2
1992,Kasey,6,15,0.4
1992,Mackenzie,6,98,0.061
1992,Dana,5,19,0.263
1992,Jaime,5,8,0.625
1992,Shelby,5,189,0.026
1992,Tracy,5,9,0.556
1993,Jordan,296,105,2.819
1993,Alex,158,14,11.286
1993,Logan,144,9,16.0
1993,Taylor,140,324,0.432
1993,Dakota,126,20,6.3
1993,Devin,73,8,9.125
1993,Hunter,56,7,8.0
1993,Casey,54,16,3.375
1993,Riley,31,8,3.875
1993,Keegan,27,6,4.5
1993,Devon,26,5,5.2
1993,Skyler,26,5,5.2
1993,Dallas,25,8,3.125
1993,Avery,19,8,2.375
1993,Jamie,13,51,0.255
1993,Kendall,13,5,2.6
1993,Dominique,12,7,1.714
1993,Skylar,12,10,1.2
1993,Harley,10,6,1.667
1993,Mackenzie,10,96,0.104
1993,Addison,8,7,1.143
1993,Kelly,8,38,0.211
1993,Morgan,8,133,0.06
1993,Ashton,7,10,0.7
1993,Jessie,7,13,0.538
1993,Regan,6,7,0.857
1993,Jade,5,33,0.152
1994,Jordan,223,107,2.084
1994,Logan,148,9,16.444
1994,Tanner,135,6,22.5
1994,Alex,131,11,11.909
1994,Taylor,115,292,0.394
1994,Dakota,114,19,6.0
1994,Jesse,93,7,13.286
1994,Hunter,87,6,14.5
1994,Devin,63,13,4.846
1994,Devon,45,8,5.625
1994,Casey,41,23,1.783
1994,Riley,38,15,2.533
1994,Skyler,35,5,7.0
1994,Harley,22,6,3.667
1994,Skylar,20,14,1.429
1994,Jamie,13,32,0.406
1994,Justice,13,11,1.182
1994,Avery,12,6,2.0
1994,Mackenzie,12,91,0.132
1994,Peyton,12,10,1.2
1994,Payton,11,10,1.1
1994,Jessie,10,18,0.556
1994,Morgan,10,178,0.056
1994,Tayler,9,14,0.643
1994,Kendall,8,7,1.143
1994,Angel,7,9,0.778
1994,Kasey,7,7,1.0
1994,Jaden,6,7,0.857
1994,Kelly,6,27,0.222
1994,Jaime,5,7,0.714
1994,Sidney,5,8,0.625
1995,Jordan,181,92,1.967
1995,Logan,162,9,18.0
1995,Dakota,138,21,6.571
1995,Hunter,108,9,12.0
1995,Taylor,82,278,0.295
1995,Mason,76,5,15.2
1995,Brett,73,5,14.6
1995,Drew,66,7,9.429
1995,Devin,63,9,7.0
1995,Riley,50,25,2.0
1995,Dallas,37,8,4.625
1995,Skyler,37,5,7.4
1995,Casey,33,20,1.65
1995,Chandler,28,5,5.6
1995,Skylar,13,16,0.812
1995,Unkown,13,10,1.3
1995,Quinn,12,5,2.4
1995,Kendall,11,8,1.375
1995,Morgan,11,181,0.061
1995,Payton,11,22,0.5
1995,Ashton,8,11,0.727
1995,Harley,8,9,0.889
1995,Jamie,8,33,0.242
1995,Shea,8,5,1.6
1995,Darian,7,10,0.7
1995,Angel,6,9,0.667
1995,Bailey,6,102,0.059
1995,Sidney,6,20,0.3
1995,Dana,5,15,0.333
1995,Devan,5,9,0.556
1995,Jessie,5,15,0.333
1995,Tayler,5,14,0.357
1996,Logan,189,8,23.625
1996,Jordan,183,109,1.679
1996,Blake,136,6,22.667
1996,Dakota,133,17,7.824
1996,Tanner,128,7,18.286
1996,Hunter,121,13,9.308
1996,Alex,111,10,11.1
1996,Taylor,78,265,0.294
1996,Riley,73,43,1.698
1996,Devin,72,9,8.0
1996,Drew,58,5,11.6
1996,Devon,57,8,7.125
1996,Skyler,38,12,3.167
1996,Casey,32,15,2.133
1996,Dallas,21,10,2.1
1996,Bailey,20,112,0.179
1996,Skylar,20,21,0.952
1996,Morgan,19,183,0.104
1996,Payton,19,15,1.267
1996,Avery,16,5,3.2
1996,Justice,16,17,0.941
1996,Harley,15,7,2.143
1996,Jamie,11,43,0.256
1996,Jayden,11,5,2.2
1996,Kendall,11,9,1.222
1996,Kelly,9,34,0.265
1996,Peyton,9,17,0.529
1996,Mackenzie,8,96,0.083
1996,Tayler,8,19,0.421
1996,Angel,7,14,0.5
1996,Ashton,7,8,0.875
1996,Unkown,7,9,0.778
1996,Jade,6,43,0.14
1996,Kasey,6,13,0.462
1996,Addison,5,13,0.385
1996,Darian,5,10,0.5
1997,Jordan,202,111,1.82
1997,Logan,170,5,34.0
1997,Hunter,153,15,10.2
1997,Alex,133,7,19.0
1997,Blake,127,6,21.167
1997,Dakota,121,24,5.042
1997,Chase,85,5,17.0
1997,Cameron,82,5,16.4
1997,Devin,76,6,12.667
1997,Riley,69,39,1.769
1997,Taylor,66,284,0.232
1997,Jesse,58,6,9.667
1997,Casey,23,11,2.091
1997,Payton,22,27,0.815
1997,Bailey,21,130,0.162
1997,Peyton,21,18,1.167
1997,Avery,18,9,2.0
1997,Skylar,17,13,1.308
1997,Ashton,13,14,0.929
1997,Jayden,12,10,1.2
1997,Morgan,12,176,0.068
1997,Angel,11,22,0.5
1997,Justice,9,10,0.9
1997,Unkown,9,8,1.125
1997,Jamie,8,29,0.276
1997,Kasey,8,5,1.6
1997,Sage,8,8,1.0
1997,Darian,7,8,0.875
1997,Addison,6,16,0.375
1997,Alexis,6,178,0.034
1997,Harley,6,9,0.667
1997,Jessie,6,7,0.857
1997,Jaime,5,6,0.833
1997,Jorden,5,5,1.0
1997,Shannon,5,42,0.119
1998,Ryan,225,5,45.0
1998,Jordan,180,84,2.143
1998,Hunter,167,15,11.133
1998,Logan,154,8,19.25
1998,Dakota,135,30,4.5
1998,Alex,120,6,20.0
1998,Cameron,94,7,13.429
1998,Riley,74,47,1.574
1998,Taylor,62,263,0.236
1998,Devin,54,6,9.0
1998,Peyton,31,22,1.409
1998,Skyler,29,16,1.812
1998,Payton,27,32,0.844
1998,Bailey,25,123,0.203
1998,Carson,21,6,3.5
1998,Casey,21,13,1.615
1998,Jaden,20,5,4.0
1998,Skylar,19,21,0.905
1998,Ashton,18,14,1.286
1998,Avery,14,13,1.077
1998,Unkown,14,8,1.75
1998,Quinn,13,6,2.167
1998,Morgan,12,176,0.068
1998,Addison,11,13,0.846
1998,Jayden,11,11,1.0
1998,Angel,10,14,0.714
1998,Harley,9,5,1.8
1998,Darian,8,8,1.0
1998,Jamie,8,40,0.2
1998,Justice,8,10,0.8
1998,Sidney,6,28,0.214
1998,Kasey,5,11,0.455
1998,Mackenzie,5,99,0.051
1998,Tayler,5,9,0.556
1999,Tyler,297,8,37.125
1999,Hunter,195,11,17.727
1999,Logan,179,15,11.933
1999,Jordan,129,65,1.985
1999,Cameron,126,9,14.0
1999,Alex,121,5,24.2
1999,Dakota,117,20,5.85
1999,Riley,80,46,1.739
1999,Drew,53,5,10.6
1999,Taylor,51,216,0.236
1999,Parker,48,5,9.6
1999,Jaden,33,15,2.2
1999,Casey,32,12,2.667
1999,Chandler,32,5,6.4
1999,Peyton,30,18,1.667
1999,Bailey,29,124,0.234
1999,Payton,23,35,0.657
1999,Skyler,23,15,1.533
1999,Jayden,22,16,1.375
1999,Angel,21,14,1.5
1999,Avery,20,19,1.053
1999,Ashton,19,7,2.714
1999,Skylar,19,43,0.442
1999,Harley,15,11,1.364
1999,Morgan,12,160,0.075
1999,Jade,9,46,0.196
1999,Addison,8,17,0.471
1999,Alexis,8,251,0.032
1999,Darian,7,6,1.167
1999,Justice,7,12,0.583
1999,Kasey,6,10,0.6
1999,Sage,6,7,0.857
1999,Unknown,6,8,0.75
1999,Unkown,6,6,1.0
1999,Kendall,5,10,0.5
1999,Montana,5,7,0.714
1999,Tayler,5,16,0.312
2000,Hunter,241,12,20.083
2000,Ryan,184,6,30.667
2000,Logan,180,10,18.0
2000,Jordan,127,69,1.841
2000,Cameron,109,14,7.786
2000,Alex,103,8,12.875
2000,Dakota,84,22,3.818
2000,Riley,77,45,1.711
2000,Carson,61,6,10.167
2000,Drew,56,6,9.333
2000,Payton,52,48,1.083
2000,Tristan,51,5,10.2
2000,Taylor,44,201,0.219
2000,Jayden,40,16,2.5
2000,Jaden,34,22,1.545
2000,Peyton,33,42,0.786
2000,Casey,31,16,1.938
2000,Avery,29,25,1.16
2000,Skyler,23,20,1.15
2000,Bailey,22,100,0.22
2000,Unknown,21,19,1.105
2000,Skylar,18,26,0.692
2000,Angel,14,22,0.636
2000,Alexis,13,245,0.053
2000,Ashton,12,15,0.8
2000,Morgan,11,171,0.064
2000,Reese,10,5,2.0
2000,Addison,8,16,0.5
2000,Justice,8,7,1.143
2000,Jade,7,38,0.184
2000,Jamie,7,18,0.389
2000,Sage,7,7,1.0
2000,Jaylen,6,5,1.2
2000,Jaiden,5,9,0.556
2001,Logan,246,8,30.75
2001,Cameron,108,8,13.5
2001,Jordan,103,66,1.561
2001,Riley,73,62,1.177
2001,Dakota,68,10,6.8
2001,Parker,56,6,9.333
2001,Drew,49,6,8.167
2001,Peyton,46,32,1.438
2001,Payton,43,52,0.827
2001,Jaden,40,23,1.739
2001,Skyler,37,18,2.056
2001,Jayden,35,29,1.207
2001,Ashton,31,11,2.818
2001,Jesse,29,5,5.8
2001,Angel,24,30,0.8
2001,Taylor,21,202,0.104
2001,Avery,20,32,0.625
2001,Casey,20,6,3.333
2001,Tristen,20,6,3.333
2001,Bailey,14,98,0.143
2001,Reese,14,5,2.8
2001,Alexis,12,230,0.052
2001,Morgan,12,137,0.088
2001,Harley,10,5,2.0
2001,Justice,10,14,0.714
2001,Quinn,10,8,1.25
2001,Kendall,8,5,1.6
2001,Dominique,6,5,1.2
2001,Jamie,6,17,0.353
2001,Rylee,6,44,0.136
2001,Skylar,6,20,0.3
2001,Montana,5,5,1.0
2001,Raven,5,10,0.5
2002,Logan,219,7,31.286
2002,Jordan,115,79,1.456
2002,Cameron,89,7,12.714
2002,Riley,69,74,0.932
2002,Dakota,63,9,7.0
2002,Parker,63,7,9.0
2002,Jayden,46,21,2.19
2002,Jaden,43,24,1.792
2002,Ashton,34,7,4.857
2002,Taylor,32,160,0.2
2002,Payton,29,33,0.879
2002,Skyler,29,15,1.933
2002,Angel,27,22,1.227
2002,Peyton,27,39,0.692
2002,Hayden,26,7,3.714
2002,Avery,22,38,0.579
2002,Bailey,13,84,0.155
2002,Reese,13,6,2.167
2002,Skylar,12,20,0.6
2002,Micah,10,6,1.667
2002,Sage,10,10,1.0
2002,Justice,9,15,0.6
2002,Addison,8,35,0.229
2002,Harley,8,15,0.533
2002,Jamie,8,13,0.615
2002,Quinn,8,5,1.6
2002,Unknown,8,5,1.6
2002,Jaiden,7,9,0.778
2002,Shea,7,5,1.4
2002,Kelly,6,13,0.462
2002,Morgan,6,135,0.044
2002,Teagan,6,6,1.0
2002,Alexis,5,210,0.024
2002,Kendall,5,11,0.455
2002,Rylee,5,37,0.135
2003,Logan,214,9,23.778
2003,Hunter,191,9,21.222
2003,Dylan,181,13,13.923
2003,Ryan,146,5,29.2
2003,Gabriel,140,5,28.0
2003,Mason,137,5,27.4
2003,Jordan,92,51,1.804
2003,Alex,89,7,12.714
2003,Cameron,87,7,12.429
2003,Devin,71,5,14.2
2003,Dakota,69,18,3.833
2003,Riley,61,58,1.052
2003,Jayden,51,30,1.7
2003,Hayden,49,6,8.167
2003,Jaden,45,26,1.731
2003,Drew,42,5,8.4
2003,Payton,33,29,1.138
2003,Taylor,33,124,0.266
2003,Avery,28,62,0.452
2003,Peyton,27,27,1.0
2003,Angel,26,20,1.3
2003,Alexis,21,182,0.115
2003,Skylar,17,25,0.68
2003,Reese,16,18,0.889
2003,Justice,11,10,1.1
2003,Morgan,11,140,0.079
2003,Quinn,10,11,0.909
2003,Sage,10,6,1.667
2003,Harley,9,9,1.0
2003,Charlie,6,5,1.2
2003,Jessie,5,7,0.714
2004,Dylan,180,8,22.5
2004,Ryan,165,7,23.571
2004,Cameron,95,8,11.875
2004,Jordan,79,41,1.927
2004,Ashton,77,7,11.0
2004,Jayden,76,27,2.815
2004,Riley,57,71,0.803
2004,Dakota,56,10,5.6
2004,Jaden,46,25,1.84
2004,Hayden,37,5,7.4
2004,Peyton,37,51,0.725
2004,Payton,36,39,0.923
2004,Angel,31,31,1.0
2004,Skyler,30,11,2.727
2004,Taylor,19,127,0.15
2004,Avery,18,86,0.209
2004,Quinn,14,8,1.75
2004,Morgan,13,125,0.104
2004,Reese,13,17,0.765
2004,Skylar,12,19,0.632
2004,Addison,9,68,0.132
2004,Alexis,9,164,0.055
2004,Sage,7,7,1.0
2004,Emerson,6,5,1.2
2004,Jaiden,6,14,0.429
2004,Teagan,6,16,0.375
2004,Justice,5,10,0.5
2005,Logan,218,6,36.333
2005,Cameron,88,15,5.867
2005,Hayden,75,20,3.75
2005,Jordan,74,45,1.644
2005,Jayden,70,28,2.5
2005,Parker,67,6,11.167
2005,Riley,61,69,0.884
2005,Angel,57,11,5.182
2005,Jesse,53,5,10.6
2005,Dakota,47,23,2.043
2005,Peyton,42,38,1.105
2005,Payton,39,44,0.886
2005,Jaden,37,18,2.056
2005,Taylor,27,112,0.241
2005,Avery,25,77,0.325
2005,Skyler,21,13,1.615
2005,Morgan,17,95,0.179
2005,Quinn,14,6,2.333
2005,Alexis,12,137,0.088
2005,Reese,12,20,0.6
2005,Harley,9,7,1.286
2005,Jaiden,9,10,0.9
2005,Skylar,9,25,0.36
2005,Rowan,8,5,1.6
2005,Bailey,6,49,0.122
2005,Devyn,6,7,0.857
2005,Jamie,6,13,0.462
2005,Rylee,6,42,0.143
2005,Teagan,6,13,0.462
2005,Addison,5,85,0.059
2005,Justice,5,7,0.714
2005,Sage,5,14,0.357
2005,Shannon,5,7,0.714
2006,Logan,207,6,34.5
2006,Cameron,90,13,6.923
2006,Jayden,71,25,2.84
2006,Jordan,70,31,2.258
2006,Parker,69,5,13.8
2006,Riley,60,46,1.304
2006,Tristan,56,5,11.2
2006,Keegan,48,7,6.857
2006,Angel,40,19,2.105
2006,Peyton,40,43,0.93
2006,Jaden,38,19,2.0
2006,Kayden,35,5,7.0
2006,Payton,31,50,0.62
2006,Dakota,28,21,1.333
2006,Taylor,26,109,0.239
2006,Rylan,23,6,3.833
2006,Skyler,23,6,3.833
2006,Micah,20,6,3.333
2006,Avery,19,88,0.216
2006,Phoenix,17,7,2.429
2006,Quinn,17,11,1.545
2006,Harley,16,13,1.231
2006,Skylar,16,23,0.696
2006,Casey,15,6,2.5
2006,Charlie,15,12,1.25
2006,Alexis,11,159,0.069
2006,Justice,9,5,1.8
2006,Kadyn,9,5,1.8
2006,Teagan,8,10,0.8
2006,Jaiden,7,12,0.583
2006,Sage,7,7,1.0
2006,Addison,6,191,0.031
2006,Ali,6,7,0.857
2006,Bailey,6,33,0.182
2006,Jamie,6,10,0.6
2006,Reese,6,40,0.15
2006,Kendall,5,16,0.312
2007,Jayden,120,26,4.615
2007,Cameron,89,13,6.846
2007,Hayden,80,33,2.424
2007,Jordan,79,28,2.821
2007,Riley,63,50,1.26
2007,Peyton,55,51,1.078
2007,Angel,54,20,2.7
2007,Jaden,42,12,3.5
2007,Kayden,38,5,7.6
2007,Ashton,35,5,7.0
2007,Avery,31,98,0.316
2007,Dakota,31,16,1.938
2007,Skyler,22,9,2.444
2007,Payton,21,50,0.42
2007,Quinn,21,12,1.75
2007,Jaiden,20,9,2.222
2007,Taylor,18,119,0.151
2007,Reese,14,40,0.35
2007,Charlie,13,8,1.625
2007,Elliot,13,7,1.857
2007,Harley,12,11,1.091
2007,Alexis,11,133,0.083
2007,Teagan,11,12,0.917
2007,Kasey,8,5,1.6
2007,Rowan,8,13,0.615
2007,Skylar,8,14,0.571
2007,Rylee,7,51,0.137
2007,Jadyn,6,17,0.353
2007,Addison,5,244,0.02
2007,Harper,5,13,0.385
2007,Jessie,5,8,0.625
2007,Justice,5,7,0.714
2007,Kendall,5,14,0.357
2007,London,5,7,0.714
2007,Sage,5,6,0.833
2008,Dylan,118,7,16.857
2008,Jayden,115,34,3.382
2008,Hayden,99,54,1.833
2008,Parker,91,10,9.1
2008,Cameron,82,8,10.25
2008,Jordan,68,19,3.579
2008,Riley,64,49,1.306
2008,Kayden,47,6,7.833
2008,Peyton,42,77,0.545
2008,Drew,40,5,8.0
2008,Angel,39,17,2.294
2008,Payton,29,78,0.372
2008,Charlie,27,8,3.375
2008,Dakota,27,21,1.286
2008,Skyler,27,6,4.5
2008,Avery,21,116,0.181
2008,Taylor,18,109,0.165
2008,Alexis,17,116,0.147
2008,Skylar,15,8,1.875
2008,Rowan,14,7,2.0
2008,Harley,12,7,1.714
2008,Morgan,10,76,0.132
2008,Quinn,10,11,0.909
2008,Rylee,10,56,0.179
2008,Tegan,10,7,1.429
2008,Emerson,9,35,0.257
2008,Jaiden,8,11,0.727
2008,Phoenix,8,8,1.0
2008,Emery,7,10,0.7
2008,Reese,7,26,0.269
2008,Teagan,7,18,0.389
2008,Harper,6,24,0.25
2008,River,6,5,1.2
2008,Reagan,5,35,0.143
2008,Sage,5,6,0.833
2009,Logan,167,5,33.4
2009,Jayden,114,31,3.677
2009,Hayden,106,60,1.767
2009,Dylan,101,5,20.2
2009,Parker,98,7,14.0
2009,Cameron,70,10,7.0
2009,Alex,55,6,9.167
2009,Jordan,55,18,3.056
2009,Sawyer,45,7,6.429
2009,Riley,40,61,0.656
2009,Peyton,33,81,0.407
2009,Angel,32,12,2.667
2009,Charlie,29,7,4.143
2009,Avery,24,109,0.22
2009,Payton,21,66,0.318
2009,Rylan,21,5,4.2
2009,Dakota,20,9,2.222
2009,Quinn,19,10,1.9
2009,Reece,19,8,2.375
2009,Skyler,16,10,1.6
2009,Rowan,14,10,1.4
2009,Jaden,12,7,1.714
2009,Teagan,11,21,0.524
2009,Alexis,10,107,0.093
2009,Harper,9,47,0.191
2009,Justice,9,8,1.125
2009,Taylor,9,102,0.088
2009,Skylar,8,14,0.571
2009,Emerson,7,15,0.467
2009,Reese,7,39,0.179
2009,Tatum,7,9,0.778
2009,Morgan,6,58,0.103
2009,Jordyn,5,29,0.172
2009,Rory,5,5,1.0
2009,Sage,5,11,0.455
2009,Tegan,5,6,0.833
2010,Jayden,121,14,8.643
2010,Tyler,104,7,14.857
2010,Hayden,96,62,1.548
2010,Parker,87,6,14.5
2010,Ryan,74,6,12.333
2010,Jordan,53,16,3.312
2010,Riley,42,53,0.792
2010,Sawyer,41,8,5.125
2010,Micah,40,5,8.0
2010,Angel,34,10,3.4
2010,Avery,24,115,0.209
2010,Payton,22,61,0.361
2010,Charlie,21,10,2.1
2010,Jaden,21,6,3.5
2010,Peyton,18,68,0.265
2010,Elliot,16,9,1.778
2010,Rowan,16,11,1.455
2010,Quinn,14,25,0.56
2010,Teagan,11,13,0.846
2010,Taylor,10,70,0.143
2010,Alexis,9,89,0.101
2010,Leighton,9,15,0.6
2010,Dakota,8,16,0.5
2010,Harley,8,7,1.143
2010,Emerson,7,24,0.292
2010,Emery,7,19,0.368
2010,Jaiden,7,5,1.4
2010,Rylee,7,55,0.127
2010,Camryn,6,16,0.375
2010,Morgan,6,63,0.095
2010,Skylar,6,10,0.6
2010,Tatum,6,22,0.273
2010,Amari,5,5,1.0
2010,Jadyn,5,8,0.625
2010,Lyric,5,7,0.714
2011,Hayden,118,41,2.878
2011,Bentley,104,5,20.8
2011,Parker,97,10,9.7
2011,Jayden,79,18,4.389
2011,Cameron,63,7,9.0
2011,Dylan,62,6,10.333
2011,Jordan,56,18,3.111
2011,Alex,50,7,7.143
2011,Riley,49,50,0.98
2011,Sawyer,46,9,5.111
2011,Adrian,44,5,8.8
2011,Charlie,37,15,2.467
2011,Peyton,33,60,0.55
2011,Avery,21,115,0.183
2011,Skyler,19,6,3.167
2011,Dakota,18,15,1.2
2011,Quinn,18,35,0.514
2011,Payton,16,50,0.32
2011,Taylor,12,50,0.24
2011,Harley,11,8,1.375
2011,Teagan,11,18,0.611
2011,Alexis,9,85,0.106
2011,Emerson,9,21,0.429
2011,Reece,8,5,1.6
2011,Kamryn,7,19,0.368
2011,Skylar,7,10,0.7
2011,Finley,6,12,0.5
2011,Reese,6,40,0.15
2011,Rylee,6,37,0.162
2011,Ali,5,9,0.556
2011,Emery,5,11,0.455
2011,Sage,5,9,0.556
2012,Logan,136,6,22.667
2012,Blake,104,6,17.333
2012,Parker,102,12,8.5
2012,Jayden,81,8,10.125
2012,Hayden,73,41,1.78
2012,Jordan,55,12,4.583
2012,Sawyer,50,12,4.167
2012,Charlie,40,19,2.105
2012,Riley,33,46,0.717
2012,Angel,30,12,2.5
2012,Peyton,26,44,0.591
2012,Drew,24,7,3.429
2012,Avery,21,123,0.171
2012,Rowan,21,15,1.4
2012,Elliot,20,6,3.333
2012,Dakota,16,8,2.0
2012,Dallas,15,7,2.143
2012,Emerson,14,30,0.467
2012,Justice,14,6,2.333
2012,Quinn,13,45,0.289
2012,Harley,12,5,2.4
2012,Phoenix,11,7,1.571
2012,Reece,11,6,1.833
2012,Finley,7,26,0.269
2012,Payton,7,52,0.135
2012,Reese,7,41,0.171
2012,Sage,7,9,0.778
2012,Taylor,7,42,0.167
2012,Alexis,6,53,0.113
2012,Harper,6,159,0.038
2012,Landry,6,8,0.75
2012,Tatum,5,20,0.25
2012,Teagan,5,15,0.333
2013,Logan,140,11,12.727
2013,Parker,90,12,7.5
2013,Blake,88,10,8.8
2013,Jayden,80,8,10.0
2013,Cameron,69,5,13.8
2013,Hayden,64,48,1.333
2013,Dylan,63,5,12.6
2013,Sawyer,51,16,3.188
2013,Jordan,43,8,5.375
2013,Adrian,42,5,8.4
2013,Charlie,28,16,1.75
2013,Ezra,27,7,3.857
2013,Riley,27,28,0.964
2013,Rowan,27,23,1.174
2013,Avery,26,122,0.213
2013,Angel,23,13,1.769
2013,Elliott,23,7,3.286
2013,Elliot,21,7,3.0
2013,Rylan,21,6,3.5
2013,Peyton,18,65,0.277
2013,Dallas,17,7,2.429
2013,Kinnick,16,5,3.2
2013,Landry,15,9,1.667
2013,Skyler,15,10,1.5
2013,Emerson,14,31,0.452
2013,Sage,14,9,1.556
2013,Tatum,13,16,0.812
2013,Payton,12,45,0.267
2013,Dakota,11,8,1.375
2013,Harley,10,7,1.429
2013,Quinn,10,59,0.169
2013,Taylor,9,29,0.31
2013,Justice,8,5,1.6
2013,Finley,7,23,0.304
2013,Skylar,7,23,0.304
2013,Teagan,7,28,0.25
2013,Lennon,6,7,0.857
2013,Rory,6,5,1.2
2013,Addison,5,104,0.048
2013,Alexis,5,70,0.071
2013,Jamie,5,7,0.714
2014,Carter,138,5,27.6
2014,Hunter,117,6,19.5
2014,Logan,116,8,14.5
2014,Lincoln,108,5,21.6
2014,Parker,104,13,8.0
2014,Dylan,79,9,8.778
2014,Ryker,78,5,15.6
2014,Sawyer,76,25,3.04
2014,Hayden,72,37,1.946
2014,Blake,66,8,8.25
2014,Cameron,63,7,9.0
2014,Jayden,62,8,7.75
2014,Jordan,49,10,4.9
2014,Angel,37,5,7.4
2014,Charlie,28,18,1.556
2014,Rylan,27,5,5.4
2014,Avery,25,131,0.191
2014,Elliot,22,7,3.143
2014,Peyton,21,49,0.429
2014,Riley,21,38,0.553
2014,Dakota,17,8,2.125
2014,Phoenix,14,6,2.333
2014,Emerson,13,24,0.542
2014,Finley,13,29,0.448
2014,River,13,7,1.857
2014,Quinn,12,50,0.24
2014,Rory,12,9,1.333
2014,Landry,11,9,1.222
2014,Lennon,11,9,1.222
2014,Payton,11,43,0.256
2014,Rowan,11,13,0.846
2014,Morgan,10,28,0.357
2014,Tatum,10,13,0.769
2014,Amari,9,5,1.8
2014,Reese,9,31,0.29
2014,Ali,8,9,0.889
2014,Chandler,8,5,1.6
2014,Ellis,8,5,1.6
2014,Harley,8,8,1.0
2014,Skylar,7,29,0.241
2014,Teagan,7,19,0.368
2014,Lyric,5,6,0.833
2014,Reagan,5,37,0.135
2015,Bentley,87,5,17.4
2015,Sawyer,85,20,4.25
2015,Parker,82,21,3.905
2015,Bennett,80,5,16.0
2015,Ryan,61,5,12.2
2015,Dylan,58,12,4.833
2015,Blake,56,10,5.6
2015,Cameron,52,5,10.4
2015,Hayden,51,35,1.457
2015,Jordan,51,11,4.636
2015,Jayden,45,9,5.0
2015,Charlie,31,18,1.722
2015,Elliot,31,11,2.818
2015,Angel,28,7,4.0
2015,Karter,26,6,4.333
2015,Rowan,25,16,1.562
2015,Remington,22,7,3.143
2015,Rory,18,6,3.0
2015,Finley,17,30,0.567
2015,Emerson,16,22,0.727
2015,Phoenix,16,7,2.286
2015,Tatum,16,13,1.231
2015,Dakota,15,8,1.875
2015,Jensen,15,5,3.0
2015,Riley,14,47,0.298
2015,Avery,13,119,0.109
2015,Oakley,12,9,1.333
2015,Landry,11,9,1.222
2015,Peyton,11,39,0.282
2015,Quinn,10,64,0.156
2015,River,10,7,1.429
2015,Lennox,9,8,1.125
2015,Reece,9,6,1.5
2015,Alexis,7,43,0.163
2015,Baylor,7,11,0.636
2015,Emery,7,47,0.149
2015,Harley,7,9,0.778
2015,Lennon,6,20,0.3
2015,Sutton,6,5,1.2
2015,Harper,5,183,0.027
2015,Kamryn,5,11,0.455
2015,Karsyn,5,8,0.625
2015,Payton,5,26,0.192
2015,Skyler,5,7,0.714
2016,Carter,112,7,16.0
2016,Logan,99,8,12.375
2016,Parker,65,17,3.824
2016,Sawyer,58,28,2.071
2016,Hayden,49,36,1.361
2016,Dylan,48,14,3.429
2016,Blake,44,13,3.385
2016,Elliott,29,17,1.706
2016,Remington,28,16,1.75
2016,Elliot,26,11,2.364
2016,Rowan,26,27,0.963
2016,Charlie,24,25,0.96
2016,Rylan,24,6,4.0
2016,Finley,21,38,0.553
2016,River,21,11,1.909
2016,Spencer,21,5,4.2
2016,Avery,20,80,0.25
2016,Rory,19,9,2.111
2016,Finnley,17,5,3.4
2016,Dallas,16,5,3.2
2016,Riley,15,60,0.25
2016,Emerson,13,27,0.481
2016,Peyton,13,34,0.382
2016,Quinn,13,83,0.157
2016,Phoenix,12,5,2.4
2016,Morgan,11,21,0.524
2016,Oakley,11,17,0.647
2016,Tatum,11,18,0.611
2016,Lennon,10,16,0.625
2016,Dakota,9,10,0.9
2016,Sage,9,13,0.692
2016,Taylor,9,27,0.333
2016,Ali,8,7,1.143
2016,Amari,8,5,1.6
2016,Landry,8,6,1.333
2016,Leighton,7,15,0.467
2016,Lennox,7,6,1.167
2016,Reese,7,30,0.233
2016,Skyler,7,5,1.4
2016,Alexis,6,31,0.194
2016,Ariel,6,16,0.375
2016,Baylor,6,11,0.545
2016,Blair,6,15,0.4
2016,Harley,6,14,0.429
2016,Reagan,6,35,0.171
2016,Reece,6,5,1.2
2016,Teagan,6,21,0.286
2016,Addison,5,101,0.05
2016,Eden,5,32,0.156
2016,Emery,5,60,0.083
2016,Kamryn,5,9,0.556
2016,Kendall,5,16,0.312
2016,Remy,5,8,0.625
2017,Logan,120,10,12.0
2017,Sawyer,91,30,3.033
2017,Parker,69,13,5.308
2017,Hunter,63,7,9.0
2017,Cameron,46,6,7.667
2017,Dylan,46,7,6.571
2017,Elliott,42,7,6.0
2017,Blake,41,10,4.1
2017,Jordan,40,11,3.636
2017,Ryan,39,10,3.9
2017,Rowan,37,27,1.37
2017,Hayden,36,25,1.44
2017,Charlie,35,22,1.591
2017,Elliot,31,8,3.875
2017,Remington,30,13,2.308
2017,Avery,29,87,0.333
2017,River,22,13,1.692
2017,Emerson,21,22,0.955
2017,Phoenix,20,15,1.333
2017,Angel,18,6,3.0
2017,Finley,17,48,0.354
2017,Riley,17,47,0.362
2017,Dakota,16,12,1.333
2017,Drew,14,5,2.8
2017,Rylan,14,5,2.8
2017,Oakley,12,13,0.923
2017,Lennox,11,14,0.786
2017,Landry,10,6,1.667
2017,Lennon,10,16,0.625
2017,Tatum,10,12,0.833
2017,Baylor,8,7,1.143
2017,Leighton,8,13,0.615
2017,Quinn,8,62,0.129
2017,Sage,8,12,0.667
2017,Emery,7,43,0.163
2017,Peyton,7,38,0.184
2017,Jamie,6,5,1.2
2017,Reese,6,31,0.194
2017,Ariel,5,14,0.357
2017,Harley,5,18,0.278
2017,Lyric,5,6,0.833
2017,Payton,5,15,0.333
2017,Reagan,5,36,0.139
2017,Skylar,5,24,0.208
2017,Skyler,5,8,0.625
2018,Lincoln,135,6,22.5
2018,Logan,92,9,10.222
2018,Sawyer,71,30,2.367
2018,Cameron,58,5,11.6
2018,Parker,54,21,2.571
2018,Hayden,52,30,1.733
2018,Rowan,45,20,2.25
2018,Jordan,43,9,4.778
2018,Ryan,43,6,7.167
2018,Dylan,41,10,4.1
2018,Jayden,40,5,8.0
2018,Elliott,39,12,3.25
2018,Blake,32,15,2.133
2018,Elliot,32,10,3.2
2018,Charlie,29,16,1.812
2018,Angel,28,9,3.111
2018,River,26,13,2.0
2018,Remington,25,16,1.562
2018,Avery,22,92,0.239
2018,Huxley,21,6,3.5
2018,Finley,19,28,0.679
2018,Dakota,18,6,3.0
2018,Quinn,16,59,0.271
2018,Riley,16,46,0.348
2018,Spencer,14,9,1.556
2018,Lennox,13,13,1.0
2018,Finnley,12,5,2.4
2018,Tatum,12,14,0.857
2018,Emerson,8,35,0.229
2018,Oakley,8,16,0.5
2018,Peyton,8,27,0.296
2018,Aspen,7,19,0.368
2018,Rory,7,12,0.583
2018,Amari,6,5,1.2
2018,Harley,6,12,0.5
2018,Kamryn,6,9,0.667
2018,Leighton,6,16,0.375
2018,Reese,6,17,0.353
2018,Reece,5,5,1.0
2018,Remy,5,9,0.556
2018,Sage,5,8,0.625
2018,Sutton,5,12,0.417
2019,Logan,87,13,6.692
2019,Sawyer,63,30,2.1
2019,Rowan,62,21,2.952
2019,Parker,56,27,2.074
2019,Dylan,39,7,5.571
2019,Jordan,33,6,5.5
2019,Elliot,30,6,5.0
2019,Hayden,30,22,1.364
2019,Charlie,29,18,1.611
2019,Micah,29,6,4.833
2019,River,29,19,1.526
2019,Angel,27,6,4.5
2019,Blake,27,17,1.588
2019,Elliott,27,11,2.455
2019,Remington,27,18,1.5
2019,Phoenix,24,14,1.714
2019,Ryan,24,5,4.8
2019,Avery,20,98,0.204
2019,Emerson,20,30,0.667
2019,Lennox,18,9,2.0
2019,Riley,18,48,0.375
2019,Finley,16,35,0.457
2019,Dakota,14,8,1.75
2019,Tatum,14,14,1.0
2019,Rylan,12,8,1.5
2019,Lennon,10,15,0.667
2019,Oakley,10,18,0.556
2019,Sage,10,16,0.625
2019,Landry,8,8,1.0
2019,Leighton,8,18,0.444
2019,Rory,8,16,0.5
2019,Sutton,8,17,0.471
2019,Alexis,7,12,0.583
2019,Briar,7,10,0.7
2019,Baylor,6,5,1.2
2019,Harley,6,11,0.545
2019,Layne,6,6,1.0
2019,Reese,6,25,0.24
2019,Denver,5,5,1.0
2019,Finnley,5,6,0.833
2019,Peyton,5,29,0.172
2019,Quinn,5,55,0.091
2019,Reagan,5,47,0.106
2020,Noah,130,5,26.0
2020,Logan,68,10,6.8
2020,Ezra,65,10,6.5
2020,Sawyer,57,29,1.966
2020,Cameron,47,5,9.4
2020,Hayden,45,34,1.324
2020,Elliott,44,8,5.5
2020,Rowan,44,13,3.385
2020,River,43,16,2.688
2020,Elliot,35,8,4.375
2020,Parker,35,25,1.4
2020,August,34,5,6.8
2020,Charlie,31,30,1.033
2020,Dylan,29,5,5.8
2020,Jordan,28,10,2.8
2020,Huxley,27,6,4.5
2020,Ryan,26,5,5.2
2020,Riley,25,35,0.714
2020,Remington,24,15,1.6
2020,Karter,19,6,3.167
2020,Angel,18,6,3.0
2020,Blake,18,18,1.0
2020,Oakley,18,18,1.0
2020,Emerson,17,29,0.586
2020,Rory,16,24,0.667
2020,Phoenix,15,19,0.789
2020,Baylor,14,12,1.167
2020,Dallas,14,5,2.8
2020,Layne,14,10,1.4
2020,Sutton,13,18,0.722
2020,Avery,12,69,0.174
2020,Finley,12,30,0.4
2020,Lennox,12,7,1.714
2020,Quinn,11,54,0.204
2020,Briar,10,11,0.909
2020,Emery,10,42,0.238
2020,Quincy,10,6,1.667
2020,Tatum,10,11,0.909
2020,Dakota,9,5,1.8
2020,Ellis,9,11,0.818
2020,Salem,9,10,0.9
2020,Amari,8,9,0.889
2020,Memphis,8,5,1.6
2020,Sage,8,12,0.667
2020,Armani,7,5,1.4
2020,Landry,7,6,1.167
2020,Leighton,7,14,0.5
2020,Remy,7,13,0.538
2020,Lennon,6,30,0.2
2020,Peyton,6,31,0.194
2020,Denver,5,5,1.0
2020,Eden,5,30,0.167
2020,Kingsley,5,7,0.714
2020,Morgan,5,18,0.278
2021,Noah,137,6,22.833
2021,Lincoln,93,6,15.5
2021,Carter,79,8,9.875
2021,Logan,60,14,4.286
2021,Sawyer,58,23,2.522
2021,Hayden,53,25,2.12
2021,Rowan,52,23,2.261
2021,Parker,47,30,1.567
2021,Dylan,45,7,6.429
2021,River,43,31,1.387
2021,Elliott,32,9,3.556
2021,Charlie,26,24,1.083
2021,Remington,25,11,2.273
2021,Angel,24,7,3.429
2021,Jordan,24,9,2.667
2021,Rory,24,16,1.5
2021,Blake,23,22,1.045
2021,Oakley,21,31,0.677
2021,Tatum,20,21,0.952
2021,Ellis,19,8,2.375
2021,Baylor,18,9,2.0
2021,Finley,16,24,0.667
2021,Avery,15,87,0.172
2021,Lennox,15,7,2.143
2021,Phoenix,15,7,2.143
2021,Amari,14,5,2.8
2021,Riley,14,38,0.368
2021,Sutton,13,24,0.542
2021,Memphis,12,5,2.4
2021,Spencer,12,7,1.714
2021,Peyton,11,36,0.306
2021,Drew,10,12,0.833
2021,Emerson,10,25,0.4
2021,Dakota,9,6,1.5
2021,Quinn,9,57,0.158
2021,Sage,8,14,0.571
2021,Denver,6,7,0.857
2021,Eden,6,26,0.231
2021,Emery,6,42,0.143
2021,Harley,6,9,0.667
2021,Karsyn,6,11,0.545
2021,Layne,6,5,1.2
2021,Leighton,6,8,0.75
2021,Lennon,6,41,0.146
2021,Remy,6,12,0.5
2021,Salem,6,8,0.75
2021,Ariel,5,11,0.455
2021,Chandler,5,5,1.0
2021,Nova,5,58,0.086
2021,Reese,5,20,0.25
