YOB,Name,mFrequency,fFrequency,mForF
1912,Marion,7,6,1.167
1915,Marion,13,11,1.182
1915,Alma,7,12,0.583
1916,Marion,17,11,1.545
1916,Merle,6,8,0.75
1917,Marion,14,17,0.824
1917,Merle,9,5,1.8
1918,Marion,18,14,1.286
1918,Merle,6,8,0.75
1919,Marion,8,11,0.727
1919,Merle,7,6,1.167
1920,Marion,16,15,1.067
1920,Merle,8,6,1.333
1920,Alma,6,13,0.462
1920,Fay,5,6,0.833
1921,Gene,13,5,2.6
1921,Marion,13,15,0.867
1921,Merle,8,9,0.889
1921,Jean,7,35,0.2
1922,Marion,13,12,1.083
1922,Alma,5,13,0.385
1923,Marion,11,7,1.571
1923,Merle,5,7,0.714
1924,Marion,8,12,0.667
1924,Merle,6,5,1.2
1924,Alma,5,8,0.625
1925,Marion,16,9,1.778
1926,Marion,14,10,1.4
1926,Billie,5,12,0.417
1926,Cleo,5,13,0.385
1927,Marion,6,10,0.6
1928,Marion,9,8,1.125
1928,Cleo,6,10,0.6
1929,Marion,8,9,0.889
1931,Kay,8,5,1.6
1932,Kay,12,7,1.714
1932,Cleo,5,6,0.833
1932,Pat,5,7,0.714
1933,Jerry,47,5,9.4
1933,Kay,11,7,1.571
1933,Gail,7,5,1.4
1934,Kay,11,15,0.733
1934,Marion,7,8,0.875
1934,Lavon,5,6,0.833
1935,Jerry,66,6,11.0
1935,Kay,7,24,0.292
1935,Billie,5,8,0.625
1936,Kay,6,25,0.24
1937,Dee,10,5,2.0
1937,Gail,8,15,0.533
1937,Marion,8,5,1.6
1937,Kay,6,35,0.171
1937,Carol,5,112,0.045
1938,Jerry,89,5,17.8
1938,Kay,11,21,0.524
1938,Pat,9,18,0.5
1938,Jackie,8,9,0.889
1938,Dee,6,6,1.0
1939,Lynn,25,6,4.167
1940,Lynn,39,7,5.571
1940,Lee,22,7,3.143
1940,Kay,8,28,0.286
1940,Jackie,5,5,1.0
1941,Leslie,9,6,1.5
1941,Kay,7,40,0.175
1941,Gayle,6,12,0.5
1942,Lynn,26,7,3.714
1942,Gail,6,9,0.667
1942,Kay,5,34,0.147
1942,Pat,5,14,0.357
1943,Terry,48,8,6.0
1943,Lynn,34,12,2.833
1943,Leslie,12,8,1.5
1943,Marion,11,6,1.833
1943,Jackie,8,18,0.444
1943,Jan,6,7,0.857
1943,Pat,6,20,0.3
1944,Terry,55,9,6.111
1944,Lynn,42,5,8.4
1944,Leslie,14,7,2.0
1944,Gail,6,11,0.545
1944,Pat,5,16,0.312
1945,Terry,62,7,8.857
1945,Lynn,26,11,2.364
1945,Gail,8,16,0.5
1945,Dee,5,11,0.455
1945,Kay,5,23,0.217
1945,Pat,5,13,0.385
1946,Terry,96,9,10.667
1946,Jerry,90,7,12.857
1946,Lynn,40,10,4.0
1946,Lee,23,9,2.556
1946,Leslie,21,13,1.615
1946,Pat,13,18,0.722
1946,Robin,6,7,0.857
1947,Terry,119,18,6.611
1947,Lee,27,10,2.7
1947,Lynn,26,17,1.529
1947,Leslie,22,19,1.158
1947,Dana,7,8,0.875
1947,Jackie,7,15,0.467
1947,Jan,6,10,0.6
1947,Kay,5,36,0.139
1947,Marion,5,6,0.833
1947,Pat,5,9,0.556
1948,Terry,112,11,10.182
1948,Lynn,31,9,3.444
1948,Lee,17,6,2.833
1948,Leslie,15,13,1.154
1948,Pat,9,9,1.0
1948,Robin,7,12,0.583
1948,Dana,6,5,1.2
1948,Jan,6,15,0.4
1948,Jackie,5,8,0.625
1949,Terry,98,23,4.261
1949,Jerry,87,6,14.5
1949,Lynn,41,19,2.158
1949,Lee,18,7,2.571
1949,Leslie,13,16,0.812
1949,Dee,7,6,1.167
1949,Gail,7,24,0.292
1949,Robin,7,6,1.167
1949,Jackie,5,10,0.5
1950,Terry,97,19,5.105
1950,Dale,45,5,9.0
1950,Lynn,35,14,2.5
1950,Chris,15,5,3.0
1950,Lee,12,9,1.333
1950,Kerry,9,6,1.5
1950,Leslie,9,19,0.474
1950,Jan,5,15,0.333
1950,Kay,5,35,0.143
1951,Terry,116,22,5.273
1951,Lynn,30,19,1.579
1951,Kerry,17,7,2.429
1951,Lee,12,9,1.333
1951,Leslie,11,19,0.579
1951,Robin,9,12,0.75
1952,Terry,73,16,4.562
1952,Kim,51,10,5.1
1952,Kelly,33,7,4.714
1952,Lynn,26,14,1.857
1952,Leslie,23,13,1.769
1952,Kerry,15,10,1.5
1952,Lee,15,7,2.143
1952,Dana,10,7,1.429
1952,Robin,8,12,0.667
1952,Dee,6,5,1.2
1953,Terry,87,21,4.143
1953,Kim,48,15,3.2
1953,Lynn,28,21,1.333
1953,Kelly,26,5,5.2
1953,Kerry,18,7,2.571
1953,Leslie,14,19,0.737
1953,Lee,13,6,2.167
1953,Robin,12,26,0.462
1953,Dana,6,10,0.6
1954,Terry,103,31,3.323
1954,Kim,55,20,2.75
1954,Kelly,40,7,5.714
1954,Lynn,27,22,1.227
1954,Lee,20,9,2.222
1954,Tracy,17,9,1.889
1954,Leslie,12,27,0.444
1954,Dana,11,5,2.2
1954,Robin,7,32,0.219
1954,Dee,6,9,0.667
1955,Terry,84,20,4.2
1955,Kim,52,32,1.625
1955,Kelly,31,10,3.1
1955,Kerry,30,6,5.0
1955,Lynn,22,19,1.158
1955,Leslie,20,24,0.833
1955,Lee,14,11,1.273
1955,Robin,13,20,0.65
1955,Chris,12,7,1.714
1955,Tracy,9,10,0.9
1955,Dana,7,9,0.778
1955,Jody,5,11,0.455
1956,Terry,90,24,3.75
1956,Kelly,49,15,3.267
1956,Kim,40,46,0.87
1956,Lynn,26,18,1.444
1956,Leslie,15,26,0.577
1956,Robin,15,32,0.469
1956,Tracy,10,17,0.588
1956,Lee,9,9,1.0
1956,Jan,6,35,0.171
1957,Terry,77,24,3.208
1957,Kelly,62,27,2.296
1957,Kim,42,54,0.778
1957,Kerry,27,7,3.857
1957,Chris,25,9,2.778
1957,Lynn,25,19,1.316
1957,Leslie,19,30,0.633
1957,Tracy,18,22,0.818
1957,Lee,12,10,1.2
1957,Dana,8,11,0.727
1957,Robin,5,36,0.139
1958,Kelly,88,53,1.66
1958,Terry,75,21,3.571
1958,Kim,33,42,0.786
1958,Chris,27,8,3.375
1958,Kerry,21,5,4.2
1958,Lee,21,5,4.2
1958,Leslie,13,37,0.351
1958,Lynn,13,17,0.765
1958,Robin,13,34,0.382
1958,Tracy,10,13,0.769
1958,Dana,7,17,0.412
1958,Jody,7,22,0.318
1959,Kelly,90,49,1.837
1959,Terry,76,21,3.619
1959,Chris,28,7,4.0
1959,Kim,19,43,0.442
1959,Lee,16,10,1.6
1959,Lynn,16,8,2.0
1959,Leslie,15,28,0.536
1959,Tracy,13,26,0.5
1959,Robin,10,50,0.2
1959,Jody,5,11,0.455
1960,Kelly,74,56,1.321
1960,Terry,71,18,3.944
1960,Tracy,40,48,0.833
1960,Chris,36,7,5.143
1960,Lynn,21,8,2.625
1960,Kim,20,65,0.308
1960,Jody,15,16,0.938
1960,Lee,12,9,1.333
1960,Leslie,11,22,0.5
1960,Shawn,11,5,2.2
1960,Dana,8,14,0.571
1960,Robin,8,39,0.205
1960,Kris,6,5,1.2
1961,Kelly,62,53,1.17
1961,Terry,56,14,4.0
1961,Tracy,35,49,0.714
1961,Chris,34,8,4.25
1961,Kim,21,36,0.583
1961,Lynn,17,14,1.214
1961,Shawn,17,6,2.833
1961,Robin,9,68,0.132
1961,Leslie,6,33,0.182
1961,Dana,5,13,0.385
1961,Dee,5,6,0.833
1961,Jamie,5,15,0.333
1961,Kelley,5,5,1.0
1961,Stacy,5,7,0.714
1962,Kelly,46,50,0.92
1962,Terry,45,12,3.75
1962,Chris,35,10,3.5
1962,Tracy,24,42,0.571
1962,Lynn,20,9,2.222
1962,Kim,17,54,0.315
1962,Kerry,12,5,2.4
1962,Robin,10,44,0.227
1962,Stacy,9,12,0.75
1962,Jody,6,20,0.3
1962,Stacey,6,12,0.5
1963,Kelly,56,59,0.949
1963,Terry,50,10,5.0
1963,Chris,31,11,2.818
1963,Tracy,29,47,0.617
1963,Lynn,17,8,2.125
1963,Kerry,14,5,2.8
1963,Kim,9,34,0.265
1963,Leslie,8,16,0.5
1963,Robin,8,38,0.211
1963,Kris,7,8,0.875
1963,Dana,6,22,0.273
1963,Jody,6,11,0.545
1963,Dee,5,7,0.714
1963,Jamie,5,12,0.417
1963,Stacey,5,10,0.5
1964,Kelly,36,49,0.735
1964,Shawn,36,12,3.0
1964,Terry,35,6,5.833
1964,Chris,31,9,3.444
1964,Tracy,17,36,0.472
1964,Kim,15,40,0.375
1964,Leslie,12,24,0.5
1964,Robin,12,32,0.375
1964,Jamie,10,10,1.0
1964,Lynn,9,12,0.75
1964,Shannon,8,35,0.229
1964,Dana,7,24,0.292
1964,Jody,5,8,0.625
1965,Shawn,38,5,7.6
1965,Terry,38,7,5.429
1965,Kelly,31,37,0.838
1965,Chris,27,7,3.857
1965,Tracy,16,57,0.281
1965,Lee,7,5,1.4
1965,Robin,6,33,0.182
1965,Shannon,6,30,0.2
1965,Kim,5,33,0.152
1966,Kelly,45,32,1.406
1966,Chris,30,6,5.0
1966,Tracy,23,38,0.605
1966,Kim,14,35,0.4
1966,Lynn,14,12,1.167
1966,Kerry,11,5,2.2
1966,Robin,10,28,0.357
1966,Leslie,9,22,0.409
1966,Shannon,7,38,0.184
1966,Dana,6,17,0.353
1966,Stacey,6,16,0.375
1966,Stacy,6,12,0.5
1967,Shawn,54,6,9.0
1967,Kelly,33,45,0.733
1967,Tracy,26,38,0.684
1967,Chris,24,5,4.8
1967,Stacy,17,18,0.944
1967,Stacey,16,20,0.8
1967,Jamie,10,11,0.909
1967,Jody,9,16,0.562
1967,Kim,8,29,0.276
1967,Leslie,8,25,0.32
1967,Lynn,7,7,1.0
1968,Kelly,45,30,1.5
1968,Chris,21,5,4.2
1968,Stacy,19,17,1.118
1968,Tracy,15,41,0.366
1968,Lee,10,6,1.667
1968,Stacey,10,17,0.588
1968,Kim,9,35,0.257
1968,Dana,7,11,0.636
1968,Jody,7,11,0.636
1968,Kerry,7,8,0.875
1968,Jamie,5,15,0.333
1968,Shannon,5,42,0.119
1969,Shawn,52,7,7.429
1969,Kelly,28,29,0.966
1969,Stacy,11,26,0.423
1969,Tracy,10,37,0.27
1969,Jody,9,20,0.45
1969,Kim,8,20,0.4
1969,Lee,8,5,1.6
1969,Jamie,6,15,0.4
1969,Kerry,6,7,0.857
1969,Stacey,5,24,0.208
1970,Michael,264,5,52.8
1970,Kelly,42,36,1.167
1970,Jamie,13,18,0.722
1970,Tracy,12,41,0.293
1970,Stacy,8,25,0.32
1970,Jody,7,23,0.304
1970,Kerry,7,10,0.7
1970,Shannon,7,53,0.132
1970,Kim,6,26,0.231
1970,Stacey,6,27,0.222
1970,Leslie,5,24,0.208
1971,Shawn,78,10,7.8
1971,Kelly,31,20,1.55
1971,Jody,12,7,1.714
1971,Tracy,12,34,0.353
1971,Jamie,11,13,0.846
1971,Dana,6,21,0.286
1971,Shannon,6,68,0.088
1971,Stacy,6,34,0.176
1972,Shawn,63,5,12.6
1972,Kelly,30,15,2.0
1972,Tracy,19,32,0.594
1972,Jamie,14,16,0.875
1972,Shannon,6,60,0.1
1972,Erin,5,20,0.25
1972,Jody,5,13,0.385
1972,Robin,5,21,0.238
1973,Aaron,59,6,9.833
1973,Kelly,28,24,1.167
1973,Tracy,20,30,0.667
1973,Casey,18,5,3.6
1973,Jamie,13,18,0.722
1973,Shannon,6,49,0.122
1973,Stacey,6,22,0.273
1973,Jody,5,13,0.385
1973,Kerry,5,7,0.714
1974,Michael,227,5,45.4
1974,Shawn,66,5,13.2
1974,Casey,34,12,2.833
1974,Kelly,32,27,1.185
1974,Jamie,14,32,0.438
1974,Jody,10,13,0.769
1974,Tracy,8,34,0.235
1974,Shannon,7,52,0.135
1974,Dana,6,18,0.333
1974,Stacey,6,15,0.4
1974,Shelby,5,9,0.556
1975,Casey,44,6,7.333
1975,Kelly,34,23,1.478
1975,Jamie,26,30,0.867
1975,Lee,9,5,1.8
1975,Tracy,9,20,0.45
1975,Angel,5,12,0.417
1975,Jaime,5,8,0.625
1976,Aaron,105,5,21.0
1976,Kelly,31,35,0.886
1976,Jamie,23,111,0.207
1976,Tracy,8,23,0.348
1976,Jody,6,11,0.545
1976,Dana,5,12,0.417
1976,Erin,5,44,0.114
1976,Jaime,5,44,0.114
1976,Robin,5,17,0.294
1977,Casey,41,8,5.125
1977,Kelly,30,55,0.545
1977,Jamie,15,90,0.167
1977,Jody,13,13,1.0
1977,Dana,7,15,0.467
1977,Ashley,6,12,0.5
1977,Courtney,6,12,0.5
1977,Jaime,6,35,0.171
1977,Shannon,5,39,0.128
1977,Whitney,5,7,0.714
1978,Cody,58,7,8.286
1978,Casey,47,5,9.4
1978,Kelly,25,42,0.595
1978,Jamie,11,92,0.12
1978,Kasey,6,7,0.857
1978,Shannon,6,48,0.125
1978,Jaime,5,20,0.25
1978,Tracy,5,26,0.192
1979,Michael,280,7,40.0
1979,John,150,5,30.0
1979,Casey,49,17,2.882
1979,Kelly,27,55,0.491
1979,Joey,12,7,1.714
1979,Tracy,7,14,0.5
1979,Erin,6,53,0.113
1979,Jamie,6,106,0.057
1979,Jessie,6,6,1.0
1979,Dana,5,13,0.385
1980,Jesse,55,5,11.0
1980,Casey,48,7,6.857
1980,Kelly,27,37,0.73
1980,Jamie,9,84,0.107
1980,Morgan,8,9,0.889
1980,Dana,5,15,0.333
1980,Jaime,5,9,0.556
1980,Jessie,5,12,0.417
1980,Kelsey,5,6,0.833
1981,Casey,44,11,4.0
1981,Kelly,17,26,0.654
1981,Morgan,10,15,0.667
1981,Kasey,8,8,1.0
1981,Jamie,7,74,0.095
1981,Jessie,7,14,0.5
1981,Leslie,7,18,0.389
1981,Jaime,6,7,0.857
1982,Cody,60,6,10.0
1982,Casey,50,9,5.556
1982,Kelly,17,31,0.548
1982,Jamie,15,64,0.234
1982,Kasey,11,10,1.1
1982,Jaime,8,17,0.471
1982,Morgan,8,13,0.615
1982,Courtney,7,32,0.219
1982,Jessie,6,14,0.429
1982,Tracy,6,11,0.545
1983,Jordan,40,6,6.667
1983,Casey,38,9,4.222
1983,Kelly,18,27,0.667
1983,Jessie,7,8,0.875
1983,Kasey,7,5,1.4
1983,Morgan,7,11,0.636
1983,Jaime,5,6,0.833
1983,Jamie,5,71,0.07
1984,Cody,107,6,17.833
1984,Casey,48,17,2.824
1984,Jordan,43,6,7.167
1984,Kelly,16,20,0.8
1984,Morgan,15,14,1.071
1984,Kasey,10,5,2.0
1984,Jessie,8,8,1.0
1984,Jaime,7,8,0.875
1984,Jamie,7,68,0.103
1985,Ryan,134,5,26.8
1985,Casey,47,8,5.875
1985,Jordan,47,10,4.7
1985,Kelly,20,35,0.571
1985,Morgan,8,17,0.471
1985,Jaime,7,9,0.778
1986,Michael,245,5,49.0
1986,Jordan,53,11,4.818
1986,Casey,49,11,4.455
1986,Kelly,12,20,0.6
1986,Morgan,8,12,0.667
1986,Jamie,7,55,0.127
1986,Kasey,6,8,0.75
1986,Jaime,5,9,0.556
1987,Cody,107,6,17.833
1987,Jordan,63,15,4.2
1987,Casey,49,7,7.0
1987,Morgan,13,18,0.722
1987,Kelly,12,20,0.6
1987,Kasey,10,6,1.667
1987,Jamie,8,36,0.222
1988,Jordan,77,18,4.278
1988,Casey,36,10,3.6
1988,Taylor,27,6,4.5
1988,Morgan,10,9,1.111
1988,Jamie,9,38,0.237
1988,Kelly,7,8,0.875
1988,Jessie,6,11,0.545
1989,Jordan,92,30,3.067
1989,Casey,42,8,5.25
1989,Taylor,36,15,2.4
1989,Morgan,12,15,0.8
1989,Jamie,10,36,0.278
1989,Kelly,10,14,0.714
1989,Adrian,8,5,1.6
1989,Kasey,5,6,0.833
1989,Mackenzie,5,7,0.714
1990,Jordan,94,52,1.808
1990,Casey,57,8,7.125
1990,Taylor,57,37,1.541
1990,Riley,17,6,2.833
1990,Kelly,15,15,1.0
1990,Dakota,11,5,2.2
1990,Morgan,11,24,0.458
1990,Kasey,8,7,1.143
1990,Jade,6,7,0.857
1990,Shelby,5,27,0.185
1991,Jordan,126,37,3.405
1991,Taylor,80,43,1.86
1991,Jesse,46,5,9.2
1991,Logan,38,7,5.429
1991,Alex,34,7,4.857
1991,Morgan,11,26,0.423
1991,Devon,9,5,1.8
1991,Jessie,9,6,1.5
1991,Jamie,8,27,0.296
1991,Shelby,8,58,0.138
1991,Angel,6,5,1.2
1991,Devan,6,5,1.2
1991,Kelly,6,9,0.667
1992,Tyler,184,5,36.8
1992,Jordan,104,43,2.419
1992,Taylor,80,66,1.212
1992,Alex,45,5,9.0
1992,Dakota,31,10,3.1
1992,Casey,29,7,4.143
1992,Riley,20,9,2.222
1992,Morgan,13,44,0.295
1992,Angel,9,9,1.0
1992,Kasey,5,5,1.0
1993,Tyler,164,10,16.4
1993,Jordan,104,50,2.08
1993,Taylor,72,121,0.595
1993,Dakota,54,10,5.4
1993,Logan,38,5,7.6
1993,Riley,21,9,2.333
1993,Morgan,10,48,0.208
1993,Jade,7,11,0.636
1993,Jamie,7,28,0.25
1993,Kendall,7,5,1.4
1993,Kasey,5,5,1.0
1993,Kelly,5,9,0.556
1994,Tyler,190,5,38.0
1994,Jordan,92,39,2.359
1994,Taylor,58,98,0.592
1994,Dakota,46,9,5.111
1994,Alex,40,5,8.0
1994,Riley,30,8,3.75
1994,Hunter,27,7,3.857
1994,Casey,23,7,3.286
1994,Morgan,13,45,0.289
1994,Angel,12,6,2.0
1994,Kendall,10,7,1.429
1994,Jaime,8,5,1.6
1994,Harley,5,6,0.833
1995,Tyler,179,6,29.833
1995,Jordan,97,36,2.694
1995,Dakota,62,15,4.133
1995,Taylor,54,101,0.535
1995,Logan,51,6,8.5
1995,Alex,33,6,5.5
1995,Casey,30,6,5.0
1995,Hunter,29,5,5.8
1995,Riley,27,9,3.0
1995,Morgan,17,61,0.279
1995,Bailey,11,36,0.306
1995,Tristen,11,5,2.2
1995,Jade,9,17,0.529
1995,Alexis,7,59,0.119
1995,Jessie,6,8,0.75
1995,Kasey,5,6,0.833
1995,Payton,5,8,0.625
1995,Shelby,5,42,0.119
1996,Cody,101,5,20.2
1996,Jordan,76,45,1.689
1996,Tristan,66,7,9.429
1996,Taylor,55,100,0.55
1996,Dakota,54,11,4.909
1996,Riley,50,11,4.545
1996,Hunter,37,10,3.7
1996,Devon,16,6,2.667
1996,Morgan,15,63,0.238
1996,Angel,9,7,1.286
1996,Payton,8,7,1.143
1996,Sage,8,6,1.333
1996,Avery,7,6,1.167
1996,Bailey,7,40,0.175
1996,Jade,7,17,0.412
1996,Justice,6,5,1.2
1996,Ashton,5,7,0.714
1997,Jordan,86,43,2.0
1997,Logan,68,8,8.5
1997,Taylor,59,90,0.656
1997,Riley,51,21,2.429
1997,Hunter,48,10,4.8
1997,Dakota,44,6,7.333
1997,Hayden,35,6,5.833
1997,Casey,22,7,3.143
1997,Angel,17,10,1.7
1997,Morgan,15,64,0.234
1997,Micah,13,5,2.6
1997,Payton,12,9,1.333
1997,Bailey,11,45,0.244
1997,Sage,8,9,0.889
1997,Justice,7,7,1.0
1997,Mackenzie,6,30,0.2
1997,Jade,5,20,0.25
1997,Jessie,5,8,0.625
1998,Jordan,85,40,2.125
1998,Hunter,80,7,11.429
1998,Cameron,55,6,9.167
1998,Dakota,51,15,3.4
1998,Taylor,49,85,0.576
1998,Riley,44,17,2.588
1998,Alex,37,5,7.4
1998,Bailey,19,41,0.463
1998,Jayden,17,5,3.4
1998,Casey,16,10,1.6
1998,Alexis,13,70,0.186
1998,Angel,13,6,2.167
1998,Payton,13,7,1.857
1998,Morgan,11,50,0.22
1998,Skylar,8,7,1.143
1998,Harley,6,9,0.667
1998,Kendall,6,8,0.75
1998,Sage,6,15,0.4
1999,Tyler,131,7,18.714
1999,Jordan,77,28,2.75
1999,Hunter,73,8,9.125
1999,Riley,52,23,2.261
1999,Hayden,37,5,7.4
1999,Taylor,34,92,0.37
1999,Skyler,29,5,5.8
1999,Jaden,28,13,2.154
1999,Jayden,20,8,2.5
1999,Morgan,16,44,0.364
1999,Payton,16,10,1.6
1999,Angel,14,5,2.8
1999,Alexis,11,90,0.122
1999,Ashton,11,13,0.846
1999,Bailey,11,47,0.234
1999,Peyton,11,5,2.2
1999,Avery,10,13,0.769
1999,Skylar,7,8,0.875
1999,Jamie,6,10,0.6
1999,Jade,5,15,0.333
1999,Tayler,5,9,0.556
2000,Hunter,101,5,20.2
2000,Cameron,74,8,9.25
2000,Jordan,73,29,2.517
2000,Dakota,43,12,3.583
2000,Riley,43,19,2.263
2000,Jaden,31,7,4.429
2000,Jesse,29,6,4.833
2000,Taylor,29,72,0.403
2000,Jayden,26,7,3.714
2000,Payton,26,15,1.733
2000,Peyton,26,11,2.364
2000,Bailey,22,44,0.5
2000,Morgan,17,43,0.395
2000,Ashton,13,5,2.6
2000,Alexis,5,81,0.062
2000,Harley,5,5,1.0
2000,Jadyn,5,5,1.0
2000,Rylee,5,23,0.217
2000,Sage,5,6,0.833
2001,Cameron,49,6,8.167
2001,Jordan,46,22,2.091
2001,Jayden,39,11,3.545
2001,Riley,37,24,1.542
2001,Taylor,34,84,0.405
2001,Dakota,31,10,3.1
2001,Jaden,28,6,4.667
2001,Skyler,19,7,2.714
2001,Ashton,17,7,2.429
2001,Angel,16,14,1.143
2001,Payton,15,11,1.364
2001,Peyton,11,12,0.917
2001,Bailey,9,52,0.173
2001,Morgan,9,48,0.188
2001,Alexis,7,78,0.09
2001,Avery,6,20,0.3
2001,Jadyn,5,5,1.0
2001,Jaiden,5,6,0.833
2001,Justice,5,6,0.833
2002,Jordan,58,30,1.933
2002,Parker,41,5,8.2
2002,Jayden,38,9,4.222
2002,Riley,38,24,1.583
2002,Jaden,36,8,4.5
2002,Dakota,30,8,3.75
2002,Skyler,26,5,5.2
2002,Angel,24,7,3.429
2002,Taylor,22,75,0.293
2002,Payton,15,16,0.938
2002,Ashton,14,6,2.333
2002,Micah,13,5,2.6
2002,Peyton,13,11,1.182
2002,Alexis,12,83,0.145
2002,Avery,8,26,0.308
2002,Morgan,8,51,0.157
2002,Teagan,7,6,1.167
2002,Harley,6,10,0.6
2003,Tyler,109,5,21.8
2003,Dylan,89,10,8.9
2003,Jordan,53,29,1.828
2003,Hayden,48,5,9.6
2003,Riley,44,20,2.2
2003,Jayden,41,9,4.556
2003,Angel,35,10,3.5
2003,Jaden,33,11,3.0
2003,Taylor,30,63,0.476
2003,Dakota,23,11,2.091
2003,Peyton,18,12,1.5
2003,Alexis,9,88,0.102
2003,Morgan,8,54,0.148
2003,Payton,8,10,0.8
2003,Avery,7,30,0.233
2003,Reese,7,7,1.0
2003,Bailey,6,36,0.167
2003,Jaiden,5,5,1.0
2003,Sage,5,9,0.556
2003,Skylar,5,5,1.0
2004,Tyler,118,6,19.667
2004,Ryan,92,6,15.333
2004,Ashton,50,6,8.333
2004,Jordan,50,18,2.778
2004,Jayden,35,13,2.692
2004,Angel,33,5,6.6
2004,Jaden,33,7,4.714
2004,Riley,33,33,1.0
2004,Alex,30,6,5.0
2004,Payton,25,19,1.316
2004,Dakota,24,16,1.5
2004,Taylor,22,63,0.349
2004,Alexis,15,113,0.133
2004,Morgan,15,52,0.288
2004,Avery,14,33,0.424
2004,Peyton,11,9,1.222
2004,Sage,8,17,0.471
2004,Reese,7,10,0.7
2004,Reece,6,6,1.0
2004,Rylee,6,41,0.146
2004,Skylar,6,8,0.75
2004,Bailey,5,40,0.125
2004,Justice,5,7,0.714
2004,Teagan,5,5,1.0
2005,Tyler,90,5,18.0
2005,Ryan,81,5,16.2
2005,Hayden,48,6,8.0
2005,Angel,43,5,8.6
2005,Parker,40,5,8.0
2005,Riley,36,28,1.286
2005,Jayden,35,11,3.182
2005,Jordan,33,19,1.737
2005,Payton,28,18,1.556
2005,Jaden,23,11,2.091
2005,Peyton,22,17,1.294
2005,Taylor,18,64,0.281
2005,Dakota,17,12,1.417
2005,Morgan,15,51,0.294
2005,Alexis,9,77,0.117
2005,Avery,9,43,0.209
2005,Skylar,9,9,1.0
2005,Harley,6,8,0.75
2005,Teagan,6,8,0.75
2005,Jade,5,22,0.227
2005,Quinn,5,5,1.0
2006,Hayden,63,11,5.727
2006,Hunter,53,6,8.833
2006,Cameron,46,6,7.667
2006,Jordan,45,17,2.647
2006,Riley,43,29,1.483
2006,Angel,41,8,5.125
2006,Alex,35,5,7.0
2006,Jayden,31,9,3.444
2006,Ayden,30,5,6.0
2006,Payton,25,25,1.0
2006,Taylor,24,74,0.324
2006,Jaden,22,7,3.143
2006,Skyler,21,7,3.0
2006,Peyton,18,10,1.8
2006,Dakota,17,11,1.545
2006,Casey,15,7,2.143
2006,Morgan,13,41,0.317
2006,Justice,10,8,1.25
2006,Alexis,9,67,0.134
2006,Avery,8,47,0.17
2006,Charlie,7,5,1.4
2006,Austyn,6,5,1.2
2006,Reece,6,5,1.2
2006,Reese,6,15,0.4
2006,Emery,5,5,1.0
2006,Rylee,5,39,0.128
2006,Teagan,5,8,0.625
2007,Ryan,63,6,10.5
2007,Jayden,54,10,5.4
2007,Hayden,53,12,4.417
2007,Parker,41,6,6.833
2007,Jordan,36,11,3.273
2007,Ashton,32,9,3.556
2007,Taylor,30,78,0.385
2007,Angel,29,5,5.8
2007,Jaden,29,7,4.143
2007,Payton,29,23,1.261
2007,Riley,29,25,1.16
2007,Peyton,25,17,1.471
2007,Morgan,13,31,0.419
2007,Dakota,10,8,1.25
2007,Avery,8,45,0.178
2007,Teagan,8,7,1.143
2007,Alexis,7,73,0.096
2007,Charlie,7,7,1.0
2007,Justice,7,6,1.167
2007,Emerson,6,8,0.75
2007,Reese,6,19,0.316
2008,Jayden,68,7,9.714
2008,Hayden,52,31,1.677
2008,Cameron,45,6,7.5
2008,Angel,44,6,7.333
2008,Riley,43,29,1.483
2008,Jordan,36,8,4.5
2008,Peyton,32,37,0.865
2008,Ashton,24,5,4.8
2008,Taylor,23,61,0.377
2008,Payton,21,17,1.235
2008,Dakota,16,15,1.067
2008,Charlie,12,5,2.4
2008,Quinn,12,5,2.4
2008,Avery,11,51,0.216
2008,Teagan,10,11,0.909
2008,Morgan,9,33,0.273
2008,Alexis,8,77,0.104
2008,Skylar,7,5,1.4
2008,Emerson,5,7,0.714
2008,Rylee,5,26,0.192
2009,Logan,113,5,22.6
2009,Jayden,68,11,6.182
2009,Parker,43,6,7.167
2009,Hayden,36,10,3.6
2009,Jordan,32,15,2.133
2009,Peyton,27,35,0.771
2009,Riley,26,27,0.963
2009,Sawyer,22,5,4.4
2009,Quinn,17,5,3.4
2009,Taylor,16,61,0.262
2009,Bentley,11,8,1.375
2009,Payton,11,36,0.306
2009,Alexis,10,59,0.169
2009,Rowan,10,7,1.429
2009,Teagan,9,7,1.286
2009,Dakota,8,9,0.889
2009,Dallas,8,6,1.333
2009,Avery,7,49,0.143
2009,Justice,7,7,1.0
2009,Morgan,7,21,0.333
2009,Reece,7,5,1.4
2009,Reese,5,13,0.385
2009,Skylar,5,5,1.0
2010,Jayden,42,15,2.8
2010,Peyton,34,30,1.133
2010,Bentley,30,6,5.0
2010,Hayden,30,9,3.333
2010,Riley,26,24,1.083
2010,Jordan,23,7,3.286
2010,Sawyer,22,7,3.143
2010,Quinn,10,8,1.25
2010,Charlie,9,5,1.8
2010,Harley,9,6,1.5
2010,Taylor,9,46,0.196
2010,Avery,8,56,0.143
2010,Dakota,8,13,0.615
2010,Payton,8,36,0.222
2010,Emery,7,17,0.412
2010,Morgan,7,22,0.318
2010,Harper,6,23,0.261
2010,Rowan,6,5,1.2
2010,Alexis,5,48,0.104
2010,Emerson,5,6,0.833
2010,River,5,7,0.714
2011,Bentley,37,8,4.625
2011,Hayden,34,16,2.125
2011,Angel,31,5,6.2
2011,Jordan,28,6,4.667
2011,Riley,27,18,1.5
2011,Peyton,13,35,0.371
2011,Avery,10,54,0.185
2011,River,8,6,1.333
2011,Morgan,7,12,0.583
2011,Quinn,7,10,0.7
2011,Remington,7,5,1.4
2011,Tatum,7,10,0.7
2011,Dakota,6,7,0.857
2011,Payton,6,27,0.222
2011,Taylor,6,30,0.2
2011,Ali,5,6,0.833
2011,Phoenix,5,5,1.0
2011,Reagan,5,21,0.238
2011,Rylee,5,24,0.208
2012,Bentley,46,12,3.833
2012,Parker,45,11,4.091
2012,Sawyer,43,14,3.071
2012,Angel,24,5,4.8
2012,Riley,24,15,1.6
2012,Jordan,20,6,3.333
2012,Dallas,18,5,3.6
2012,Hayden,17,10,1.7
2012,Avery,16,54,0.296
2012,Elliot,11,9,1.222
2012,Payton,9,17,0.529
2012,Taylor,9,22,0.409
2012,Harper,8,41,0.195
2012,Morgan,8,10,0.8
2012,Remington,8,6,1.333
2012,Elliott,7,5,1.4
2012,Rowan,7,6,1.167
2012,Teagan,7,12,0.583
2012,Emery,6,20,0.3
2012,Oakley,6,18,0.333
2012,Phoenix,6,5,1.2
2012,Skylar,6,12,0.5
2012,Charlie,5,8,0.625
2013,Jayden,54,6,9.0
2013,Bentley,48,6,8.0
2013,Hayden,31,14,2.214
2013,Sawyer,29,7,4.143
2013,Ashton,23,5,4.6
2013,Riley,22,14,1.571
2013,Avery,18,56,0.321
2013,Rowan,17,7,2.429
2013,Taylor,14,18,0.778
2013,Remington,12,8,1.5
2013,Payton,10,30,0.333
2013,Charlie,8,9,0.889
2013,Peyton,8,31,0.258
2013,Emerson,7,11,0.636
2013,Tatum,7,6,1.167
2013,River,6,8,0.75
2013,Oakley,5,20,0.25
2013,Quinn,5,18,0.278
2013,Reese,5,16,0.312
2014,Logan,75,5,15.0
2014,Bentley,43,5,8.6
2014,Parker,42,8,5.25
2014,Jayden,39,7,5.571
2014,Sawyer,39,11,3.545
2014,Hayden,25,8,3.125
2014,River,19,13,1.462
2014,Remington,17,9,1.889
2014,Avery,16,73,0.219
2014,Riley,15,20,0.75
2014,Peyton,13,22,0.591
2014,Emerson,11,11,1.0
2014,Finley,11,14,0.786
2014,Charlie,9,14,0.643
2014,Quinn,9,19,0.474
2014,Taylor,9,28,0.321
2014,Dakota,8,5,1.6
2014,Harley,8,12,0.667
2014,Ali,7,5,1.4
2014,Oakley,7,23,0.304
2014,Skyler,7,5,1.4
2014,Tatum,7,5,1.4
2014,Alexis,5,38,0.132
2014,Phoenix,5,5,1.0
2014,Rowan,5,6,0.833
2014,Sage,5,12,0.417
2015,Carter,67,5,13.4
2015,Parker,45,10,4.5
2015,Sawyer,40,10,4.0
2015,Blake,35,7,5.0
2015,Bentley,34,6,5.667
2015,Hayden,19,8,2.375
2015,Riley,12,22,0.545
2015,Elliot,11,6,1.833
2015,Quinn,11,20,0.55
2015,River,11,9,1.222
2015,Remington,10,14,0.714
2015,Charlie,9,17,0.529
2015,Dakota,9,7,1.286
2015,Peyton,9,21,0.429
2015,Taylor,9,17,0.529
2015,Phoenix,8,5,1.6
2015,Rowan,8,5,1.6
2015,Avery,7,67,0.104
2015,Finley,7,17,0.412
2015,Alexis,6,22,0.273
2015,Morgan,6,12,0.5
2015,Oakley,6,29,0.207
2015,Finnley,5,6,0.833
2015,Harper,5,69,0.072
2016,Carter,61,8,7.625
2016,Sawyer,45,20,2.25
2016,Dylan,36,7,5.143
2016,Parker,27,12,2.25
2016,Blake,26,10,2.6
2016,Rowan,19,10,1.9
2016,Remington,18,19,0.947
2016,River,15,12,1.25
2016,Hayden,12,19,0.632
2016,Peyton,11,14,0.786
2016,Charlie,10,13,0.769
2016,Riley,10,38,0.263
2016,Finley,9,13,0.692
2016,Oakley,9,23,0.391
2016,Morgan,8,9,0.889
2016,Phoenix,8,5,1.6
2016,Avery,7,54,0.13
2016,Quinn,7,32,0.219
2016,Sage,6,14,0.429
2016,Taylor,6,13,0.462
2016,Dakota,5,8,0.625
2017,Lincoln,81,5,16.2
2017,Carter,59,5,11.8
2017,Sawyer,38,19,2.0
2017,Bentley,28,7,4.0
2017,Dylan,24,5,4.8
2017,Parker,22,6,3.667
2017,Hayden,20,9,2.222
2017,Rowan,19,7,2.714
2017,Elliot,18,5,3.6
2017,Ryan,18,7,2.571
2017,Remington,17,17,1.0
2017,River,15,14,1.071
2017,Blake,14,9,1.556
2017,Riley,14,24,0.583
2017,Charlie,12,21,0.571
2017,Dallas,12,5,2.4
2017,Finley,9,16,0.562
2017,Avery,8,47,0.17
2017,Oakley,7,31,0.226
2017,Dakota,6,15,0.4
2017,Emerson,6,7,0.857
2017,Peyton,6,19,0.316
2017,Quinn,6,26,0.231
2017,Sage,6,7,0.857
2017,Harley,5,11,0.455
2017,Taylor,5,11,0.455
2018,Logan,68,5,13.6
2018,Sawyer,40,13,3.077
2018,Rowan,34,11,3.091
2018,Parker,25,10,2.5
2018,River,18,17,1.059
2018,Charlie,15,20,0.75
2018,Blake,14,10,1.4
2018,Remington,13,11,1.182
2018,Avery,11,54,0.204
2018,Hayden,11,11,1.0
2018,Phoenix,11,5,2.2
2018,Dakota,8,10,0.8
2018,Remy,8,5,1.6
2018,Tatum,8,5,1.6
2018,Emerson,7,14,0.5
2018,Finley,7,15,0.467
2018,Taylor,7,10,0.7
2018,Leighton,6,6,1.0
2018,Peyton,6,13,0.462
2018,Riley,6,25,0.24
2018,Reese,5,21,0.238
2019,Logan,70,8,8.75
2019,Carter,44,7,6.286
2019,Sawyer,39,10,3.9
2019,Hunter,38,5,7.6
2019,Rowan,38,10,3.8
2019,Parker,33,11,3.0
2019,River,20,12,1.667
2019,Charlie,17,19,0.895
2019,Remington,17,9,1.889
2019,Hayden,16,6,2.667
2019,Blake,15,5,3.0
2019,Phoenix,11,8,1.375
2019,Riley,9,20,0.45
2019,Tatum,9,11,0.818
2019,Finley,8,18,0.444
2019,Avery,6,56,0.107
2019,Morgan,6,7,0.857
2019,Oakley,6,34,0.176
2019,Rory,6,7,0.857
2019,Alexis,5,10,0.5
2019,Leighton,5,10,0.5
2019,Reese,5,13,0.385
2019,Taylor,5,10,0.5
2020,Carter,54,5,10.8
2020,Sawyer,46,18,2.556
2020,Parker,27,8,3.375
2020,Remington,24,13,1.846
2020,Rowan,24,6,4.0
2020,Dylan,21,5,4.2
2020,Hayden,17,8,2.125
2020,River,17,27,0.63
2020,Charlie,14,23,0.609
2020,Elliot,13,7,1.857
2020,Oakley,11,36,0.306
2020,Riley,11,24,0.458
2020,Morgan,10,6,1.667
2020,Emerson,9,10,0.9
2020,Memphis,9,5,1.8
2020,Phoenix,9,5,1.8
2020,Sage,9,14,0.643
2020,Finley,8,10,0.8
2020,Peyton,8,16,0.5
2020,Quinn,7,24,0.292
2020,Avery,6,45,0.133
2020,Dakota,6,6,1.0
2020,Payton,5,7,0.714
2021,Carter,52,5,10.4
2021,Logan,50,9,5.556
2021,Rowan,35,10,3.5
2021,Sawyer,33,22,1.5
2021,Parker,31,17,1.824
2021,Hayden,21,8,2.625
2021,Remington,21,19,1.105
2021,River,21,21,1.0
2021,Blake,18,14,1.286
2021,Charlie,15,20,0.75
2021,Oakley,14,39,0.359
2021,Riley,14,13,1.077
2021,Finley,11,16,0.688
2021,Emerson,10,11,0.909
2021,Karter,9,5,1.8
2021,Avery,8,51,0.157
2021,Quinn,8,19,0.421
2021,Rory,8,6,1.333
2021,Sage,8,24,0.333
2021,Ellis,7,6,1.167
2021,Amari,6,6,1.0
2021,Dallas,6,5,1.2
2021,Harley,6,6,1.0
2021,Morgan,6,12,0.5
2021,Payton,6,12,0.5
2021,Phoenix,6,5,1.2
2021,Peyton,5,14,0.357
2021,Skylar,5,12,0.417
