YOB,Name,mFrequency,fFrequency,mForF
1910,Merle,10,8,1.25
1910,Jessie,5,31,0.161
1911,Marion,13,10,1.3
1911,Merle,10,5,2.0
1912,Marion,33,11,3.0
1912,Merle,20,9,2.222
1912,Fay,6,7,0.857
1913,Lee,40,5,8.0
1913,Merle,29,12,2.417
1913,Marion,28,17,1.647
1913,Cleo,8,13,0.615
1913,Jean,6,18,0.333
1914,Francis,74,7,10.571
1914,Marion,36,15,2.4
1914,Lee,27,6,4.5
1914,Merle,27,5,5.4
1914,Cleo,9,15,0.6
1915,John,593,6,98.833
1915,Francis,97,5,19.4
1915,Cecil,78,6,13.0
1915,Marion,48,12,4.0
1915,Merle,41,11,3.727
1915,Cleo,11,32,0.344
1915,Laverne,11,13,0.846
1915,Gail,9,6,1.5
1915,Fay,6,11,0.545
1915,Ora,5,5,1.0
1915,Pearl,5,70,0.071
1915,Shirley,5,12,0.417
1916,Francis,109,6,18.167
1916,Marion,46,29,1.586
1916,Merle,41,8,5.125
1916,Cleo,20,29,0.69
1916,Gail,17,7,2.429
1916,Laverne,12,15,0.8
1916,Ora,8,10,0.8
1916,Billie,7,10,0.7
1916,Fay,6,15,0.4
1916,Carol,5,14,0.357
1917,Francis,106,13,8.154
1917,Marion,64,30,2.133
1917,Merle,50,8,6.25
1917,Cleo,13,20,0.65
1917,Laverne,13,13,1.0
1917,Ora,6,5,1.2
1917,Shirley,6,17,0.353
1918,Francis,127,6,21.167
1918,Merle,54,5,10.8
1918,Marion,50,16,3.125
1918,Cleo,18,34,0.529
1918,Willie,12,5,2.4
1918,Ora,8,10,0.8
1918,Laverne,7,14,0.5
1918,Gayle,5,8,0.625
1918,Guadalupe,5,5,1.0
1918,Jerry,5,6,0.833
1919,Francis,107,8,13.375
1919,Marion,59,17,3.471
1919,Merle,32,7,4.571
1919,Leslie,25,5,5.0
1919,Laverne,14,10,1.4
1919,Cleo,8,32,0.25
1919,Jean,8,61,0.131
1919,Ora,8,8,1.0
1919,Lorraine,6,33,0.182
1919,Billie,5,20,0.25
1919,Fay,5,10,0.5
1919,Lupe,5,8,0.625
1920,Francis,102,9,11.333
1920,Marion,60,26,2.308
1920,Cecil,54,7,7.714
1920,Lee,49,5,9.8
1920,Gene,39,5,7.8
1920,Billie,18,25,0.72
1920,Cleo,18,29,0.621
1920,Laverne,16,15,1.067
1920,Gail,12,7,1.714
1920,Carmen,5,11,0.455
1920,Carol,5,21,0.238
1920,Jean,5,101,0.05
1921,Francis,127,6,21.167
1921,Marion,63,22,2.864
1921,Cecil,61,10,6.1
1921,Merle,43,10,4.3
1921,Gene,24,5,4.8
1921,Jerry,18,5,3.6
1921,Billie,17,23,0.739
1921,Gail,17,7,2.429
1921,Laverne,14,29,0.483
1921,Jean,13,130,0.1
1921,Cleo,12,34,0.353
1921,Willie,11,5,2.2
1921,Pearl,8,65,0.123
1921,Frankie,6,8,0.75
1921,Shirley,6,56,0.107
1921,Carmen,5,17,0.294
1921,Jessie,5,44,0.114
1921,Lorraine,5,49,0.102
1922,John,650,5,130.0
1922,Francis,117,12,9.75
1922,Marion,45,20,2.25
1922,Billie,22,31,0.71
1922,Jerry,22,5,4.4
1922,Laverne,15,18,0.833
1922,Jean,10,113,0.088
1922,Cleo,9,37,0.243
1922,Carol,5,24,0.208
1923,Robert,984,5,196.8
1923,Francis,101,11,9.182
1923,Marion,72,19,3.789
1923,Billie,25,34,0.735
1923,Jean,16,115,0.139
1923,Cleo,14,27,0.519
1923,Laverne,10,16,0.625
1923,Jerry,8,5,1.6
1923,Frankie,7,9,0.778
1923,Jessie,6,36,0.167
1923,Joy,6,7,0.857
1923,Shirley,5,100,0.05
1924,John,661,6,110.167
1924,Francis,129,11,11.727
1924,Cecil,55,5,11.0
1924,Lee,51,6,8.5
1924,Marion,44,25,1.76
1924,Billie,27,42,0.643
1924,Cleo,19,23,0.826
1924,Lavern,13,5,2.6
1924,Laverne,12,14,0.857
1924,Gail,10,5,2.0
1924,Frankie,7,7,1.0
1924,Jean,7,121,0.058
1924,Ora,6,7,0.857
1924,Carol,5,38,0.132
1924,Joy,5,13,0.385
1925,Billy,140,7,20.0
1925,Francis,112,8,14.0
1925,Gene,64,7,9.143
1925,Marion,57,22,2.591
1925,Cecil,56,5,11.2
1925,Merle,46,8,5.75
1925,Jerry,30,6,5.0
1925,Billie,18,49,0.367
1925,Laverne,16,17,0.941
1925,Cleo,11,13,0.846
1925,Jackie,11,5,2.2
1925,Bobbie,9,8,1.125
1925,Jean,9,106,0.085
1926,John,585,6,97.5
1926,Francis,102,8,12.75
1926,Marion,53,38,1.395
1926,Leslie,42,5,8.4
1926,Billie,32,48,0.667
1926,Jerry,26,9,2.889
1926,Laverne,23,13,1.769
1926,Bobbie,21,8,2.625
1926,Willie,13,5,2.6
1926,Gail,10,6,1.667
1926,Jean,10,116,0.086
1926,Jackie,7,6,1.167
1926,Beverly,6,37,0.162
1926,Carol,6,48,0.125
1926,Cleo,6,16,0.375
1926,Fay,6,5,1.2
1926,Pat,6,8,0.75
1926,Shirley,6,163,0.037
1926,Jessie,5,35,0.143
1926,Ora,5,14,0.357
1927,William,576,5,115.2
1927,John,538,5,107.6
1927,George,300,7,42.857
1927,Francis,102,5,20.4
1927,Merle,68,6,11.333
1927,Marion,64,28,2.286
1927,Billie,41,64,0.641
1927,Jerry,41,7,5.857
1927,Bobbie,32,7,4.571
1927,Jackie,19,9,2.111
1927,Laverne,16,10,1.6
1927,Willie,15,6,2.5
1927,Carol,12,60,0.2
1927,Cleo,11,18,0.611
1927,Frankie,9,5,1.8
1927,Pat,8,15,0.533
1927,Bonnie,5,121,0.041
1927,Jean,5,116,0.043
1927,Jessie,5,30,0.167
1927,Jewell,5,7,0.714
1928,Joe,92,5,18.4
1928,Marion,51,21,2.429
1928,Jerry,47,7,6.714
1928,Billie,31,58,0.534
1928,Jackie,23,6,3.833
1928,Laverne,15,16,0.938
1928,Frankie,9,9,1.0
1928,Jean,9,106,0.085
1928,Willie,9,6,1.5
1928,Carol,8,59,0.136
1928,Pat,8,15,0.533
1928,Ora,7,5,1.4
1928,Frances,5,143,0.035
1929,Robert,971,5,194.2
1929,George,244,5,48.8
1929,Francis,81,6,13.5
1929,Jerry,70,6,11.667
1929,Marion,44,20,2.2
1929,Lee,43,5,8.6
1929,Billie,30,51,0.588
1929,Jackie,26,11,2.364
1929,Laverne,14,7,2.0
1929,Cleo,12,16,0.75
1929,Pat,10,21,0.476
1929,Carol,7,87,0.08
1930,Robert,985,8,123.125
1930,William,452,6,75.333
1930,Jerry,85,6,14.167
1930,Marion,47,18,2.611
1930,Billie,40,38,1.053
1930,Jackie,40,12,3.333
1930,Lee,38,6,6.333
1930,Bobbie,27,12,2.25
1930,Laverne,13,10,1.3
1930,Frankie,8,5,1.6
1930,Beverly,6,135,0.044
1930,Cleo,6,13,0.462
1930,Carol,5,86,0.058
1930,Dorothy,5,380,0.013
1930,Pat,5,20,0.25
1931,Robert,921,12,76.75
1931,Jerry,112,7,16.0
1931,Francis,73,5,14.6
1931,Marion,53,11,4.818
1931,Jackie,42,15,2.8
1931,Bobbie,26,10,2.6
1931,Billie,24,48,0.5
1931,Laverne,11,7,1.571
1931,Pat,11,30,0.367
1931,Jessie,7,16,0.438
1931,Shirley,7,278,0.025
1931,Jean,6,100,0.06
1931,Cleo,5,17,0.294
1932,William,454,5,90.8
1932,Jerry,152,12,12.667
1932,Marion,38,13,2.923
1932,Jackie,33,15,2.2
1932,Billie,22,39,0.564
1932,Bobbie,16,7,2.286
1932,Pat,16,40,0.4
1932,Frankie,12,8,1.5
1932,Gail,12,7,1.714
1932,Laverne,11,7,1.571
1932,Jean,8,79,0.101
1932,Kay,7,10,0.7
1932,Carol,6,124,0.048
1932,Cleo,6,12,0.5
1932,Jessie,5,14,0.357
1933,Jerry,161,6,26.833
1933,Jackie,45,18,2.5
1933,Marion,43,13,3.308
1933,Lee,36,6,6.0
1933,Billie,13,33,0.394
1933,Cleo,13,9,1.444
1933,Gail,10,8,1.25
1933,Frankie,9,5,1.8
1933,Laverne,8,6,1.333
1933,Carol,7,188,0.037
1933,Kay,7,19,0.368
1933,Pat,7,37,0.189
1933,Barbara,5,404,0.012
1933,Jean,5,86,0.058
1934,Jerry,190,12,15.833
1934,Jackie,43,11,3.909
1934,Marion,33,7,4.714
1934,Billie,23,44,0.523
1934,Bobbie,13,5,2.6
1934,Gail,12,5,2.4
1934,Frankie,9,6,1.5
1934,Cleo,8,10,0.8
1934,Gayle,8,6,1.333
1934,Carol,7,199,0.035
1934,Kay,7,38,0.184
1934,Connie,6,49,0.122
1934,Laverne,6,7,0.857
1934,Jan,5,6,0.833
1934,Pat,5,41,0.122
1935,Jerry,197,8,24.625
1935,Jackie,67,20,3.35
1935,Lee,36,5,7.2
1935,Marion,35,16,2.188
1935,Terry,21,6,3.5
1935,Billie,19,32,0.594
1935,Bobbie,12,11,1.091
1935,Gayle,8,11,0.727
1935,Frankie,7,7,1.0
1935,Gail,7,10,0.7
1935,Kay,7,50,0.14
1935,Pat,6,41,0.146
1936,Jerry,245,13,18.846
1936,Jackie,55,23,2.391
1936,Marion,39,6,6.5
1936,Billie,21,25,0.84
1936,Gail,16,11,1.455
1936,Cleo,11,5,2.2
1936,Frankie,11,5,2.2
1936,Laverne,10,5,2.0
1936,Bobbie,8,6,1.333
1936,Jan,8,5,1.6
1936,Kay,8,76,0.105
1936,Pat,8,42,0.19
1936,Gayle,7,15,0.467
1936,Carol,6,277,0.022
1936,Joyce,5,191,0.026
1936,Mary,5,711,0.007
1937,Jerry,235,6,39.167
1937,Jackie,40,13,3.077
1937,Marion,35,8,4.375
1937,Laverne,16,6,2.667
1937,Billie,13,34,0.382
1937,Gail,11,19,0.579
1937,Pat,10,48,0.208
1937,Dee,5,5,1.0
1937,Gerry,5,6,0.833
1937,Kay,5,79,0.063
1938,Jerry,313,8,39.125
1938,Francis,59,5,11.8
1938,Lee,36,6,6.0
1938,Jackie,35,15,2.333
1938,Lynn,16,6,2.667
1938,Billie,12,20,0.6
1938,Carroll,9,9,1.0
1938,Frankie,8,6,1.333
1938,Gail,8,10,0.8
1938,Gayle,8,10,0.8
1938,Bobbie,6,8,0.75
1938,Dee,6,9,0.667
1938,Carol,5,281,0.018
1938,Jan,5,5,1.0
1938,Pat,5,38,0.132
1939,Jerry,296,13,22.769
1939,Terry,47,6,7.833
1939,Jackie,31,14,2.214
1939,Merle,25,5,5.0
1939,Lee,21,6,3.5
1939,Lynn,20,7,2.857
1939,Gail,18,14,1.286
1939,Billie,13,21,0.619
1939,Pat,13,38,0.342
1939,Gayle,8,14,0.571
1939,Jan,7,10,0.7
1939,Carol,5,307,0.016
1939,Gerry,5,5,1.0
1939,Kay,5,88,0.057
1940,Jerry,299,15,19.933
1940,Terry,57,8,7.125
1940,Jackie,37,17,2.176
1940,Lee,29,7,4.143
1940,Marion,23,5,4.6
1940,Lynn,15,6,2.5
1940,Gail,14,18,0.778
1940,Billie,10,17,0.588
1940,Pat,7,25,0.28
1940,Carol,6,328,0.018
1940,Jan,6,7,0.857
1940,Carroll,5,7,0.714
1940,Jessie,5,11,0.455
1941,Jerry,314,8,39.25
1941,Terry,65,5,13.0
1941,Jackie,34,18,1.889
1941,Leslie,28,5,5.6
1941,Lynn,27,5,5.4
1941,Gail,23,16,1.438
1941,Marion,22,5,4.4
1941,Lee,17,5,3.4
1941,Pat,13,52,0.25
1941,Jan,11,16,0.688
1941,Billie,8,26,0.308
1941,Gayle,5,12,0.417
1941,Kay,5,82,0.061
1942,Jerry,322,11,29.273
1942,Terry,109,10,10.9
1942,Leslie,33,8,4.125
1942,Marion,29,10,2.9
1942,Lynn,27,13,2.077
1942,Jackie,22,20,1.1
1942,Lee,20,8,2.5
1942,Jan,12,11,1.091
1942,Pat,10,46,0.217
1942,Gail,9,19,0.474
1942,Billie,8,31,0.258
1943,Jerry,344,18,19.111
1943,Terry,124,12,10.333
1943,Jackie,34,25,1.36
1943,Leslie,30,9,3.333
1943,Lynn,30,8,3.75
1943,Lee,24,5,4.8
1943,Marion,20,7,2.857
1943,Gail,15,20,0.75
1943,Gale,13,5,2.6
1943,Carroll,11,7,1.571
1943,Frankie,10,5,2.0
1943,Jan,10,19,0.526
1943,Pat,8,51,0.157
1943,Dee,7,7,1.0
1943,Gayle,7,23,0.304
1943,Billie,6,35,0.171
1944,Jerry,277,8,34.625
1944,Terry,133,14,9.5
1944,Leslie,45,6,7.5
1944,Lee,35,6,5.833
1944,Jackie,29,28,1.036
1944,Lynn,28,22,1.273
1944,Marion,26,5,5.2
1944,Pat,13,38,0.342
1944,Carroll,12,7,1.714
1944,Billie,9,28,0.321
1944,Jan,9,8,1.125
1944,Gail,8,20,0.4
1944,Frankie,7,6,1.167
1944,Gerry,6,5,1.2
1944,Laurel,6,6,1.0
1944,Cleo,5,5,1.0
1944,Kay,5,71,0.07
1945,Jerry,248,10,24.8
1945,Terry,199,17,11.706
1945,Lynn,38,18,2.111
1945,Leslie,29,14,2.071
1945,Marion,23,5,4.6
1945,Jackie,21,24,0.875
1945,Pat,11,32,0.344
1945,Billie,10,19,0.526
1945,Frankie,9,7,1.286
1945,Chris,7,5,1.4
1945,Gail,6,23,0.261
1945,Linda,6,633,0.009
1945,Bobbie,5,7,0.714
1945,Jan,5,19,0.263
1945,Mickey,5,6,0.833
1946,Jerry,277,9,30.778
1946,Terry,212,37,5.73
1946,Lynn,41,24,1.708
1946,Lee,31,11,2.818
1946,Leslie,28,13,2.154
1946,Jackie,17,28,0.607
1946,Jan,17,26,0.654
1946,Marion,16,10,1.6
1946,Pat,11,35,0.314
1946,Gail,10,28,0.357
1946,Yong,10,6,1.667
1946,Dana,8,24,0.333
1946,Robin,6,7,0.857
1946,Billie,5,25,0.2
1946,Bobbie,5,12,0.417
1946,Carol,5,468,0.011
1946,Gayle,5,22,0.227
1947,Terry,308,44,7.0
1947,Jerry,291,9,32.333
1947,Lynn,43,23,1.87
1947,Leslie,37,19,1.947
1947,Lee,33,7,4.714
1947,Johnnie,30,5,6.0
1947,Jackie,27,24,1.125
1947,Marion,19,7,2.714
1947,Pat,19,37,0.514
1947,Gail,14,40,0.35
1947,Freddie,10,5,2.0
1947,Gale,10,8,1.25
1947,Dana,9,18,0.5
1948,Terry,255,48,5.312
1948,Jerry,249,6,41.5
1948,Lee,37,11,3.364
1948,Leslie,33,19,1.737
1948,Lynn,29,34,0.853
1948,Jackie,24,21,1.143
1948,Chris,21,5,4.2
1948,Pat,19,25,0.76
1948,Gail,13,42,0.31
1948,Jan,13,26,0.5
1948,Dana,12,30,0.4
1948,Mickey,11,6,1.833
1948,Kim,9,5,1.8
1948,Robin,6,6,1.0
1948,Billie,5,29,0.172
1948,Gayle,5,27,0.185
1949,Robert,898,6,149.667
1949,Michael,814,6,135.667
1949,Terry,240,47,5.106
1949,Jerry,226,5,45.2
1949,Leslie,32,23,1.391
1949,Lynn,28,36,0.778
1949,Chris,23,5,4.6
1949,Jackie,22,19,1.158
1949,Dana,20,35,0.571
1949,Marion,17,5,3.4
1949,Jan,12,35,0.343
1949,Gale,11,6,1.833
1949,Pat,11,17,0.647
1949,Robin,9,9,1.0
1949,Billie,7,30,0.233
1949,Gail,6,48,0.125
1949,Jody,6,8,0.75
1949,Gayle,5,28,0.179
1949,Linda,5,1168,0.004
1950,Terry,273,57,4.789
1950,Jerry,223,5,44.6
1950,Dale,139,6,23.167
1950,Lynn,50,27,1.852
1950,Leslie,36,21,1.714
1950,Lee,31,9,3.444
1950,Jackie,21,20,1.05
1950,Dana,18,32,0.562
1950,Kerry,18,5,3.6
1950,Marion,13,5,2.6
1950,Gail,10,51,0.196
1950,Jan,10,36,0.278
1950,Pat,8,7,1.143
1950,Robin,8,18,0.444
1950,Dee,6,13,0.462
1950,Mickey,6,6,1.0
1950,Billie,5,25,0.2
1951,Terry,304,53,5.736
1951,Lynn,55,34,1.618
1951,Leslie,40,26,1.538
1951,Lee,31,7,4.429
1951,Kelly,29,5,5.8
1951,Jackie,25,29,0.862
1951,Kerry,23,11,2.091
1951,Dana,20,29,0.69
1951,Kim,20,6,3.333
1951,Jan,15,40,0.375
1951,Gale,12,5,2.4
1951,Robin,12,18,0.667
1951,Gail,11,95,0.116
1951,Unknown,8,7,1.143
1951,Pat,5,5,1.0
1952,Terry,300,57,5.263
1952,Jerry,256,7,36.571
1952,Dale,163,5,32.6
1952,Leslie,53,31,1.71
1952,Lee,42,8,5.25
1952,Kim,36,16,2.25
1952,Lynn,35,37,0.946
1952,Chris,32,5,6.4
1952,Kerry,26,15,1.733
1952,Dana,20,40,0.5
1952,Gale,20,9,2.222
1952,Jackie,19,25,0.76
1952,Kelly,19,6,3.167
1952,Robin,14,33,0.424
1952,Gail,13,74,0.176
1952,Mickey,10,5,2.0
1952,Dee,5,19,0.263
1952,Gayle,5,41,0.122
1952,Jan,5,52,0.096
1952,Tracy,5,5,1.0
1953,Terry,303,53,5.717
1953,Dale,161,5,32.2
1953,Kim,52,33,1.576
1953,Leslie,44,38,1.158
1953,Lynn,39,33,1.182
1953,Robin,36,42,0.857
1953,Jackie,28,23,1.217
1953,Kerry,27,16,1.688
1953,Lee,27,8,3.375
1953,Kelly,24,9,2.667
1953,Dana,20,48,0.417
1953,Gail,13,68,0.191
1953,Tracy,9,6,1.5
1953,Gale,7,7,1.0
1953,Bobbie,6,7,0.857
1953,Jan,6,65,0.092
1953,Kimberly,6,31,0.194
1954,Terry,309,89,3.472
1954,Jerry,201,8,25.125
1954,Kim,61,37,1.649
1954,Chris,47,6,7.833
1954,Lynn,44,43,1.023
1954,Kelly,39,10,3.9
1954,Leslie,37,31,1.194
1954,Lee,35,15,2.333
1954,Robin,30,91,0.33
1954,Dana,29,45,0.644
1954,Kerry,24,11,2.182
1954,Jackie,22,24,0.917
1954,Gale,17,5,3.4
1954,Marion,16,10,1.6
1954,Tracy,15,14,1.071
1954,Jan,12,61,0.197
1954,Billie,7,28,0.25
1954,Kyle,7,5,1.4
1954,Young,6,10,0.6
1954,Gail,5,96,0.052
1955,Terry,357,97,3.68
1955,Kim,62,65,0.954
1955,Chris,57,9,6.333
1955,Kelly,46,12,3.833
1955,Leslie,41,59,0.695
1955,Dana,36,58,0.621
1955,Robin,36,80,0.45
1955,Kerry,32,13,2.462
1955,Lee,32,24,1.333
1955,Lynn,30,53,0.566
1955,Jackie,18,33,0.545
1955,Tracy,15,14,1.071
1955,Jan,13,50,0.26
1955,Mickey,13,5,2.6
1955,Shawn,12,8,1.5
1955,Johnnie,9,5,1.8
1955,Marion,9,7,1.286
1955,Billie,5,17,0.294
1955,Gayle,5,48,0.104
1955,Stacy,5,6,0.833
1956,Terry,303,78,3.885
1956,Dale,139,6,23.167
1956,Kelly,68,16,4.25
1956,Kim,63,143,0.441
1956,Lee,41,17,2.412
1956,Lynn,40,44,0.909
1956,Leslie,38,42,0.905
1956,Robin,33,107,0.308
1956,Kerry,32,12,2.667
1956,Jackie,20,17,1.176
1956,Dana,19,72,0.264
1956,Marty,19,5,3.8
1956,Tracy,14,25,0.56
1956,Jan,9,60,0.15
1956,Shawn,9,7,1.286
1956,Gail,7,80,0.088
1956,Kris,7,10,0.7
1956,Dee,6,27,0.222
1956,Jody,6,29,0.207
1956,Lauren,6,6,1.0
1956,Billie,5,20,0.25
1956,Gale,5,7,0.714
1956,Kelley,5,6,0.833
1956,Kimberly,5,126,0.04
1956,Rene,5,10,0.5
1956,Young,5,8,0.625
1957,Terry,292,62,4.71
1957,Chris,75,9,8.333
1957,Kelly,61,32,1.906
1957,Leslie,52,65,0.8
1957,Lynn,44,63,0.698
1957,Lee,43,25,1.72
1957,Kim,37,139,0.266
1957,Robin,28,115,0.243
1957,Kerry,25,10,2.5
1957,Tracy,23,32,0.719
1957,Jackie,16,29,0.552
1957,Dana,14,89,0.157
1957,Gale,10,13,0.769
1957,Jan,10,51,0.196
1957,Shawn,10,11,0.909
1957,Kelley,8,11,0.727
1957,Marion,8,5,1.6
1957,Robbie,8,6,1.333
1957,Bobbie,7,6,1.167
1957,Pat,7,5,1.4
1957,Kris,6,9,0.667
1957,Rene,6,12,0.5
1957,Gayle,5,39,0.128
1957,Stacy,5,11,0.455
1958,Michael,1023,5,204.6
1958,Terry,265,66,4.015
1958,Kelly,85,95,0.895
1958,Chris,79,15,5.267
1958,Leslie,42,62,0.677
1958,Lynn,36,46,0.783
1958,Kim,35,141,0.248
1958,Lee,32,27,1.185
1958,Tracy,29,45,0.644
1958,Dana,23,82,0.28
1958,Pat,21,14,1.5
1958,Jackie,19,29,0.655
1958,Kerry,19,14,1.357
1958,Robin,16,112,0.143
1958,Shawn,13,8,1.625
1958,Kris,12,9,1.333
1958,Stacy,12,19,0.632
1958,Jody,9,28,0.321
1958,Gale,7,13,0.538
1958,Frankie,6,6,1.0
1958,Rene,6,5,1.2
1958,Young,6,10,0.6
1958,Billie,5,9,0.556
1958,Jamie,5,17,0.294
1959,Terry,270,58,4.655
1959,Kelly,94,108,0.87
1959,Chris,88,16,5.5
1959,Leslie,43,59,0.729
1959,Lee,41,25,1.64
1959,Shawn,36,16,2.25
1959,Tracy,34,55,0.618
1959,Robin,28,121,0.231
1959,Kerry,27,8,3.375
1959,Kyle,27,5,5.4
1959,Lynn,25,55,0.455
1959,Dana,22,87,0.253
1959,Kim,19,167,0.114
1959,Jackie,15,43,0.349
1959,Jamie,10,35,0.286
1959,Gail,8,57,0.14
1959,Kelley,8,20,0.4
1959,Shannon,8,17,0.471
1959,Jody,7,16,0.438
1959,Pat,7,8,0.875
1959,Billie,6,12,0.5
1959,Jan,6,55,0.109
1959,Yong,6,7,0.857
1959,Stacy,5,19,0.263
1959,Young,5,11,0.455
1960,Michael,885,5,177.0
1960,Terry,228,56,4.071
1960,Chris,116,28,4.143
1960,Kelly,93,166,0.56
1960,Tracy,52,87,0.598
1960,Kerry,47,19,2.474
1960,Lee,36,21,1.714
1960,Shawn,35,12,2.917
1960,Leslie,31,59,0.525
1960,Kyle,25,7,3.571
1960,Robin,24,119,0.202
1960,Dana,19,74,0.257
1960,Kim,19,164,0.116
1960,Jackie,18,41,0.439
1960,Kris,17,11,1.545
1960,Pat,16,7,2.286
1960,Lynn,14,33,0.424
1960,Jamie,10,35,0.286
1960,Stacy,9,31,0.29
1960,Jody,7,31,0.226
1960,Shannon,7,22,0.318
1960,Dee,6,24,0.25
1960,Gail,5,45,0.111
1960,Sandy,5,63,0.079
1960,Stacey,5,18,0.278
1960,Young,5,7,0.714
1961,Terry,229,44,5.205
1961,Chris,124,20,6.2
1961,Ricky,118,5,23.6
1961,Kelly,93,148,0.628
1961,Tracy,73,90,0.811
1961,Shawn,49,16,3.062
1961,Leslie,34,56,0.607
1961,Kerry,29,14,2.071
1961,Lee,29,17,1.706
1961,Kyle,28,5,5.6
1961,Robin,27,149,0.181
1961,Dana,19,111,0.171
1961,Lynn,17,35,0.486
1961,Cary,12,6,2.0
1961,Jody,12,29,0.414
1961,Kim,11,152,0.072
1961,Jackie,10,61,0.164
1961,Kris,10,6,1.667
1961,Pat,10,6,1.667
1961,Jan,9,45,0.2
1961,Shannon,9,22,0.409
1961,Stacey,7,25,0.28
1961,Stacy,7,24,0.292
1961,Young,7,7,1.0
1962,Terry,202,37,5.459
1962,Chris,106,15,7.067
1962,Kelly,92,219,0.42
1962,Tracy,69,125,0.552
1962,Shawn,43,15,2.867
1962,Leslie,36,45,0.8
1962,Lee,34,9,3.778
1962,Kerry,27,25,1.08
1962,Lynn,24,45,0.533
1962,Robin,22,162,0.136
1962,Jackie,15,51,0.294
1962,Pat,15,11,1.364
1962,Dana,14,82,0.171
1962,Kim,14,154,0.091
1962,Stacey,9,33,0.273
1962,Jamie,8,45,0.178
1962,Kris,8,9,0.889
1962,Young,8,5,1.6
1962,Jody,6,20,0.3
1962,Stacy,6,43,0.14
1962,Billie,5,7,0.714
1962,Shannon,5,28,0.179
1962,Tracey,5,24,0.208
1962,Yong,5,9,0.556
1963,Terry,213,29,7.345
1963,Chris,102,19,5.368
1963,Kelly,85,176,0.483
1963,Shawn,79,20,3.95
1963,Tracy,65,122,0.533
1963,Kerry,33,30,1.1
1963,Dana,27,105,0.257
1963,Lee,25,14,1.786
1963,Leslie,23,54,0.426
1963,Robin,22,149,0.148
1963,Lynn,19,28,0.679
1963,Kris,18,20,0.9
1963,Kim,13,161,0.081
1963,Shannon,11,35,0.314
1963,Stacey,9,54,0.167
1963,Jamie,7,30,0.233
1963,Stacy,7,77,0.091
1963,Jackie,5,43,0.116
1963,Jody,5,22,0.227
1963,Rene,5,8,0.625
1964,Terry,165,19,8.684
1964,Chris,103,25,4.12
1964,Kelly,76,152,0.5
1964,Shawn,76,13,5.846
1964,Tracy,36,110,0.327
1964,Kerry,27,15,1.8
1964,Lee,26,13,2.0
1964,Shannon,23,37,0.622
1964,Robin,19,120,0.158
1964,Dana,18,109,0.165
1964,Leslie,14,52,0.269
1964,Jamie,13,28,0.464
1964,Kris,11,22,0.5
1964,Stacy,11,64,0.172
1964,Kim,10,117,0.085
1964,Lynn,10,34,0.294
1964,Sung,7,5,1.4
1964,Jackie,6,40,0.15
1964,Jody,6,26,0.231
1964,Kelley,5,28,0.179
1964,Stacey,5,50,0.1
1965,Terry,126,11,11.455
1965,Chris,92,14,6.571
1965,Kelly,72,151,0.477
1965,Shawn,71,26,2.731
1965,Tracy,46,115,0.4
1965,Lee,28,16,1.75
1965,Leslie,21,41,0.512
1965,Kerry,20,15,1.333
1965,Shannon,17,43,0.395
1965,Dana,14,83,0.169
1965,Kris,14,13,1.077
1965,Robin,12,141,0.085
1965,Stacy,10,50,0.2
1965,Stacey,9,55,0.164
1965,Jackie,7,32,0.219
1965,Lynn,7,23,0.304
1965,Jamie,6,46,0.13
1965,Jody,6,25,0.24
1966,Charles,202,5,40.4
1966,Terry,120,11,10.909
1966,Shawn,102,16,6.375
1966,Chris,86,14,6.143
1966,Kelly,84,126,0.667
1966,Tracy,43,110,0.391
1966,Lee,32,8,4.0
1966,Shannon,21,51,0.412
1966,Kerry,20,10,2.0
1966,Leslie,15,52,0.288
1966,Stacy,12,68,0.176
1966,Robin,11,92,0.12
1966,Jamie,10,33,0.303
1966,Stacey,9,62,0.145
1966,Dana,8,78,0.103
1966,Billie,7,9,0.778
1966,Kim,7,56,0.125
1966,Tracey,7,28,0.25
1966,Jody,6,25,0.24
1966,Jackie,5,28,0.179
1966,Jan,5,20,0.25
1966,Kris,5,7,0.714
1966,Lynn,5,15,0.333
1967,Christopher,254,5,50.8
1967,Terry,124,9,13.778
1967,Shawn,112,19,5.895
1967,Chris,91,10,9.1
1967,Kelly,88,144,0.611
1967,Tracy,58,112,0.518
1967,Shannon,25,63,0.397
1967,Lee,24,13,1.846
1967,Stacy,23,74,0.311
1967,Leslie,21,48,0.438
1967,Kerry,20,13,1.538
1967,Stacey,20,53,0.377
1967,Jamie,18,43,0.419
1967,Jody,18,24,0.75
1967,Lynn,13,20,0.65
1967,Tracey,11,29,0.379
1967,Jackie,10,17,0.588
1967,Robin,9,89,0.101
1967,Dana,7,84,0.083
1967,Kris,6,8,0.75
1968,David,599,7,85.571
1968,Shawn,159,23,6.913
1968,Terry,104,7,14.857
1968,Chris,78,12,6.5
1968,Kelly,76,154,0.494
1968,Tracy,47,103,0.456
1968,Stacy,40,84,0.476
1968,Shannon,36,83,0.434
1968,Lee,26,12,2.167
1968,Kerry,17,19,0.895
1968,Jody,16,27,0.593
1968,Leslie,16,38,0.421
1968,Stacey,16,73,0.219
1968,Jamie,14,39,0.359
1968,Kris,14,6,2.333
1968,Dana,10,93,0.108
1968,Kelley,7,20,0.35
1968,Jackie,6,16,0.375
1968,Kim,6,59,0.102
1968,Lynn,6,25,0.24
1969,Michael,850,6,141.667
1969,James,509,7,72.714
1969,Robert,467,5,93.4
1969,Shawn,171,34,5.029
1969,Terry,98,13,7.538
1969,Kelly,64,156,0.41
1969,Shannon,61,108,0.565
1969,Chris,60,9,6.667
1969,Tracy,46,145,0.317
1969,Lee,24,10,2.4
1969,Jody,20,29,0.69
1969,Kerry,20,20,1.0
1969,Stacy,20,97,0.206
1969,Leslie,19,57,0.333
1969,Jamie,15,50,0.3
1969,Lynn,11,27,0.407
1969,Dana,10,100,0.1
1969,Kim,9,47,0.191
1969,Jackie,8,13,0.615
1969,Robin,7,73,0.096
1969,Stacey,6,76,0.079
1969,Tracey,6,38,0.158
1969,Young,6,6,1.0
1969,Kris,5,6,0.833
1970,Michael,800,5,160.0
1970,Shawn,193,20,9.65
1970,Joseph,144,5,28.8
1970,Terry,93,9,10.333
1970,Chris,75,8,9.375
1970,Kelly,56,139,0.403
1970,Shannon,47,193,0.244
1970,Tracy,35,173,0.202
1970,Jamie,27,61,0.443
1970,Lee,26,13,2.0
1970,Kerry,19,21,0.905
1970,Jody,16,27,0.593
1970,Leslie,14,54,0.259
1970,Stacy,13,161,0.081
1970,Robin,10,62,0.161
1970,Jackie,9,24,0.375
1970,Carey,6,8,0.75
1971,Michael,735,5,147.0
1971,David,484,5,96.8
1971,John,462,5,92.4
1971,Shawn,225,22,10.227
1971,Terry,90,8,11.25
1971,Chris,66,7,9.429
1971,Kelly,55,108,0.509
1971,Shannon,42,153,0.275
1971,Tracy,41,141,0.291
1971,Jamie,27,55,0.491
1971,Casey,21,10,2.1
1971,Kerry,16,15,1.067
1971,Jody,12,25,0.48
1971,Leslie,11,52,0.212
1971,Dana,8,92,0.087
1971,Kelley,6,17,0.353
1971,Robin,6,61,0.098
1971,Sung,6,7,0.857
1971,Ashley,5,12,0.417
1971,Erin,5,41,0.122
1971,Stacy,5,134,0.037
1971,Tracey,5,19,0.263
1972,Robert,341,6,56.833
1972,Shawn,190,17,11.176
1972,Terry,64,8,8.0
1972,Shannon,52,127,0.409
1972,Tracy,42,76,0.553
1972,Kelly,41,75,0.547
1972,Jamie,36,37,0.973
1972,Casey,19,14,1.357
1972,Kerry,14,22,0.636
1972,Leslie,12,43,0.279
1972,Robin,9,64,0.141
1972,Jody,8,15,0.533
1972,Dana,7,51,0.137
1972,Lynn,7,14,0.5
1972,Stacey,7,67,0.104
1972,Carey,5,6,0.833
1972,Courtney,5,6,0.833
1972,Erin,5,38,0.132
1972,Shelby,5,15,0.333
1972,Stacy,5,124,0.04
1972,Tracey,5,15,0.333
1973,Shawn,157,11,14.273
1973,Terry,48,5,9.6
1973,Jerry,42,5,8.4
1973,Kelly,42,93,0.452
1973,Shannon,38,121,0.314
1973,Jamie,36,53,0.679
1973,Lee,22,8,2.75
1973,Tracy,22,88,0.25
1973,Casey,21,6,3.5
1973,Leslie,15,41,0.366
1973,Stacy,13,110,0.118
1973,Stacey,10,69,0.145
1973,Jody,9,13,0.692
1973,Kerry,9,15,0.6
1973,Dana,8,60,0.133
1973,Shelby,6,11,0.545
1973,Erin,5,47,0.106
1973,Lynn,5,10,0.5
1974,Shawn,179,14,12.786
1974,Terry,56,6,9.333
1974,Corey,40,5,8.0
1974,Casey,38,12,3.167
1974,Kelly,36,79,0.456
1974,Jamie,30,54,0.556
1974,Shannon,30,116,0.259
1974,Tracy,19,81,0.235
1974,Shelby,12,11,1.091
1974,Jody,11,32,0.344
1974,Kerry,10,15,0.667
1974,Leslie,10,36,0.278
1974,Lynn,6,10,0.6
1974,Robin,6,46,0.13
1974,Dana,5,75,0.067
1974,Stacey,5,60,0.083
1975,Christopher,505,5,101.0
1975,Brian,386,5,77.2
1975,Shawn,168,7,24.0
1975,Jamie,60,67,0.896
1975,Kelly,51,83,0.614
1975,Terry,51,5,10.2
1975,Cory,45,5,9.0
1975,Casey,44,12,3.667
1975,Shannon,39,117,0.333
1975,Adrian,24,5,4.8
1975,Lee,14,5,2.8
1975,Tracy,13,84,0.155
1975,Leslie,12,44,0.273
1975,Kerry,10,18,0.556
1975,Jody,8,18,0.444
1975,Ashley,7,43,0.163
1975,Dana,7,55,0.127
1975,Erin,6,68,0.088
1975,Jackie,6,15,0.4
1975,Stacey,6,59,0.102
1975,Stacy,6,102,0.059
1975,Dusty,5,5,1.0
1975,Robin,5,57,0.088
1975,Shelby,5,18,0.278
1975,Tracey,5,8,0.625
1976,Michael,616,6,102.667
1976,Jeremy,368,5,73.6
1976,James,337,5,67.4
1976,Shawn,172,12,14.333
1976,Corey,52,7,7.429
1976,Jamie,51,178,0.287
1976,Kelly,47,118,0.398
1976,Casey,45,8,5.625
1976,Shannon,38,155,0.245
1976,Adrian,24,5,4.8
1976,Courtney,9,35,0.257
1976,Jaime,8,84,0.095
1976,Jessie,8,6,1.333
1976,Kerry,8,11,0.727
1976,Leslie,8,36,0.222
1976,Tracy,8,63,0.127
1976,Shelby,7,17,0.412
1976,Stacy,7,89,0.079
1976,Dusty,6,8,0.75
1976,Erin,6,116,0.052
1976,Dana,5,44,0.114
1976,Jody,5,20,0.25
1976,Robin,5,41,0.122
1977,Ryan,305,8,38.125
1977,Aaron,231,6,38.5
1977,Richard,156,5,31.2
1977,Shawn,152,6,25.333
1977,Casey,46,12,3.833
1977,Kelly,37,159,0.233
1977,Shannon,34,120,0.283
1977,Jamie,29,186,0.156
1977,Lee,17,7,2.429
1977,Micah,15,5,3.0
1977,Courtney,14,40,0.35
1977,Tracy,9,46,0.196
1977,Kerry,8,10,0.8
1977,Jackie,7,18,0.389
1977,Jessie,7,5,1.4
1977,Jody,7,22,0.318
1977,Leslie,7,45,0.156
1977,Ashley,6,39,0.154
1977,Erin,6,133,0.045
1977,Carey,5,8,0.625
1977,Shelby,5,7,0.714
1978,Jason,618,5,123.6
1978,Michael,574,5,114.8
1978,Shawn,162,5,32.4
1978,Corey,61,6,10.167
1978,Casey,48,18,2.667
1978,Kelly,35,148,0.236
1978,Shannon,26,108,0.241
1978,Lee,23,8,2.875
1978,Jamie,21,173,0.121
1978,Courtney,18,57,0.316
1978,Micah,14,5,2.8
1978,Tracy,13,50,0.26
1978,Jody,12,24,0.5
1978,Ashley,9,42,0.214
1978,Leslie,9,58,0.155
1978,Jessie,8,11,0.727
1978,Kerry,6,14,0.429
1978,Stacy,6,81,0.074
1978,Erin,5,115,0.043
1978,Jaime,5,51,0.098
1978,Kasey,5,7,0.714
1979,Ryan,356,8,44.5
1979,Shawn,139,7,19.857
1979,Kyle,83,6,13.833
1979,Casey,66,20,3.3
1979,Jamie,39,186,0.21
1979,Kelly,28,149,0.188
1979,Shannon,24,120,0.2
1979,Lee,20,5,4.0
1979,Jordan,16,10,1.6
1979,Courtney,13,39,0.333
1979,Micah,11,5,2.2
1979,Morgan,11,6,1.833
1979,Tracy,10,52,0.192
1979,Leslie,9,51,0.176
1979,Kasey,8,6,1.333
1979,Kerry,8,11,0.727
1979,Ashley,7,75,0.093
1979,Erin,6,149,0.04
1979,Jody,6,9,0.667
1979,Shelby,6,6,1.0
1979,Brook,5,6,0.833
1979,Dana,5,58,0.086
1980,Jason,587,7,83.857
1980,Matthew,506,5,101.2
1980,Ryan,393,5,78.6
1980,Robert,272,6,45.333
1980,Aaron,230,5,46.0
1980,Brett,124,5,24.8
1980,Kyle,114,5,22.8
1980,Casey,57,30,1.9
1980,Cory,54,6,9.0
1980,Jamie,39,160,0.244
1980,Kelly,36,115,0.313
1980,Micah,19,10,1.9
1980,Christian,18,9,2.0
1980,Shannon,17,114,0.149
1980,Courtney,11,80,0.138
1980,Devin,10,7,1.429
1980,Dusty,10,6,1.667
1980,Ashley,9,124,0.073
1980,Jessie,8,13,0.615
1980,Morgan,7,27,0.259
1980,Devon,6,5,1.2
1980,Jaime,6,38,0.158
1980,Stacy,6,80,0.075
1980,Tracy,6,42,0.143
1980,Whitney,6,19,0.316
1980,Kerry,5,11,0.455
1980,Leslie,5,52,0.096
1981,Ryan,406,9,45.111
1981,Jesse,152,5,30.4
1981,Casey,71,35,2.029
1981,Cody,62,6,10.333
1981,Jordan,47,7,6.714
1981,Jamie,25,146,0.171
1981,Kelly,25,106,0.236
1981,Micah,25,5,5.0
1981,Morgan,17,31,0.548
1981,Shannon,16,85,0.188
1981,Jessie,13,15,0.867
1981,Courtney,12,82,0.146
1981,Tracy,10,48,0.208
1981,Dusty,9,9,1.0
1981,Ashley,8,173,0.046
1981,Kerry,8,9,0.889
1981,Shelby,7,14,0.5
1981,Angel,5,17,0.294
1981,Jaime,5,25,0.2
1981,Kasey,5,19,0.263
1981,Kelley,5,12,0.417
1981,Lynn,5,8,0.625
1982,Christopher,639,5,127.8
1982,Michael,592,5,118.4
1982,Matthew,586,5,117.2
1982,Casey,59,47,1.255
1982,Jordan,52,5,10.4
1982,Kelly,29,126,0.23
1982,Cameron,24,5,4.8
1982,Adrian,20,5,4.0
1982,Jamie,20,164,0.122
1982,Shannon,17,84,0.202
1982,Taylor,17,7,2.429
1982,Jessie,14,15,0.933
1982,Ashley,10,242,0.041
1982,Morgan,10,28,0.357
1982,Kasey,9,11,0.818
1982,Courtney,7,84,0.083
1982,Jaime,7,30,0.233
1982,Robin,7,26,0.269
1982,Tracy,6,35,0.171
1982,Erin,5,214,0.023
1982,Kelsey,5,24,0.208
1982,Lane,5,5,1.0
1983,Michael,603,5,120.6
1983,Brandon,324,5,64.8
1983,Jesse,121,6,20.167
1983,Casey,72,28,2.571
1983,Jordan,52,7,7.429
1983,Kelly,26,111,0.234
1983,Adrian,21,6,3.5
1983,Jamie,20,154,0.13
1983,Shannon,14,94,0.149
1983,Jessie,13,16,0.812
1983,Taylor,12,8,1.5
1983,Micah,10,7,1.429
1983,Morgan,10,28,0.357
1983,Ashley,8,521,0.015
1983,Tracy,7,34,0.206
1983,Devon,5,9,0.556
1983,Jaime,5,23,0.217
1984,Christopher,630,6,105.0
1984,Matthew,586,6,97.667
1984,Ryan,395,9,43.889
1984,Brandon,370,5,74.0
1984,Eric,227,5,45.4
1984,Jesse,104,5,20.8
1984,Jordan,95,6,15.833
1984,Casey,62,44,1.409
1984,Cameron,39,5,7.8
1984,Kelly,24,75,0.32
1984,Micah,24,7,3.429
1984,Jamie,19,143,0.133
1984,Christian,18,6,3.0
1984,Taylor,13,9,1.444
1984,Shannon,10,71,0.141
1984,Jaime,7,26,0.269
1984,Shelby,7,15,0.467
1984,Courtney,6,87,0.069
1984,Kasey,6,16,0.375
1984,Jessie,5,19,0.263
1984,Lynn,5,6,0.833
1984,Robin,5,12,0.417
1985,Ryan,393,6,65.5
1985,Brandon,380,5,76.0
1985,Jordan,100,17,5.882
1985,Casey,60,31,1.935
1985,Taylor,29,9,3.222
1985,Kelly,26,95,0.274
1985,Jamie,14,159,0.088
1985,Jessie,12,20,0.6
1985,Shelby,11,20,0.55
1985,Christian,9,7,1.286
1985,Kendall,8,5,1.6
1985,Leslie,8,41,0.195
1985,Morgan,8,31,0.258
1985,Tracy,8,27,0.296
1985,Courtney,6,75,0.08
1985,Kasey,6,15,0.4
1985,Kelsey,6,51,0.118
1985,Angel,5,15,0.333
1985,Jaime,5,17,0.294
1985,Lindsay,5,117,0.043
1985,Shannon,5,70,0.071
1986,Michael,528,5,105.6
1986,Andrew,427,5,85.4
1986,Kyle,310,5,62.0
1986,Jordan,133,47,2.83
1986,Jesse,107,8,13.375
1986,Casey,68,54,1.259
1986,Drew,44,5,8.8
1986,Devin,40,6,6.667
1986,Taylor,32,12,2.667
1986,Kelly,24,76,0.316
1986,Adrian,20,6,3.333
1986,Micah,20,7,2.857
1986,Jamie,14,143,0.098
1986,Christian,13,5,2.6
1986,Jessie,9,26,0.346
1986,Dominique,8,15,0.533
1986,Morgan,6,44,0.136
1986,Ashley,5,546,0.009
1986,Shannon,5,70,0.071
1986,Shelby,5,23,0.217
1986,Tracy,5,33,0.152
1987,Michael,458,7,65.429
1987,Ryan,333,5,66.6
1987,Justin,332,5,66.4
1987,Jordan,131,48,2.729
1987,Casey,75,46,1.63
1987,Cory,73,5,14.6
1987,Devin,50,9,5.556
1987,Taylor,38,24,1.583
1987,Kelly,17,74,0.23
1987,Jamie,12,120,0.1
1987,Jessie,11,18,0.611
1987,Morgan,9,63,0.143
1987,Courtney,8,85,0.094
1987,Dominique,7,13,0.538
1987,Kasey,7,21,0.333
1987,Shannon,6,64,0.094
1987,Shelby,6,22,0.273
1987,Jaime,5,12,0.417
1987,Kelsey,5,127,0.039
1988,Jordan,155,50,3.1
1988,Alex,85,10,8.5
1988,Cameron,82,5,16.4
1988,Casey,65,27,2.407
1988,Taylor,62,34,1.824
1988,Devin,55,7,7.857
1988,Christian,29,6,4.833
1988,Micah,25,5,5.0
1988,Jamie,15,91,0.165
1988,Kelly,15,72,0.208
1988,Devon,11,6,1.833
1988,Dominique,10,5,2.0
1988,Jaime,10,11,0.909
1988,Jessie,10,19,0.526
1988,Morgan,9,63,0.143
1988,Tracy,7,16,0.438
1988,Ashton,6,7,0.857
1988,Courtney,6,121,0.05
1988,Dana,5,23,0.217
1988,Shannon,5,42,0.119
1989,Cody,202,5,40.4
1989,Jordan,180,82,2.195
1989,Taylor,86,48,1.792
1989,Logan,78,6,13.0
1989,Devin,61,12,5.083
1989,Casey,49,33,1.485
1989,Morgan,15,59,0.254
1989,Ashton,13,27,0.481
1989,Jamie,12,81,0.148
1989,Kelly,10,63,0.159
1989,Loren,10,5,2.0
1989,Jaime,9,7,1.286
1989,Kasey,9,11,0.818
1989,Shannon,8,47,0.17
1989,Shelby,8,31,0.258
1989,Tracy,8,12,0.667
1989,Courtney,7,170,0.041
1989,Angel,6,14,0.429
1990,Jordan,220,111,1.982
1990,Taylor,104,95,1.095
1990,Corey,76,5,15.2
1990,Logan,67,10,6.7
1990,Devin,60,14,4.286
1990,Christian,48,8,6.0
1990,Casey,47,28,1.679
1990,Dakota,35,5,7.0
1990,Skyler,32,6,5.333
1990,Adrian,23,5,4.6
1990,Devon,18,11,1.636
1990,Dominique,17,6,2.833
1990,Kelly,17,44,0.386
1990,Jessie,15,17,0.882
1990,Micah,15,6,2.5
1990,Kendall,13,6,2.167
1990,Jamie,12,61,0.197
1990,Skylar,12,9,1.333
1990,Angel,9,12,0.75
1990,Morgan,7,95,0.074
1990,Ashton,6,15,0.4
1990,Blair,5,7,0.714
1990,Shelby,5,55,0.091
1991,Tyler,377,7,53.857
1991,Jordan,200,81,2.469
1991,Austin,172,5,34.4
1991,Taylor,125,142,0.88
1991,Logan,94,8,11.75
1991,Alex,90,5,18.0
1991,Christian,86,7,12.286
1991,Dakota,76,10,7.6
1991,Blake,74,8,9.25
1991,Devin,61,13,4.692
1991,Casey,54,25,2.16
1991,Devon,26,11,2.364
1991,Dominique,17,14,1.214
1991,Kelly,14,34,0.412
1991,Micah,13,10,1.3
1991,Skylar,13,7,1.857
1991,Morgan,12,105,0.114
1991,Jessie,11,19,0.579
1991,Kasey,11,11,1.0
1991,Ashton,10,20,0.5
1991,Riley,10,5,2.0
1991,Shelby,10,222,0.045
1991,Devan,9,8,1.125
1991,Jaime,6,6,1.0
1991,Jamie,6,69,0.087
1991,Angel,5,16,0.312
1991,Mackenzie,5,22,0.227
1992,Jordan,199,92,2.163
1992,Taylor,129,200,0.645
1992,Christian,100,6,16.667
1992,Logan,91,8,11.375
1992,Jesse,89,5,17.8
1992,Alex,86,7,12.286
1992,Dakota,73,8,9.125
1992,Devin,69,12,5.75
1992,Connor,56,8,7.0
1992,Casey,49,22,2.227
1992,Devon,38,6,6.333
1992,Skyler,34,6,5.667
1992,Riley,24,9,2.667
1992,Dallas,20,9,2.222
1992,Micah,20,7,2.857
1992,Harley,17,5,3.4
1992,Dominique,16,17,0.941
1992,Jaime,13,5,2.6
1992,Chandler,12,8,1.5
1992,Morgan,12,111,0.108
1992,Kendall,10,6,1.667
1992,Angel,9,12,0.75
1992,Shelby,9,178,0.051
1992,Jessie,8,18,0.444
1992,Kasey,7,9,0.778
1992,Payton,7,8,0.875
1992,Shannon,7,38,0.184
1992,Ashton,6,11,0.545
1992,Mackenzie,6,38,0.158
1992,Ariel,5,31,0.161
1992,Avery,5,7,0.714
1992,Kelly,5,32,0.156
1992,Robin,5,8,0.625
1993,Tyler,380,10,38.0
1993,Jordan,194,94,2.064
1993,Dylan,173,5,34.6
1993,Taylor,130,306,0.425
1993,Alex,95,5,19.0
1993,Jesse,92,5,18.4
1993,Dakota,83,14,5.929
1993,Logan,75,14,5.357
1993,Devin,57,9,6.333
1993,Skyler,36,7,5.143
1993,Casey,32,21,1.524
1993,Devon,29,10,2.9
1993,Riley,28,6,4.667
1993,Dallas,26,8,3.25
1993,Dominique,16,18,0.889
1993,Micah,16,5,3.2
1993,Morgan,14,119,0.118
1993,Angel,13,11,1.182
1993,Ashton,12,16,0.75
1993,Harley,12,8,1.5
1993,Skylar,12,9,1.333
1993,Kendall,10,6,1.667
1993,Shelby,9,140,0.064
1993,Chandler,8,11,0.727
1993,Jaime,8,5,1.6
1993,Kelly,8,35,0.229
1993,Jamie,7,43,0.163
1993,Jessie,7,20,0.35
1993,Alexis,6,94,0.064
1993,Avery,6,11,0.545
1993,Kasey,6,9,0.667
1993,Montana,6,8,0.75
1993,Jade,5,20,0.25
1993,Payton,5,7,0.714
1993,Peyton,5,13,0.385
1994,Tyler,379,7,54.143
1994,Jordan,166,99,1.677
1994,Dakota,131,16,8.188
1994,Christian,99,9,11.0
1994,Taylor,92,238,0.387
1994,Logan,88,11,8.0
1994,Jesse,87,5,17.4
1994,Hunter,78,13,6.0
1994,Alex,76,11,6.909
1994,Cameron,69,5,13.8
1994,Evan,61,6,10.167
1994,Devon,36,5,7.2
1994,Dallas,33,10,3.3
1994,Riley,30,12,2.5
1994,Casey,28,20,1.4
1994,Skylar,17,10,1.7
1994,Angel,13,11,1.182
1994,Jamie,12,47,0.255
1994,Payton,11,14,0.786
1994,Addison,10,13,0.769
1994,Jessie,10,19,0.526
1994,Montana,10,8,1.25
1994,Alexis,9,107,0.084
1994,Dominique,9,17,0.529
1994,Kendall,9,7,1.286
1994,Morgan,9,148,0.061
1994,Shelby,9,103,0.087
1994,Avery,8,5,1.6
1994,Harley,8,12,0.667
1994,Micah,8,5,1.6
1994,Ashton,6,19,0.316
1994,Chandler,6,8,0.75
1994,Jaden,6,5,1.2
1994,Madison,6,112,0.054
1994,Peyton,6,9,0.667
1994,Darian,5,16,0.312
1994,Jaime,5,7,0.714
1994,Justice,5,14,0.357
1994,Kasey,5,14,0.357
1994,Sidney,5,11,0.455
1995,Tyler,315,9,35.0
1995,Jordan,154,121,1.273
1995,Dakota,137,24,5.708
1995,Logan,127,16,7.938
1995,Christian,101,5,20.2
1995,Blake,90,5,18.0
1995,Hunter,86,13,6.615
1995,Taylor,80,243,0.329
1995,Cameron,73,5,14.6
1995,Alex,70,9,7.778
1995,Devin,65,6,10.833
1995,Corey,42,5,8.4
1995,Tristan,40,7,5.714
1995,Devon,39,9,4.333
1995,Dallas,34,7,4.857
1995,Riley,34,22,1.545
1995,Skyler,30,7,4.286
1995,Casey,26,16,1.625
1995,Chandler,26,9,2.889
1995,Micah,22,10,2.2
1995,Avery,16,6,2.667
1995,Skylar,16,11,1.455
1995,Angel,13,17,0.765
1995,Ashton,12,27,0.444
1995,Bailey,12,83,0.145
1995,Morgan,12,164,0.073
1995,Alexis,11,137,0.08
1995,Jaden,10,8,1.25
1995,Jessie,10,11,0.909
1995,Kendall,10,7,1.429
1995,Kasey,8,14,0.571
1995,Mackenzie,8,64,0.125
1995,Montana,8,11,0.727
1995,Harley,6,6,1.0
1995,Payton,6,14,0.429
1995,Darian,5,15,0.333
1995,Dominique,5,13,0.385
1995,Guadalupe,5,5,1.0
1995,Shelby,5,112,0.045
1995,Sidney,5,14,0.357
1996,Tyler,304,5,60.8
1996,Logan,163,20,8.15
1996,Jordan,145,117,1.239
1996,Dakota,134,13,10.308
1996,Christian,129,8,16.125
1996,Hunter,96,20,4.8
1996,Jesse,88,6,14.667
1996,Connor,85,6,14.167
1996,Alex,80,5,16.0
1996,Devin,70,6,11.667
1996,Taylor,69,205,0.337
1996,Tristan,62,12,5.167
1996,Riley,36,23,1.565
1996,Casey,34,11,3.091
1996,Dallas,29,15,1.933
1996,Micah,28,6,4.667
1996,Hayden,26,5,5.2
1996,Payton,18,19,0.947
1996,Avery,17,9,1.889
1996,Angel,15,22,0.682
1996,Bailey,15,96,0.156
1996,Morgan,14,152,0.092
1996,Ashton,13,19,0.684
1996,Dominique,11,14,0.786
1996,Shelby,10,119,0.084
1996,Justice,9,19,0.474
1996,Skylar,9,7,1.286
1996,Alexis,7,162,0.043
1996,Jaden,7,10,0.7
1996,Darian,6,8,0.75
1996,Kelly,6,27,0.222
1996,Kendall,6,8,0.75
1996,Sage,6,7,0.857
1996,Shea,6,5,1.2
1996,Jamie,5,33,0.152
1996,Jessie,5,8,0.625
1996,Kasey,5,9,0.556
1996,Mackenzie,5,65,0.077
1996,Peyton,5,9,0.556
1997,Tyler,238,6,39.667
1997,Ryan,182,6,30.333
1997,Jordan,164,105,1.562
1997,Hunter,130,11,11.818
1997,Logan,112,18,6.222
1997,Dakota,93,25,3.72
1997,Blake,90,5,18.0
1997,Alex,76,7,10.857
1997,Cameron,56,7,8.0
1997,Taylor,55,246,0.224
1997,Riley,45,30,1.5
1997,Bailey,30,98,0.306
1997,Skyler,30,7,4.286
1997,Drew,27,5,5.4
1997,Angel,26,21,1.238
1997,Corey,26,5,5.2
1997,Micah,23,5,4.6
1997,Casey,22,19,1.158
1997,Payton,21,21,1.0
1997,Dallas,20,5,4.0
1997,Carson,19,6,3.167
1997,Skylar,18,15,1.2
1997,Alexis,17,181,0.094
1997,Jaden,16,8,2.0
1997,Peyton,16,24,0.667
1997,Tristen,16,5,3.2
1997,Avery,14,12,1.167
1997,Jayden,13,7,1.857
1997,Morgan,13,147,0.088
1997,Kendall,12,10,1.2
1997,Ashton,10,21,0.476
1997,Justice,10,12,0.833
1997,Dominique,8,13,0.615
1997,Jessie,8,13,0.615
1997,Darian,6,13,0.462
1997,Harley,5,8,0.625
1997,Kasey,5,9,0.556
1997,Sage,5,6,0.833
1997,Shelby,5,98,0.051
1998,Tyler,238,16,14.875
1998,Ryan,172,5,34.4
1998,Jordan,156,106,1.472
1998,Hunter,139,16,8.688
1998,Logan,125,13,9.615
1998,Dakota,103,27,3.815
1998,Cameron,102,17,6.0
1998,Alex,89,7,12.714
1998,Devin,66,5,13.2
1998,Tristan,63,5,12.6
1998,Taylor,54,221,0.244
1998,Riley,39,36,1.083
1998,Angel,35,20,1.75
1998,Chandler,33,11,3.0
1998,Peyton,33,34,0.971
1998,Skyler,33,12,2.75
1998,Payton,29,26,1.115
1998,Drew,26,5,5.2
1998,Casey,25,14,1.786
1998,Hayden,25,5,5.0
1998,Tristen,23,6,3.833
1998,Jaden,22,6,3.667
1998,Jayden,21,12,1.75
1998,Carson,19,7,2.714
1998,Morgan,19,137,0.139
1998,Alexis,18,192,0.094
1998,Bailey,18,90,0.2
1998,Avery,15,21,0.714
1998,Kameron,14,5,2.8
1998,Quinn,11,5,2.2
1998,Dominique,10,12,0.833
1998,Kendall,10,9,1.111
1998,Skylar,10,11,0.909
1998,Ashton,9,22,0.409
1998,Kasey,9,8,1.125
1998,Sidney,7,13,0.538
1998,Jessie,6,9,0.667
1998,Justice,6,14,0.429
1998,Mackenzie,6,79,0.076
1998,Regan,6,24,0.25
1999,Tyler,227,6,37.833
1999,Ryan,207,5,41.4
1999,Jordan,149,78,1.91
1999,Logan,136,23,5.913
1999,Cameron,132,14,9.429
1999,Hunter,128,19,6.737
1999,Christian,116,5,23.2
1999,Dakota,93,15,6.2
1999,Gabriel,74,5,14.8
1999,Tristan,74,11,6.727
1999,Alex,70,5,14.0
1999,Devin,69,8,8.625
1999,Carson,42,8,5.25
1999,Hayden,42,7,6.0
1999,Jesse,42,5,8.4
1999,Taylor,42,219,0.192
1999,Riley,40,36,1.111
1999,Adrian,36,7,5.143
1999,Skyler,36,11,3.273
1999,Chandler,34,7,4.857
1999,Angel,33,20,1.65
1999,Devon,32,6,5.333
1999,Drew,31,9,3.444
1999,Casey,29,9,3.222
1999,Jaden,28,20,1.4
1999,Peyton,28,35,0.8
1999,Bailey,26,88,0.295
1999,Micah,24,11,2.182
1999,Alexis,23,186,0.124
1999,Aidan,20,5,4.0
1999,Quinn,20,7,2.857
1999,Jayden,19,14,1.357
1999,Ashton,15,32,0.469
1999,Avery,15,19,0.789
1999,Payton,14,35,0.4
1999,Kameron,13,5,2.6
1999,Harley,9,9,1.0
1999,Addison,8,21,0.381
1999,Jaiden,8,6,1.333
1999,Justice,8,8,1.0
1999,Kendall,8,10,0.8
1999,Skylar,8,26,0.308
1999,Ariel,5,12,0.417
1999,Darian,5,7,0.714
1999,Morgan,5,129,0.039
1999,Sage,5,7,0.714
1999,Shay,5,5,1.0
2000,Tyler,239,10,23.9
2000,Hunter,175,12,14.583
2000,Cameron,143,10,14.3
2000,Logan,137,13,10.538
2000,Jordan,107,72,1.486
2000,Devin,79,8,9.875
2000,Dakota,69,13,5.308
2000,Carson,50,9,5.556
2000,Jaden,46,18,2.556
2000,Hayden,45,5,9.0
2000,Jayden,42,22,1.909
2000,Peyton,42,31,1.355
2000,Riley,41,38,1.079
2000,Taylor,40,181,0.221
2000,Drew,38,8,4.75
2000,Payton,35,40,0.875
2000,Angel,32,26,1.231
2000,Kyler,32,5,6.4
2000,Skyler,28,13,2.154
2000,Chandler,23,10,2.3
2000,Micah,22,6,3.667
2000,Casey,21,5,4.2
2000,Alexis,20,172,0.116
2000,Avery,20,32,0.625
2000,Skylar,13,28,0.464
2000,Ashton,12,26,0.462
2000,Bailey,12,89,0.135
2000,Justice,11,9,1.222
2000,Quinn,10,5,2.0
2000,Jaiden,8,9,0.889
2000,Jessie,8,11,0.727
2000,Morgan,7,109,0.064
2000,Dominique,6,11,0.545
2000,Sage,6,10,0.6
2000,Addison,5,34,0.147
2000,Briley,5,6,0.833
2000,Kendall,5,11,0.455
2001,Logan,186,21,8.857
2001,Ryan,166,5,33.2
2001,Tyler,165,6,27.5
2001,Hunter,148,14,10.571
2001,Jordan,119,79,1.506
2001,Cameron,108,10,10.8
2001,Dakota,87,12,7.25
2001,Carson,68,8,8.5
2001,Devin,66,6,11.0
2001,Hayden,56,6,9.333
2001,Angel,55,29,1.897
2001,Parker,52,5,10.4
2001,Jaden,49,28,1.75
2001,Taylor,44,175,0.251
2001,Jayden,42,19,2.211
2001,Riley,41,46,0.891
2001,Peyton,40,33,1.212
2001,Julian,35,5,7.0
2001,Skyler,31,18,1.722
2001,Avery,22,43,0.512
2001,Alexis,20,188,0.106
2001,Payton,19,37,0.514
2001,Ashton,15,21,0.714
2001,Morgan,14,85,0.165
2001,Casey,10,5,2.0
2001,Bailey,9,79,0.114
2001,Justice,9,8,1.125
2001,Quinn,9,6,1.5
2001,Jaime,8,6,1.333
2001,Karson,8,5,1.6
2001,Skylar,8,19,0.421
2001,Harley,7,15,0.467
2001,Sage,7,6,1.167
2001,Darian,6,9,0.667
2001,Kendall,6,7,0.857
2001,Jadyn,5,20,0.25
2001,Jessie,5,9,0.556
2002,Logan,155,13,11.923
2002,Hunter,141,13,10.846
2002,Ryan,136,8,17.0
2002,Jordan,106,64,1.656
2002,Cameron,89,16,5.562
2002,Hayden,67,5,13.4
2002,Carson,64,6,10.667
2002,Dakota,64,11,5.818
2002,Jaden,57,21,2.714
2002,Tristan,53,9,5.889
2002,Angel,52,32,1.625
2002,Devin,52,5,10.4
2002,Riley,52,56,0.929
2002,Jayden,50,26,1.923
2002,Peyton,39,32,1.219
2002,Drew,34,6,5.667
2002,Skyler,33,12,2.75
2002,Taylor,33,150,0.22
2002,Ashton,26,20,1.3
2002,Avery,26,60,0.433
2002,Payton,22,24,0.917
2002,Tristen,20,5,4.0
2002,Quinn,16,7,2.286
2002,Casey,13,7,1.857
2002,Morgan,13,119,0.109
2002,Justice,12,8,1.5
2002,Reese,12,9,1.333
2002,Alexis,11,197,0.056
2002,Skylar,11,19,0.579
2002,Sage,10,8,1.25
2002,Jadyn,9,18,0.5
2002,Jaiden,8,13,0.615
2002,Kendall,8,13,0.615
2002,Tristin,8,6,1.333
2002,Bailey,7,62,0.113
2002,Dominique,6,5,1.2
2002,Addison,5,59,0.085
2002,Ariel,5,8,0.625
2002,Harley,5,17,0.294
2002,Montana,5,6,0.833
2002,Teagan,5,9,0.556
2003,Tyler,190,10,19.0
2003,Logan,184,19,9.684
2003,Dylan,161,6,26.833
2003,Ryan,142,7,20.286
2003,Jordan,96,58,1.655
2003,Cameron,86,12,7.167
2003,Dakota,76,12,6.333
2003,Ashton,74,19,3.895
2003,Chase,69,6,11.5
2003,Hayden,67,10,6.7
2003,Angel,59,21,2.81
2003,Jayden,59,27,2.185
2003,Jaden,53,23,2.304
2003,Parker,43,10,4.3
2003,Adrian,42,6,7.0
2003,Riley,41,75,0.547
2003,Peyton,35,27,1.296
2003,Payton,25,30,0.833
2003,Skyler,24,15,1.6
2003,Devon,23,5,4.6
2003,Taylor,23,125,0.184
2003,Reece,19,9,2.111
2003,Alexis,18,160,0.112
2003,Avery,18,56,0.321
2003,Skylar,18,17,1.059
2003,Quinn,15,6,2.5
2003,Tristen,15,5,3.0
2003,Harley,13,20,0.65
2003,Morgan,13,94,0.138
2003,Jaiden,9,12,0.75
2003,Justice,9,22,0.409
2003,Kendall,7,16,0.438
2003,Bailey,6,56,0.107
2003,Reese,6,19,0.316
2003,Sage,6,11,0.545
2003,Addison,5,49,0.102
2003,Ariel,5,8,0.625
2004,Tyler,174,5,34.8
2004,Logan,158,9,17.556
2004,Hunter,96,6,16.0
2004,Jordan,91,44,2.068
2004,Cameron,90,15,6.0
2004,Angel,79,28,2.821
2004,Ashton,71,7,10.143
2004,Hayden,70,11,6.364
2004,Jayden,67,29,2.31
2004,Dakota,57,14,4.071
2004,Parker,56,6,9.333
2004,Riley,54,61,0.885
2004,Peyton,49,38,1.289
2004,Jaden,38,22,1.727
2004,Alexis,32,137,0.234
2004,Payton,30,32,0.938
2004,Taylor,27,93,0.29
2004,Skyler,26,9,2.889
2004,Micah,21,6,3.5
2004,Avery,20,85,0.235
2004,Jaiden,19,16,1.188
2004,Skylar,18,19,0.947
2004,Morgan,15,85,0.176
2004,Reece,15,7,2.143
2004,Kayden,13,5,2.6
2004,Casey,12,8,1.5
2004,Justice,10,11,0.909
2004,Jamie,8,15,0.533
2004,Kendall,8,16,0.5
2004,Harley,7,9,0.778
2004,Reese,5,33,0.152
2005,Logan,173,13,13.308
2005,Dylan,150,8,18.75
2005,Ryan,120,8,15.0
2005,Jordan,75,29,2.586
2005,Carson,73,5,14.6
2005,Hayden,73,11,6.636
2005,Jayden,69,26,2.654
2005,Cameron,68,10,6.8
2005,Angel,67,19,3.526
2005,Riley,58,64,0.906
2005,Jaden,57,17,3.353
2005,Peyton,56,36,1.556
2005,Ashton,54,6,9.0
2005,Dakota,53,15,3.533
2005,Parker,51,13,3.923
2005,Micah,31,6,5.167
2005,Payton,29,35,0.829
2005,Skyler,28,9,3.111
2005,Rylan,26,6,4.333
2005,Alexis,25,151,0.166
2005,Taylor,22,108,0.204
2005,Avery,21,105,0.2
2005,Reece,18,10,1.8
2005,Kendall,13,17,0.765
2005,Jaiden,12,10,1.2
2005,Reese,11,25,0.44
2005,Morgan,10,83,0.12
2005,Charlie,9,5,1.8
2005,Skylar,9,17,0.529
2005,Justice,8,11,0.727
2005,Phoenix,8,10,0.8
2005,Sage,8,7,1.143
2005,Harley,7,13,0.538
2005,Jessie,6,8,0.75
2005,Reagan,6,35,0.171
2005,Tegan,6,5,1.2
2005,Addison,5,73,0.068
2005,Ali,5,8,0.625
2005,Bailey,5,58,0.086
2005,Campbell,5,11,0.455
2005,Emery,5,15,0.333
2005,Teagan,5,6,0.833
2006,Logan,199,8,24.875
2006,Ryan,107,12,8.917
2006,Hayden,86,8,10.75
2006,Angel,80,16,5.0
2006,Cameron,77,7,11.0
2006,Jayden,77,25,3.08
2006,Jordan,76,31,2.452
2006,Tristan,50,5,10.0
2006,Ashton,46,7,6.571
2006,Riley,46,72,0.639
2006,Dakota,45,24,1.875
2006,Peyton,44,45,0.978
2006,Jaden,36,16,2.25
2006,Micah,32,7,4.571
2006,Rylan,26,6,4.333
2006,Taylor,25,104,0.24
2006,Avery,22,98,0.224
2006,Skyler,21,11,1.909
2006,Alexis,20,166,0.12
2006,Payton,19,30,0.633
2006,Reece,16,8,2.0
2006,Quinn,13,9,1.444
2006,Jaiden,12,12,1.0
2006,Phoenix,11,9,1.222
2006,Skylar,10,22,0.455
2006,Reese,9,39,0.231
2006,Morgan,8,78,0.103
2006,Casey,7,9,0.778
2006,Harper,7,10,0.7
2006,Jamie,7,7,1.0
2006,Justice,7,8,0.875
2006,Sage,7,14,0.5
2006,River,6,5,1.2
2006,Rowan,6,7,0.857
2006,Kendall,5,28,0.179
2007,Logan,181,11,16.455
2007,Tyler,156,7,22.286
2007,Cooper,117,5,23.4
2007,Jayden,115,26,4.423
2007,Hunter,109,5,21.8
2007,Ryan,99,10,9.9
2007,Angel,85,21,4.048
2007,Jordan,84,38,2.211
2007,Hayden,81,25,3.24
2007,Cameron,80,10,8.0
2007,Parker,77,12,6.417
2007,Tristan,66,5,13.2
2007,Adrian,56,5,11.2
2007,Jaden,56,7,8.0
2007,Peyton,49,42,1.167
2007,Dakota,39,20,1.95
2007,Kayden,39,9,4.333
2007,Micah,39,7,5.571
2007,Riley,35,47,0.745
2007,Avery,21,114,0.184
2007,Skyler,21,9,2.333
2007,Alexis,20,124,0.161
2007,Taylor,19,106,0.179
2007,Payton,18,40,0.45
2007,Reece,17,12,1.417
2007,Jaiden,16,6,2.667
2007,Justice,13,9,1.444
2007,Kameron,13,5,2.6
2007,Quinn,13,7,1.857
2007,Kasey,12,5,2.4
2007,Rowan,12,10,1.2
2007,Reese,9,47,0.191
2007,Skylar,9,14,0.643
2007,Kendall,8,19,0.421
2007,Charlie,7,6,1.167
2007,Teagan,7,17,0.412
2007,Emery,6,6,1.0
2007,Harley,6,8,0.75
2007,Bailey,5,63,0.079
2007,Brecken,5,5,1.0
2007,Kelly,5,9,0.556
2008,Jayden,129,25,5.16
2008,Hunter,101,7,14.429
2008,Cameron,86,18,4.778
2008,Hayden,83,37,2.243
2008,Angel,75,17,4.412
2008,Jordan,73,26,2.808
2008,Aidan,65,5,13.0
2008,Parker,65,11,5.909
2008,Carson,59,5,11.8
2008,Riley,53,59,0.898
2008,Peyton,52,77,0.675
2008,Alex,50,5,10.0
2008,Ayden,50,5,10.0
2008,Kayden,37,12,3.083
2008,Jaden,36,12,3.0
2008,Micah,32,6,5.333
2008,Ashton,30,5,6.0
2008,Rylan,27,8,3.375
2008,Avery,26,100,0.26
2008,Dakota,20,14,1.429
2008,Reece,20,7,2.857
2008,Jaiden,18,8,2.25
2008,Dallas,15,7,2.143
2008,Taylor,15,93,0.161
2008,Rowan,14,6,2.333
2008,Payton,12,47,0.255
2008,Charlie,11,8,1.375
2008,Quinn,11,6,1.833
2008,Alexis,9,100,0.09
2008,Phoenix,9,5,1.8
2008,Brecken,8,5,1.6
2008,Morgan,8,60,0.133
2008,Reese,8,33,0.242
2008,Skylar,8,18,0.444
2008,Harper,7,25,0.28
2008,Justice,7,11,0.636
2008,Jessie,6,9,0.667
2008,Teagan,6,7,0.857
2008,Amari,5,9,0.556
2008,Harley,5,16,0.312
2008,Kendall,5,15,0.333
2009,Logan,154,9,17.111
2009,Jayden,110,26,4.231
2009,Ryan,101,5,20.2
2009,Dylan,96,6,16.0
2009,Angel,86,10,8.6
2009,Adrian,81,9,9.0
2009,Hayden,78,35,2.229
2009,Parker,77,9,8.556
2009,Jordan,73,14,5.214
2009,Cameron,66,7,9.429
2009,Micah,41,8,5.125
2009,Rylan,38,7,5.429
2009,Riley,36,63,0.571
2009,Peyton,33,65,0.508
2009,Kayden,28,6,4.667
2009,Jaden,22,5,4.4
2009,Jaiden,21,10,2.1
2009,Avery,19,108,0.176
2009,Dakota,19,8,2.375
2009,Quinn,18,8,2.25
2009,Skyler,18,8,2.25
2009,Charlie,16,5,3.2
2009,Payton,14,49,0.286
2009,Reece,14,9,1.556
2009,Alexis,12,134,0.09
2009,Emerson,12,17,0.706
2009,Taylor,12,88,0.136
2009,Elliot,10,5,2.0
2009,Finley,10,13,0.769
2009,Skylar,10,8,1.25
2009,Brecken,9,6,1.5
2009,Harper,9,47,0.191
2009,Justice,9,5,1.8
2009,Leighton,9,9,1.0
2009,Eden,7,17,0.412
2009,London,7,7,1.0
2009,Reese,7,30,0.233
2009,Tegan,7,5,1.4
2009,Harley,6,10,0.6
2009,Teagan,6,23,0.261
2009,Camryn,5,16,0.312
2009,Courtney,5,10,0.5
2009,Emery,5,28,0.179
2009,Jadyn,5,10,0.5
2009,Lyric,5,10,0.5
2009,Morgan,5,61,0.082
2010,Logan,141,6,23.5
2010,Jayden,133,18,7.389
2010,Hunter,104,5,20.8
2010,Dylan,82,8,10.25
2010,Jordan,68,23,2.957
2010,Angel,66,11,6.0
2010,Cameron,63,7,9.0
2010,Parker,57,6,9.5
2010,Hayden,53,29,1.828
2010,Riley,42,43,0.977
2010,Rylan,38,10,3.8
2010,Alex,36,5,7.2
2010,Peyton,32,58,0.552
2010,Sawyer,32,6,5.333
2010,Avery,30,126,0.238
2010,Dakota,24,14,1.714
2010,Charlie,21,9,2.333
2010,Jaiden,19,6,3.167
2010,Alexis,18,109,0.165
2010,Skyler,17,8,2.125
2010,Reece,15,9,1.667
2010,Elliot,13,5,2.6
2010,Brecken,12,5,2.4
2010,Elliott,12,7,1.714
2010,Quinn,12,17,0.706
2010,Payton,11,38,0.289
2010,Emery,10,23,0.435
2010,Harley,10,9,1.111
2010,Remington,10,6,1.667
2010,Jaylen,9,6,1.5
2010,Justice,9,10,0.9
2010,Rowan,9,5,1.8
2010,Amari,8,10,0.8
2010,Taylor,8,64,0.125
2010,Teagan,8,15,0.533
2010,Emerson,7,13,0.538
2010,Reese,7,42,0.167
2010,Skylar,7,14,0.5
2010,Tatum,7,23,0.304
2010,Finley,6,12,0.5
2010,Kendall,6,23,0.261
2010,Landry,6,7,0.857
2010,London,6,17,0.353
2010,Morgan,6,42,0.143
2010,Ali,5,6,0.833
2010,Jordyn,5,26,0.192
2010,Sage,5,13,0.385
2011,Logan,143,5,28.6
2011,Jayden,109,13,8.385
2011,Ryan,83,6,13.833
2011,Blake,80,7,11.429
2011,Cameron,69,5,13.8
2011,Dylan,69,7,9.857
2011,Hayden,66,27,2.444
2011,Parker,66,15,4.4
2011,Jordan,65,19,3.421
2011,Angel,64,8,8.0
2011,Micah,46,5,9.2
2011,Riley,39,45,0.867
2011,Sawyer,32,7,4.571
2011,Avery,29,113,0.257
2011,Dakota,25,8,3.125
2011,Charlie,24,14,1.714
2011,Peyton,24,50,0.48
2011,Elliot,18,9,2.0
2011,Emerson,16,15,1.067
2011,Landry,14,10,1.4
2011,Elliott,13,9,1.444
2011,Phoenix,13,11,1.182
2011,Reece,13,5,2.6
2011,Alexis,11,77,0.143
2011,Amari,11,5,2.2
2011,Quinn,11,29,0.379
2011,Rowan,11,14,0.786
2011,Tatum,11,20,0.55
2011,Brecken,10,6,1.667
2011,Remington,9,7,1.286
2011,Harper,8,77,0.104
2011,Taylor,8,35,0.229
2011,Teagan,8,33,0.242
2011,Kendall,7,27,0.259
2011,London,7,15,0.467
2011,Payton,7,45,0.156
2011,Sage,7,11,0.636
2011,Harley,6,8,0.75
2011,Skylar,6,15,0.4
2011,Jadyn,5,5,1.0
2012,Logan,137,8,17.125
2012,Bentley,95,6,15.833
2012,Jayden,93,10,9.3
2012,Parker,80,16,5.0
2012,Dylan,74,7,10.571
2012,Blake,71,6,11.833
2012,Angel,70,14,5.0
2012,Cameron,64,6,10.667
2012,Jordan,60,17,3.529
2012,Sawyer,44,8,5.5
2012,Hayden,37,22,1.682
2012,Riley,36,49,0.735
2012,Avery,26,137,0.19
2012,Dakota,24,16,1.5
2012,Peyton,24,47,0.511
2012,Elliot,20,9,2.222
2012,Elliott,19,5,3.8
2012,Emerson,18,18,1.0
2012,Charlie,16,14,1.143
2012,Tatum,15,23,0.652
2012,Landry,14,8,1.75
2012,Taylor,13,39,0.333
2012,Alexis,12,67,0.179
2012,Jaden,12,6,2.0
2012,Payton,11,42,0.262
2012,Remington,11,5,2.2
2012,Jaiden,10,5,2.0
2012,Quinn,10,25,0.4
2012,Harley,9,21,0.429
2012,London,9,18,0.5
2012,Reece,9,5,1.8
2012,Amari,8,9,0.889
2012,Brecken,8,7,1.143
2012,Finley,8,19,0.421
2012,Rowan,8,6,1.333
2012,Sutton,8,8,1.0
2012,Emery,7,36,0.194
2012,Kendall,6,34,0.176
2012,Lyric,6,17,0.353
2012,Morgan,6,34,0.176
2012,Rylee,6,36,0.167
2012,Channing,5,5,1.0
2012,Harper,5,115,0.043
2012,Journey,5,12,0.417
2013,Logan,114,6,19.0
2013,Jayden,84,9,9.333
2013,Parker,70,25,2.8
2013,Jordan,61,15,4.067
2013,Angel,46,11,4.182
2013,Hayden,44,28,1.571
2013,Sawyer,31,11,2.818
2013,Rylan,27,7,3.857
2013,Riley,26,46,0.565
2013,Elliott,22,5,4.4
2013,Avery,21,119,0.176
2013,Peyton,19,43,0.442
2013,Skyler,18,6,3.0
2013,Emerson,17,18,0.944
2013,Karter,17,7,2.429
2013,Landry,17,9,1.889
2013,Charlie,14,21,0.667
2013,Remington,13,6,2.167
2013,Taylor,13,31,0.419
2013,Rowan,12,15,0.8
2013,Elliot,11,10,1.1
2013,Payton,11,30,0.367
2013,Tatum,11,11,1.0
2013,Amari,10,6,1.667
2013,Rory,10,5,2.0
2013,Brecken,9,6,1.5
2013,Harley,9,9,1.0
2013,Justice,9,9,1.0
2013,Quinn,9,42,0.214
2013,River,9,10,0.9
2013,Eden,8,24,0.333
2013,Reece,8,9,0.889
2013,Finley,7,21,0.333
2013,Phoenix,7,8,0.875
2013,Teagan,7,19,0.368
2013,Quincy,6,5,1.2
2013,Alexis,5,53,0.094
2013,Haven,5,13,0.385
2013,Jamie,5,5,1.0
2013,Lyric,5,9,0.556
2013,Oakley,5,5,1.0
2013,Reese,5,30,0.167
2013,Sage,5,8,0.625
2014,Logan,131,9,14.556
2014,Carter,120,6,20.0
2014,Jordan,82,13,6.308
2014,Jayden,76,10,7.6
2014,Parker,72,25,2.88
2014,Dylan,60,8,7.5
2014,Angel,51,6,8.5
2014,Blake,50,7,7.143
2014,Ryder,50,8,6.25
2014,Sawyer,49,16,3.062
2014,Kayden,39,5,7.8
2014,Hayden,34,25,1.36
2014,Micah,34,6,5.667
2014,Riley,29,40,0.725
2014,Rylan,28,9,3.111
2014,Remington,25,13,1.923
2014,Avery,23,128,0.18
2014,Charlie,23,20,1.15
2014,Elliot,22,5,4.4
2014,Peyton,22,47,0.468
2014,Dallas,21,5,4.2
2014,Elliott,21,11,1.909
2014,Rowan,19,17,1.118
2014,Brecken,15,5,3.0
2014,Jensen,15,5,3.0
2014,Dakota,13,12,1.083
2014,Emerson,12,17,0.706
2014,River,12,6,2.0
2014,Skyler,12,11,1.091
2014,Landry,11,6,1.833
2014,Quinn,11,34,0.324
2014,Reece,11,12,0.917
2014,Amari,10,7,1.429
2014,Oakley,10,8,1.25
2014,Alexis,9,48,0.188
2014,Emery,9,44,0.205
2014,Harley,9,18,0.5
2014,Payton,9,31,0.29
2014,Sage,9,7,1.286
2014,Rory,8,10,0.8
2014,Tatum,8,10,0.8
2014,Zion,6,5,1.2
2014,Laken,5,5,1.0
2014,Phoenix,5,6,0.833
2014,Sutton,5,5,1.0
2014,Taylor,5,35,0.143
2015,Carter,135,7,19.286
2015,Logan,135,15,9.0
2015,Hunter,104,6,17.333
2015,Parker,65,15,4.333
2015,Ryan,61,12,5.083
2015,Jordan,60,15,4.0
2015,Dylan,57,6,9.5
2015,Jayden,57,6,9.5
2015,Angel,50,7,7.143
2015,Sawyer,50,15,3.333
2015,Blake,46,11,4.182
2015,Cameron,45,6,7.5
2015,Hayden,40,21,1.905
2015,Micah,37,10,3.7
2015,Elliott,31,11,2.818
2015,Emerson,29,31,0.935
2015,Dawson,27,5,5.4
2015,Remington,25,11,2.273
2015,Avery,24,118,0.203
2015,Charlie,24,18,1.333
2015,Rowan,23,9,2.556
2015,Rylan,22,5,4.4
2015,Phoenix,19,7,2.714
2015,Riley,17,53,0.321
2015,Skyler,15,13,1.154
2015,Dakota,11,7,1.571
2015,Drew,11,5,2.2
2015,River,11,11,1.0
2015,Finley,10,25,0.4
2015,Leighton,10,12,0.833
2015,Quinn,10,47,0.213
2015,Rory,9,12,0.75
2015,Alexis,8,28,0.286
2015,Landry,8,7,1.143
2015,Peyton,8,33,0.242
2015,Gentry,6,8,0.75
2015,Harley,6,11,0.545
2015,London,6,13,0.462
2015,Sutton,6,11,0.545
2015,Tatum,6,20,0.3
2015,Teagan,6,11,0.545
2015,Camdyn,5,7,0.714
2015,Oakley,5,9,0.556
2015,Reese,5,25,0.2
2015,Sage,5,9,0.556
2015,Taylor,5,26,0.192
2016,Logan,105,10,10.5
2016,Carter,103,10,10.3
2016,Jayden,74,7,10.571
2016,Dylan,69,6,11.5
2016,Bentley,66,5,13.2
2016,Sawyer,66,20,3.3
2016,Carson,65,7,9.286
2016,Parker,55,18,3.056
2016,Cameron,52,8,6.5
2016,Angel,40,5,8.0
2016,Jordan,40,5,8.0
2016,Hayden,34,39,0.872
2016,Rowan,29,24,1.208
2016,Blake,28,10,2.8
2016,Avery,26,107,0.243
2016,Charlie,26,14,1.857
2016,Phoenix,25,6,4.167
2016,River,23,8,2.875
2016,Rylan,23,7,3.286
2016,Elliot,21,7,3.0
2016,Riley,21,58,0.362
2016,Elliott,18,8,2.25
2016,Remington,17,11,1.545
2016,Finley,14,34,0.412
2016,Karter,14,5,2.8
2016,Rory,14,7,2.0
2016,Dakota,13,14,0.929
2016,Taylor,13,26,0.5
2016,Ellis,12,7,1.714
2016,Quinn,12,59,0.203
2016,Ariel,11,23,0.478
2016,Skyler,11,13,0.846
2016,Peyton,10,32,0.312
2016,Reece,10,5,2.0
2016,Amari,9,5,1.8
2016,Emerson,9,27,0.333
2016,Baylor,8,5,1.6
2016,Justice,8,5,1.6
2016,Oakley,8,22,0.364
2016,Landry,7,7,1.0
2016,Lennox,7,8,0.875
2016,Remy,7,6,1.167
2016,Tatum,7,7,1.0
2016,Eden,6,23,0.261
2016,Gentry,6,5,1.2
2016,Haven,6,12,0.5
2016,Rylee,6,42,0.143
2016,Chandler,5,7,0.714
2016,Emery,5,48,0.104
2016,Leighton,5,10,0.5
2017,Logan,133,16,8.312
2017,Lincoln,124,5,24.8
2017,Carter,102,8,12.75
2017,Jayden,57,6,9.5
2017,Carson,56,6,9.333
2017,Sawyer,54,12,4.5
2017,Ryan,51,6,8.5
2017,Parker,48,24,2.0
2017,Rowan,48,18,2.667
2017,Dylan,45,5,9.0
2017,Angel,42,5,8.4
2017,Cameron,38,5,7.6
2017,Elliott,31,14,2.214
2017,Elliot,29,7,4.143
2017,Remington,29,19,1.526
2017,Jordan,28,7,4.0
2017,Avery,25,98,0.255
2017,Blake,25,11,2.273
2017,Emerson,25,27,0.926
2017,Phoenix,25,6,4.167
2017,Hayden,23,13,1.769
2017,Ellis,19,6,3.167
2017,River,19,19,1.0
2017,Karter,17,7,2.429
2017,Hendrix,16,5,3.2
2017,Dakota,15,8,1.875
2017,Riley,15,47,0.319
2017,Charlie,13,24,0.542
2017,Sterling,13,6,2.167
2017,Landry,12,10,1.2
2017,Sage,12,11,1.091
2017,Finley,11,27,0.407
2017,Lennox,11,8,1.375
2017,Oakley,10,16,0.625
2017,Reece,8,8,1.0
2017,Sutton,8,9,0.889
2017,Tatum,8,10,0.8
2017,Taylor,8,22,0.364
2017,Alexis,7,24,0.292
2017,Eden,7,22,0.318
2017,Hollis,7,5,1.4
2017,Peyton,7,33,0.212
2017,Rory,7,11,0.636
2017,Amari,6,8,0.75
2017,Jordyn,6,14,0.429
2017,London,6,17,0.353
2017,Quinn,6,36,0.167
2017,Remy,6,7,0.857
2017,Sloan,6,10,0.6
2017,Ariel,5,14,0.357
2017,Emery,5,43,0.116
2017,Leighton,5,12,0.417
2017,Skylar,5,29,0.172
2018,Logan,116,13,8.923
2018,Carter,96,10,9.6
2018,Dylan,50,5,10.0
2018,Angel,45,6,7.5
2018,Parker,44,24,1.833
2018,Cameron,40,6,6.667
2018,Jordan,39,8,4.875
2018,Sawyer,38,31,1.226
2018,Ryan,36,12,3.0
2018,Rowan,34,21,1.619
2018,Elliot,31,5,6.2
2018,Blake,27,20,1.35
2018,Remington,26,12,2.167
2018,Charlie,24,22,1.091
2018,Hayden,22,11,2.0
2018,Emerson,21,25,0.84
2018,Karter,20,11,1.818
2018,River,20,16,1.25
2018,Elliott,18,7,2.571
2018,Phoenix,17,10,1.7
2018,Riley,16,41,0.39
2018,Dakota,14,6,2.333
2018,Rylan,14,6,2.333
2018,Avery,13,99,0.131
2018,Finley,13,30,0.433
2018,Quinn,12,48,0.25
2018,Reece,12,6,2.0
2018,Drew,10,7,1.429
2018,Peyton,10,28,0.357
2018,Sterling,10,5,2.0
2018,Amari,9,7,1.286
2018,Baylor,9,7,1.286
2018,Camdyn,8,5,1.6
2018,Oakley,8,13,0.615
2018,Remy,8,5,1.6
2018,Ari,7,5,1.4
2018,Rory,7,9,0.778
2018,Whitley,7,5,1.4
2018,Alexis,6,15,0.4
2018,Sage,6,12,0.5
2018,Skyler,6,7,0.857
2018,Sutton,6,10,0.6
2018,Emery,5,41,0.122
2018,Landry,5,8,0.625
2018,Lennox,5,7,0.714
2018,Skylar,5,30,0.167
2018,Tatum,5,18,0.278
2019,Lincoln,102,6,17.0
2019,Logan,93,13,7.154
2019,Carter,81,10,8.1
2019,Ezra,71,7,10.143
2019,Parker,56,33,1.697
2019,Angel,53,7,7.571
2019,Cameron,52,7,7.429
2019,Dylan,49,5,9.8
2019,Bentley,47,5,9.4
2019,Sawyer,45,26,1.731
2019,Rowan,43,18,2.389
2019,Jordan,33,11,3.0
2019,Hayden,31,21,1.476
2019,Remington,31,22,1.409
2019,Jayden,29,5,5.8
2019,Elliott,28,17,1.647
2019,Blake,24,19,1.263
2019,Elliot,21,12,1.75
2019,Phoenix,21,14,1.5
2019,Karter,18,5,3.6
2019,River,18,14,1.286
2019,Rylan,18,5,3.6
2019,Amari,15,5,3.0
2019,Riley,15,52,0.288
2019,Emerson,14,26,0.538
2019,Huxley,13,6,2.167
2019,Baylor,12,6,2.0
2019,Oakley,12,20,0.6
2019,Avery,11,77,0.143
2019,Charlie,11,21,0.524
2019,Peyton,11,21,0.524
2019,Sutton,11,12,0.917
2019,Finley,10,23,0.435
2019,Lennox,10,5,2.0
2019,Dallas,9,5,1.8
2019,Ariel,8,9,0.889
2019,Dakota,8,13,0.615
2019,Reece,8,5,1.6
2019,Rory,8,12,0.667
2019,Finnley,6,6,1.0
2019,Kendall,6,18,0.333
2019,Morgan,6,22,0.273
2019,Sage,6,14,0.429
2019,Tatum,6,9,0.667
2019,Briar,5,13,0.385
2019,Eden,5,32,0.156
2019,Jessie,5,7,0.714
2019,Kamryn,5,7,0.714
2019,Landry,5,6,0.833
2019,Lennon,5,5,1.0
2019,Quinn,5,33,0.152
2020,Logan,77,10,7.7
2020,Carter,76,7,10.857
2020,Ezra,75,7,10.714
2020,Rowan,48,21,2.286
2020,Cameron,41,8,5.125
2020,Parker,38,42,0.905
2020,Ryan,38,11,3.455
2020,Jordan,36,7,5.143
2020,Angel,33,6,5.5
2020,Dylan,33,5,6.6
2020,Remington,29,23,1.261
2020,River,29,24,1.208
2020,Sawyer,29,28,1.036
2020,Elliott,28,7,4.0
2020,Elliot,27,17,1.588
2020,Avery,24,70,0.343
2020,Charlie,21,25,0.84
2020,Emerson,21,27,0.778
2020,Blake,18,21,0.857
2020,Hayden,16,16,1.0
2020,Finley,13,22,0.591
2020,Phoenix,13,13,1.0
2020,Sutton,12,24,0.5
2020,Ashton,11,5,2.2
2020,Ellis,10,5,2.0
2020,Brecken,9,9,1.0
2020,Dakota,9,8,1.125
2020,Landry,9,8,1.125
2020,Layne,9,5,1.8
2020,Nova,9,47,0.191
2020,Oakley,9,30,0.3
2020,Quinn,9,32,0.281
2020,Riley,9,42,0.214
2020,Rory,9,10,0.9
2020,Lennox,8,6,1.333
2020,Remy,8,10,0.8
2020,Spencer,8,8,1.0
2020,Amari,7,7,1.0
2020,Ari,7,5,1.4
2020,Kendall,7,11,0.636
2020,Ariel,6,10,0.6
2020,Harley,6,8,0.75
2020,Sage,6,18,0.333
2020,Briar,5,12,0.417
2020,Eden,5,23,0.217
2020,Peyton,5,25,0.2
2020,Tatum,5,24,0.208
2021,Noah,152,6,25.333
2021,Ezra,93,6,15.5
2021,Carter,88,8,11.0
2021,Logan,71,15,4.733
2021,Bennett,70,5,14.0
2021,Parker,51,36,1.417
2021,Rowan,48,16,3.0
2021,Dylan,46,6,7.667
2021,Atlas,35,6,5.833
2021,River,35,24,1.458
2021,Sawyer,34,21,1.619
2021,Cameron,33,12,2.75
2021,Elliott,33,7,4.714
2021,Hayden,32,21,1.524
2021,Jordan,27,10,2.7
2021,Ryan,27,5,5.4
2021,Theo,25,5,5.0
2021,Charlie,24,24,1.0
2021,Elliot,20,11,1.818
2021,Remington,20,19,1.053
2021,Blake,18,12,1.5
2021,Sterling,17,5,3.4
2021,Emerson,16,23,0.696
2021,Baylor,15,10,1.5
2021,Phoenix,15,7,2.143
2021,Sutton,15,29,0.517
2021,Avery,14,70,0.2
2021,Finley,14,17,0.824
2021,Karter,14,7,2.0
2021,Riley,14,39,0.359
2021,Ellis,13,8,1.625
2021,Tyler,13,5,2.6
2021,Rory,12,8,1.5
2021,Spencer,12,7,1.714
2021,Armani,11,5,2.2
2021,Lennox,11,6,1.833
2021,Oakley,11,21,0.524
2021,Amari,10,11,0.909
2021,Dakota,10,11,0.909
2021,Dallas,10,5,2.0
2021,Quincy,9,5,1.8
2021,Salem,9,8,1.125
2021,Drew,8,9,0.889
2021,Peyton,8,28,0.286
2021,Eden,7,23,0.304
2021,Landry,7,7,1.0
2021,Quinn,7,37,0.189
2021,Briar,6,17,0.353
2021,Sage,6,21,0.286
2021,Tatum,6,28,0.214
2021,Whitley,6,7,0.857
2021,Ariel,5,16,0.312
2021,Lennon,5,13,0.385
2021,Lyric,5,5,1.0
2021,Morgan,5,15,0.333
2021,Palmer,5,23,0.217
