YOB,Name,mFrequency,fFrequency,mForF
1910,Mary,6,989,0.006
1911,James,361,6,60.167
1911,Francis,195,5,39.0
1912,John,1276,5,255.2
1912,Carmen,6,8,0.75
1912,Mary,6,1636,0.004
1913,William,880,8,110.0
1913,Francis,368,5,73.6
1913,Leslie,19,5,3.8
1913,Jean,6,90,0.067
1914,John,1986,6,331.0
1914,Joseph,1369,6,228.167
1914,William,1216,5,243.2
1914,Charles,752,6,125.333
1914,Edward,717,6,119.5
1914,Francis,471,9,52.333
1914,Jean,7,136,0.051
1914,Mary,6,2497,0.002
1915,John,2291,7,327.286
1915,Joseph,1557,6,259.5
1915,William,1318,5,263.6
1915,James,902,5,180.4
1915,Francis,581,8,72.625
1915,Anthony,352,6,58.667
1915,Leslie,37,9,4.111
1915,Lee,14,7,2.0
1915,Carmen,10,7,1.429
1915,Jean,9,158,0.057
1915,Camille,8,7,1.143
1915,Merle,6,6,1.0
1915,Ruth,5,877,0.006
1916,John,2405,7,343.571
1916,Joseph,1662,7,237.429
1916,George,979,6,163.167
1916,Charles,903,5,180.6
1916,Edward,897,5,179.4
1916,Francis,606,10,60.6
1916,Jean,11,171,0.064
1916,Carmen,8,8,1.0
1916,Helen,7,1473,0.005
1916,Merle,7,6,1.167
1916,Lee,6,8,0.75
1916,Camille,5,9,0.556
1917,John,2471,8,308.875
1917,William,1519,6,253.167
1917,Charles,917,5,183.4
1917,Francis,631,10,63.1
1917,Leslie,44,5,8.8
1917,Carmen,15,5,3.0
1917,Jean,15,197,0.076
1917,Lee,11,9,1.222
1917,Camille,7,6,1.167
1917,Mary,6,2818,0.002
1917,Merle,6,5,1.2
1917,Frances,5,519,0.01
1918,John,2657,11,241.545
1918,Joseph,1787,8,223.375
1918,William,1587,10,158.7
1918,James,1137,9,126.333
1918,Francis,639,11,58.091
1918,Ray,19,5,3.8
1918,Lee,13,5,2.6
1918,Jean,10,171,0.058
1918,Frances,8,529,0.015
1918,Camille,7,12,0.583
1918,Helen,6,1588,0.004
1918,Marion,5,438,0.011
1919,John,2407,12,200.583
1919,William,1389,5,277.8
1919,Robert,1245,9,138.333
1919,George,1071,9,119.0
1919,Charles,857,5,171.4
1919,Francis,588,8,73.5
1919,Richard,566,7,80.857
1919,Carmen,20,6,3.333
1919,Jean,11,204,0.054
1919,Lee,11,10,1.1
1920,John,2700,9,300.0
1920,William,1715,6,285.833
1920,George,1080,5,216.0
1920,Charles,909,9,101.0
1920,Thomas,678,5,135.6
1920,Francis,659,8,82.375
1920,Leslie,31,7,4.429
1920,Jean,17,228,0.075
1920,Carmen,14,8,1.75
1920,Lee,12,6,2.0
1920,Merle,7,6,1.167
1920,Beverly,5,36,0.139
1921,John,2784,10,278.4
1921,Robert,1785,8,223.125
1921,Joseph,1730,11,157.273
1921,William,1647,5,329.4
1921,Francis,697,6,116.167
1921,Carmen,19,11,1.727
1921,Jean,10,262,0.038
1921,Camille,5,6,0.833
1922,John,2596,10,259.6
1922,Robert,1729,6,288.167
1922,William,1725,5,345.0
1922,Joseph,1648,9,183.111
1922,George,1204,5,240.8
1922,Richard,767,7,109.571
1922,Francis,684,7,97.714
1922,Frank,621,5,124.2
1922,Leslie,47,7,6.714
1922,Carmen,16,10,1.6
1922,Jean,14,291,0.048
1922,Lee,12,10,1.2
1922,Frances,8,472,0.017
1922,Camille,6,9,0.667
1922,Mary,6,2847,0.002
1922,Marion,5,418,0.012
1923,John,2655,10,265.5
1923,Robert,1950,11,177.273
1923,William,1780,7,254.286
1923,Joseph,1739,10,173.9
1923,James,1254,10,125.4
1923,George,1191,5,238.2
1923,Charles,914,5,182.8
1923,Carmen,21,14,1.5
1923,Jean,18,325,0.055
1923,Frances,6,461,0.013
1923,Mary,6,2779,0.002
1923,Shirley,6,449,0.013
1924,John,2810,13,216.154
1924,Robert,2246,17,132.118
1924,William,1812,9,201.333
1924,Joseph,1657,9,184.111
1924,James,1288,5,257.6
1924,Richard,1004,8,125.5
1924,Francis,739,7,105.571
1924,Jean,29,368,0.079
1924,Carmen,17,6,2.833
1924,Lee,17,7,2.429
1924,Mary,11,2746,0.004
1924,Gene,9,5,1.8
1924,Frances,6,504,0.012
1924,Merle,6,6,1.0
1924,Shirley,5,527,0.009
1925,John,2647,9,294.111
1925,Robert,2288,12,190.667
1925,William,1778,8,222.25
1925,Joseph,1657,6,276.167
1925,George,1188,6,198.0
1925,Edward,1136,5,227.2
1925,Richard,1059,7,151.286
1925,Charles,842,8,105.25
1925,Francis,683,9,75.889
1925,Frank,537,5,107.4
1925,Leslie,36,7,5.143
1925,Carmen,18,13,1.385
1925,Jean,16,441,0.036
1925,Lee,14,6,2.333
1925,Merle,5,5,1.0
1926,John,2632,11,239.273
1926,Robert,2366,10,236.6
1926,William,1767,8,220.875
1926,Joseph,1512,9,168.0
1926,James,1216,11,110.545
1926,George,1131,9,125.667
1926,Edward,1075,5,215.0
1926,Charles,905,6,150.833
1926,Thomas,644,5,128.8
1926,Harold,372,5,74.4
1926,Jean,28,601,0.047
1926,Carmen,26,10,2.6
1926,Gene,13,6,2.167
1926,Lee,11,10,1.1
1926,Dorothy,6,1141,0.005
1926,Margaret,5,807,0.006
1926,Marie,5,492,0.01
1927,John,2654,11,241.273
1927,Robert,2485,16,155.312
1927,William,1747,8,218.375
1927,Joseph,1451,10,145.1
1927,Richard,1324,7,189.143
1927,James,1247,7,178.143
1927,Edward,1153,10,115.3
1927,George,1078,8,134.75
1927,Charles,921,5,184.2
1927,Francis,734,10,73.4
1927,Norman,286,6,47.667
1927,Leslie,38,5,7.6
1927,Jean,22,573,0.038
1927,Carmen,19,8,2.375
1927,Gene,14,6,2.333
1927,Lee,9,10,0.9
1927,Alice,6,482,0.012
1927,Mary,6,2260,0.003
1927,Doris,5,627,0.008
1927,Helen,5,863,0.006
1928,Robert,2614,13,201.077
1928,John,2597,21,123.667
1928,William,1676,6,279.333
1928,Richard,1468,8,183.5
1928,Joseph,1376,6,229.333
1928,James,1220,6,203.333
1928,Charles,871,5,174.2
1928,Donald,842,10,84.2
1928,Francis,671,8,83.875
1928,Thomas,662,5,132.4
1928,Raymond,566,5,113.2
1928,Arthur,565,5,113.0
1928,Walter,424,5,84.8
1928,Roger,222,5,44.4
1928,Jean,35,621,0.056
1928,Gene,25,6,4.167
1928,Carmen,22,9,2.444
1928,Frances,9,369,0.024
1928,Barbara,8,1272,0.006
1928,Mary,7,2150,0.003
1929,John,2439,20,121.95
1929,Robert,2433,12,202.75
1929,William,1650,10,165.0
1929,Richard,1451,8,181.375
1929,Joseph,1314,16,82.125
1929,James,1090,13,83.846
1929,Edward,960,8,120.0
1929,Donald,947,5,189.4
1929,Charles,798,7,114.0
1929,Francis,642,11,58.364
1929,Thomas,634,6,105.667
1929,Arthur,532,7,76.0
1929,Kenneth,277,5,55.4
1929,Jean,34,658,0.052
1929,Carmen,14,11,1.273
1929,Lee,13,8,1.625
1929,Camille,7,6,1.167
1929,Dorothy,5,972,0.005
1929,Frances,5,352,0.014
1929,Mary,5,1938,0.003
1930,Robert,2693,16,168.312
1930,John,2444,16,152.75
1930,William,1656,6,276.0
1930,Richard,1627,5,325.4
1930,James,1204,15,80.267
1930,Donald,950,7,135.714
1930,George,917,7,131.0
1930,Charles,841,7,120.143
1930,Paul,782,6,130.333
1930,Thomas,613,7,87.571
1930,Francis,591,6,98.5
1930,Leo,242,5,48.4
1930,Jean,24,694,0.035
1930,Leslie,23,7,3.286
1930,Lee,13,5,2.6
1930,Mary,7,1962,0.004
1930,Frances,5,327,0.015
1930,Patricia,5,623,0.008
1931,Robert,2536,7,362.286
1931,John,2270,16,141.875
1931,Richard,1658,9,184.222
1931,William,1449,13,111.462
1931,James,1127,5,225.4
1931,Donald,978,5,195.6
1931,Charles,809,7,115.571
1931,Paul,725,6,120.833
1931,Jean,27,605,0.045
1931,Carmen,11,9,1.222
1931,Dorothy,7,864,0.008
1931,Lee,7,10,0.7
1931,Mary,6,1795,0.003
1931,Joan,5,1080,0.005
1932,Robert,2689,16,168.062
1932,John,2408,10,240.8
1932,Richard,1719,5,343.8
1932,William,1543,7,220.429
1932,James,1182,7,168.857
1932,George,908,6,151.333
1932,Paul,754,6,125.667
1932,Lee,21,10,2.1
1932,Carmen,20,15,1.333
1932,Jean,18,606,0.03
1932,Barbara,6,1656,0.004
1932,Mary,6,1728,0.003
1932,Rose,6,230,0.026
1932,Theresa,6,306,0.02
1932,Carol,5,213,0.023
1932,Joan,5,1168,0.004
1932,Patricia,5,747,0.007
1933,Robert,2513,16,157.062
1933,John,2087,12,173.917
1933,William,1355,10,135.5
1933,James,1150,8,143.75
1933,Edward,783,6,130.5
1933,Leslie,34,8,4.25
1933,Lee,21,14,1.5
1933,Jean,18,587,0.031
1933,Carmen,11,8,1.375
1933,Mary,8,1513,0.005
1933,Dorothy,5,742,0.007
1933,Joan,5,1142,0.004
1933,Sydney,5,5,1.0
1934,Robert,2476,8,309.5
1934,John,2218,12,184.833
1934,Richard,1863,5,372.6
1934,William,1394,10,139.4
1934,Joseph,950,6,158.333
1934,Edward,792,6,132.0
1934,Paul,732,6,122.0
1934,Francis,482,5,96.4
1934,Leslie,25,7,3.571
1934,Lee,19,12,1.583
1934,Jean,18,533,0.034
1934,Mary,14,1507,0.009
1934,Carmen,13,6,2.167
1934,Joan,5,1123,0.004
1934,Margaret,5,530,0.009
1934,Patricia,5,909,0.006
1935,Robert,2482,6,413.667
1935,John,2139,12,178.25
1935,James,1202,6,200.333
1935,Joseph,923,6,153.833
1935,George,799,6,133.167
1935,Leslie,28,14,2.0
1935,Lee,20,26,0.769
1935,Jean,16,489,0.033
1935,Carmen,12,5,2.4
1935,Mary,7,1424,0.005
1935,Barbara,6,1274,0.005
1935,Patsy,6,5,1.2
1935,Shirley,6,939,0.006
1935,Patricia,5,1044,0.005
1936,Robert,2599,8,324.875
1936,John,2156,12,179.667
1936,William,1396,6,232.667
1936,Edward,792,5,158.4
1936,Leslie,30,14,2.143
1936,Lee,28,14,2.0
1936,Jean,11,449,0.024
1936,Carroll,10,5,2.0
1936,Joan,9,1087,0.008
1936,Mary,9,1430,0.006
1936,Joyce,7,209,0.033
1936,Patsy,7,5,1.4
1936,Shirley,7,536,0.013
1936,Carol,6,682,0.009
1936,Beverly,5,381,0.013
1936,Dale,5,13,0.385
1936,Helen,5,348,0.014
1936,Patricia,5,1034,0.005
1937,Robert,2789,9,309.889
1937,John,2103,9,233.667
1937,Richard,1721,8,215.125
1937,William,1406,6,234.333
1937,David,959,5,191.8
1937,Donald,876,8,109.5
1937,Thomas,702,5,140.4
1937,Lee,39,8,4.875
1937,Leslie,27,12,2.25
1937,Jean,19,430,0.044
1937,Carmen,11,9,1.222
1937,Carol,11,787,0.014
1937,Dale,11,6,1.833
1937,Mary,7,1364,0.005
1937,Patricia,7,1136,0.006
1937,Nancy,6,715,0.008
1937,Joan,5,931,0.005
1938,John,2201,9,244.556
1938,Richard,1788,5,357.6
1938,William,1380,5,276.0
1938,Joseph,947,5,189.4
1938,Charles,676,5,135.2
1938,Lee,27,11,2.455
1938,Leslie,22,11,2.0
1938,Carmen,18,9,2.0
1938,Dale,14,9,1.556
1938,Jean,12,404,0.03
1938,Carol,8,1005,0.008
1938,Patricia,8,1098,0.007
1938,Frances,6,262,0.023
1938,Nancy,6,717,0.008
1938,Margaret,5,533,0.009
1938,Mary,5,1275,0.004
1939,Robert,2601,7,371.571
1939,John,2272,5,454.4
1939,William,1422,7,203.143
1939,James,1254,6,209.0
1939,Edward,698,8,87.25
1939,Donald,683,5,136.6
1939,Lee,30,10,3.0
1939,Leslie,24,9,2.667
1939,Dale,21,10,2.1
1939,Carmen,12,8,1.5
1939,Jean,10,348,0.029
1939,Mary,7,1303,0.005
1939,Patricia,6,1179,0.005
1939,Barbara,5,1105,0.005
1939,Carol,5,1035,0.005
1939,Janet,5,384,0.013
1939,Joan,5,846,0.006
1939,Margaret,5,495,0.01
1940,Robert,2641,5,528.2
1940,John,2387,12,198.917
1940,Richard,1981,8,247.625
1940,James,1314,7,187.714
1940,Thomas,826,6,137.667
1940,Charles,719,5,143.8
1940,Donald,637,6,106.167
1940,Francis,392,5,78.4
1940,Lee,35,17,2.059
1940,Leslie,32,16,2.0
1940,Dale,16,13,1.231
1940,Jean,14,428,0.033
1940,Noel,8,5,1.6
1940,Carol,6,1009,0.006
1940,Lynn,6,5,1.2
1940,Patricia,6,1229,0.005
1940,Barbara,5,1140,0.004
1940,Camille,5,12,0.417
1940,Joan,5,746,0.007
1940,Judith,5,1109,0.005
1940,Nancy,5,726,0.007
1940,Robin,5,7,0.714
1941,Robert,2682,7,383.143
1941,John,2538,8,317.25
1941,Richard,2150,9,238.889
1941,William,1674,6,279.0
1941,James,1393,6,232.167
1941,Henry,208,5,41.6
1941,Lee,40,27,1.481
1941,Leslie,32,50,0.64
1941,Dana,21,5,4.2
1941,Carmen,19,12,1.583
1941,Dale,14,13,1.077
1941,Jean,14,413,0.034
1941,Mary,10,1439,0.007
1941,Terry,9,6,1.5
1941,Carol,8,1076,0.007
1941,Joan,8,746,0.011
1941,Lynn,8,19,0.421
1941,Patricia,8,1440,0.006
1941,Barbara,6,1114,0.005
1941,Margaret,5,568,0.009
1942,Robert,3172,13,244.0
1942,John,3019,8,377.375
1942,Richard,2389,7,341.286
1942,William,1986,9,220.667
1942,James,1854,5,370.8
1942,Joseph,1257,5,251.4
1942,Charles,864,5,172.8
1942,Ronald,812,5,162.4
1942,George,799,5,159.8
1942,Lee,56,33,1.697
1942,Leslie,35,64,0.547
1942,Gene,21,5,4.2
1942,Terry,20,6,3.333
1942,Dale,19,17,1.118
1942,Carmen,18,10,1.8
1942,Jean,18,436,0.041
1942,Carol,15,1474,0.01
1942,Jan,11,5,2.2
1942,Noel,11,6,1.833
1942,Joanne,8,377,0.021
1942,Patricia,8,1509,0.005
1942,Mary,7,1625,0.004
1942,Ronnie,7,6,1.167
1942,Judith,5,1340,0.004
1943,Robert,3142,6,523.667
1943,John,3097,9,344.111
1943,Richard,2443,10,244.3
1943,William,2108,7,301.143
1943,James,1884,5,376.8
1943,Donald,801,7,114.429
1943,Kenneth,599,6,99.833
1943,Leslie,52,66,0.788
1943,Lee,34,32,1.062
1943,Dale,21,24,0.875
1943,Jean,18,437,0.041
1943,Terry,14,10,1.4
1943,Jan,11,6,1.833
1943,Carmen,8,7,1.143
1943,Robin,8,13,0.615
1943,Mary,7,1703,0.004
1943,Carol,6,1357,0.004
1943,Sydney,6,5,1.2
1943,Lynn,5,29,0.172
1943,Sandra,5,924,0.005
1943,Susan,5,806,0.006
1944,Robert,2951,8,368.875
1944,John,2883,5,576.6
1944,Richard,2270,6,378.333
1944,William,1819,6,303.167
1944,James,1792,5,358.4
1944,David,1458,7,208.286
1944,Joseph,1104,6,184.0
1944,Francis,445,6,74.167
1944,Lee,46,26,1.769
1944,Leslie,46,53,0.868
1944,Dale,22,26,0.846
1944,Terry,19,6,3.167
1944,Carmen,12,8,1.5
1944,Jan,12,9,1.333
1944,Jean,9,400,0.022
1944,Barbara,7,1032,0.007
1944,Mary,7,1521,0.005
1944,Patricia,7,1349,0.005
1944,Sheila,7,190,0.037
1944,Susan,7,801,0.009
1944,Linda,6,816,0.007
1944,Robin,6,10,0.6
1944,Carol,5,1151,0.004
1944,Kerry,5,5,1.0
1945,Robert,2891,11,262.818
1945,John,2765,13,212.692
1945,Richard,2272,9,252.444
1945,Thomas,1061,9,117.889
1945,Joseph,1060,6,176.667
1945,Michael,859,6,143.167
1945,Lee,49,30,1.633
1945,Leslie,39,96,0.406
1945,Dale,33,27,1.222
1945,Dana,29,6,4.833
1945,Terry,25,15,1.667
1945,Robin,11,21,0.524
1945,Jean,9,412,0.022
1945,Jan,7,16,0.438
1945,Carmen,6,8,0.75
1945,Mary,6,1418,0.004
1946,Robert,3663,9,407.0
1946,John,3384,10,338.4
1946,Richard,3165,6,527.5
1946,William,2237,6,372.833
1946,James,2206,5,441.2
1946,Paul,1728,9,192.0
1946,Michael,1250,6,208.333
1946,Edward,1000,6,166.667
1946,Ronald,982,8,122.75
1946,Dennis,551,5,110.2
1946,Dana,74,11,6.727
1946,Lee,60,46,1.304
1946,Terry,38,24,1.583
1946,Gene,37,5,7.4
1946,Leslie,35,140,0.25
1946,Dale,32,42,0.762
1946,Ronnie,20,7,2.857
1946,Carmen,12,11,1.091
1946,Kerry,11,5,2.2
1946,Leigh,8,5,1.6
1946,Jan,7,13,0.538
1946,Jean,7,490,0.014
1946,Mary,7,1665,0.004
1946,Robin,7,20,0.35
1946,Daryl,6,6,1.0
1946,Lynn,5,59,0.085
1947,Robert,3895,15,259.667
1947,John,3828,7,546.857
1947,Richard,2893,9,321.444
1947,James,2413,7,344.714
1947,David,2096,5,419.2
1947,Paul,1853,5,370.6
1947,Michael,1549,9,172.111
1947,Joseph,1459,5,291.8
1947,Dana,88,7,12.571
1947,Lee,58,31,1.871
1947,Dale,44,50,0.88
1947,Terry,41,30,1.367
1947,Leslie,38,145,0.262
1947,Jean,17,541,0.031
1947,Carmen,10,13,0.769
1947,Jan,10,9,1.111
1947,Kerry,10,6,1.667
1947,Robin,10,29,0.345
1947,Kathleen,9,1236,0.007
1947,Kim,8,5,1.6
1947,Ronnie,8,6,1.333
1947,Susan,7,1518,0.005
1947,Patricia,6,1755,0.003
1947,Daryl,5,5,1.0
1947,Noel,5,6,0.833
1948,Robert,3548,8,443.5
1948,John,3407,5,681.4
1948,Richard,2465,7,352.143
1948,Paul,1770,7,252.857
1948,Dana,106,7,15.143
1948,Lee,59,40,1.475
1948,Dale,49,54,0.907
1948,Leslie,44,95,0.463
1948,Jan,30,13,2.308
1948,Terry,25,29,0.862
1948,Jean,15,443,0.034
1948,Robin,15,31,0.484
1948,Carmen,9,7,1.286
1948,Noel,8,8,1.0
1948,Kerry,7,11,0.636
1948,Lynn,6,85,0.071
1949,John,3250,8,406.25
1949,Lee,60,50,1.2
1949,Leslie,47,124,0.379
1949,Dale,45,51,0.882
1949,Gene,38,5,7.6
1949,Terry,26,35,0.743
1949,Jean,19,435,0.044
1949,Kerry,17,10,1.7
1949,Jan,16,29,0.552
1949,Kim,10,7,1.429
1949,Robin,10,34,0.294
1949,Carmen,7,12,0.583
1949,Jackie,7,5,1.4
1949,Ronnie,7,5,1.4
1949,Laurie,5,37,0.135
1949,Leigh,5,9,0.556
1949,Sydney,5,5,1.0
1950,Robert,3212,7,458.857
1950,John,3077,9,341.889
1950,Richard,2251,7,321.571
1950,James,2213,8,276.625
1950,David,1927,6,321.167
1950,Lee,54,37,1.459
1950,Dale,50,45,1.111
1950,Leslie,43,126,0.341
1950,Jean,20,427,0.047
1950,Terry,20,26,0.769
1950,Robin,18,47,0.383
1950,Kerry,15,16,0.938
1950,Jan,10,20,0.5
1950,Ronnie,10,7,1.429
1950,Carmen,9,12,0.75
1950,Lynn,7,105,0.067
1951,Robert,3334,10,333.4
1951,John,3256,5,651.2
1951,Michael,2074,5,414.8
1951,Joseph,1328,5,265.6
1951,Dana,118,13,9.077
1951,Dale,61,60,1.017
1951,Lee,60,48,1.25
1951,Terry,33,28,1.179
1951,Leslie,29,120,0.242
1951,Jan,24,31,0.774
1951,Kim,15,6,2.5
1951,Randy,15,5,3.0
1951,Kerry,13,12,1.083
1951,Jean,12,416,0.029
1951,Robin,12,115,0.104
1951,Carmen,7,13,0.538
1951,Lynn,5,117,0.043
1952,Michael,2435,8,304.375
1952,David,2315,6,385.833
1952,James,2268,6,378.0
1952,Stephen,1522,5,304.4
1952,Dana,130,11,11.818
1952,Lee,73,36,2.028
1952,Dale,64,70,0.914
1952,Leslie,33,163,0.202
1952,Randy,27,5,5.4
1952,Kim,23,30,0.767
1952,Jan,18,43,0.419
1952,Kerry,17,20,0.85
1952,Jean,16,376,0.043
1952,Robin,16,104,0.154
1952,Terry,15,22,0.682
1952,Carmen,11,15,0.733
1952,Ronnie,9,6,1.5
1952,Leigh,8,7,1.143
1952,Daryl,5,10,0.5
1953,Robert,3413,7,487.571
1953,Michael,2582,5,516.4
1953,Richard,2456,6,409.333
1953,David,2407,6,401.167
1953,Stephen,1478,6,246.333
1953,Dana,137,9,15.222
1953,Lee,57,64,0.891
1953,Dale,45,60,0.75
1953,Terry,41,32,1.281
1953,Randy,33,6,5.5
1953,Robin,31,229,0.135
1953,Kim,29,32,0.906
1953,Jan,20,35,0.571
1953,Leslie,20,154,0.13
1953,Kerry,16,11,1.455
1953,Jean,10,393,0.025
1953,Daryl,9,7,1.286
1953,Lynn,7,141,0.05
1953,Mary,7,1754,0.004
1953,Leigh,5,9,0.556
1954,Robert,3389,6,564.833
1954,John,3251,7,464.429
1954,James,2331,5,466.2
1954,William,2112,7,301.714
1954,Dana,170,12,14.167
1954,Dale,51,71,0.718
1954,Lee,51,62,0.823
1954,Randy,42,5,8.4
1954,Kim,38,70,0.543
1954,Terry,36,42,0.857
1954,Robin,29,325,0.089
1954,Leslie,25,165,0.152
1954,Kerry,23,16,1.438
1954,Jean,15,420,0.036
1954,Jan,14,34,0.412
1954,Carmen,13,11,1.182
1954,Daryl,10,10,1.0
1954,Leigh,7,5,1.4
1954,Diane,6,968,0.006
1954,Carol,5,810,0.006
1954,Jamie,5,19,0.263
1954,Mary,5,2130,0.002
1954,Nancy,5,1246,0.004
1955,John,3358,8,419.75
1955,Robert,3287,16,205.438
1955,Michael,2859,12,238.25
1955,Richard,2283,5,456.6
1955,Dana,167,18,9.278
1955,Lee,67,78,0.859
1955,Dale,47,66,0.712
1955,Terry,36,60,0.6
1955,Kim,33,127,0.26
1955,Kerry,32,21,1.524
1955,Chris,29,6,4.833
1955,Rene,29,7,4.143
1955,Robin,25,342,0.073
1955,Leslie,21,178,0.118
1955,Jan,20,46,0.435
1955,Ronnie,18,6,3.0
1955,Daryl,12,11,1.091
1955,Carmen,9,7,1.286
1955,Jean,9,423,0.021
1955,Leigh,8,12,0.667
1955,Noel,6,6,1.0
1955,Jamie,5,19,0.263
1956,Robert,3238,12,269.833
1956,Richard,2177,6,362.833
1956,William,2066,5,413.2
1956,Stephen,1478,5,295.6
1956,Dana,153,21,7.286
1956,Dale,67,51,1.314
1956,Lee,63,83,0.759
1956,Kim,29,220,0.132
1956,Chris,28,8,3.5
1956,Kerry,26,20,1.3
1956,Robin,26,408,0.064
1956,Terry,25,56,0.446
1956,Daryl,21,7,3.0
1956,Leslie,18,162,0.111
1956,Rene,16,7,2.286
1956,Jan,13,66,0.197
1956,Jean,11,416,0.026
1956,Tracy,8,30,0.267
1956,Lynn,7,250,0.028
1956,Susan,7,2080,0.003
1956,Carmen,5,10,0.5
1956,Kathleen,5,1184,0.004
1956,Leigh,5,15,0.333
1957,John,3531,7,504.429
1957,Michael,3221,5,644.2
1957,Robert,3197,6,532.833
1957,David,2893,5,578.6
1957,James,2547,8,318.375
1957,Joseph,1492,6,248.667
1957,Charles,795,6,132.5
1957,Ronald,643,5,128.6
1957,Dana,149,24,6.208
1957,Dale,67,48,1.396
1957,Lee,58,76,0.763
1957,Chris,49,10,4.9
1957,Shawn,49,6,8.167
1957,Leslie,28,198,0.141
1957,Rene,27,10,2.7
1957,Kerry,26,38,0.684
1957,Terry,25,71,0.352
1957,Robin,24,458,0.052
1957,Kim,19,290,0.066
1957,Tracy,13,38,0.342
1957,Kyle,12,12,1.0
1957,Jan,11,46,0.239
1957,Jean,11,423,0.026
1957,Kelly,9,14,0.643
1957,Kris,8,6,1.333
1957,Pat,6,13,0.462
1957,Toby,6,6,1.0
1957,Ann,5,577,0.009
1957,Jody,5,57,0.088
1957,Lynn,5,255,0.02
1957,Mary,5,1995,0.003
1958,John,3364,8,420.5
1958,Michael,3332,9,370.222
1958,David,3017,7,431.0
1958,Richard,2205,7,315.0
1958,Paul,1796,9,199.556
1958,Stephen,1354,5,270.8
1958,Steven,1157,8,144.625
1958,Daniel,928,6,154.667
1958,Dana,141,27,5.222
1958,Dale,118,35,3.371
1958,Chris,63,25,2.52
1958,Shawn,59,9,6.556
1958,Lee,57,71,0.803
1958,Terry,47,79,0.595
1958,Rene,31,5,6.2
1958,Daryl,21,8,2.625
1958,Jean,20,386,0.052
1958,Kerry,19,32,0.594
1958,Kyle,15,10,1.5
1958,Leslie,15,225,0.067
1958,Robin,13,404,0.032
1958,Jamie,12,11,1.091
1958,Jan,11,39,0.282
1958,Jody,11,48,0.229
1958,Kim,11,285,0.039
1958,Carmen,10,12,0.833
1958,Kelly,7,69,0.101
1958,Debra,6,1007,0.006
1958,Mary,6,1836,0.003
1958,Susan,6,2181,0.003
1958,Tracy,6,45,0.133
1958,Pat,5,16,0.312
1959,John,3386,10,338.6
1959,Michael,3238,11,294.364
1959,Robert,3032,5,606.4
1959,David,2927,10,292.7
1959,Richard,2041,6,340.167
1959,Thomas,1632,6,272.0
1959,Dana,164,27,6.074
1959,Shawn,100,9,11.111
1959,Dale,94,41,2.293
1959,Randy,72,7,10.286
1959,Chris,71,21,3.381
1959,Lee,61,72,0.847
1959,Kerry,29,33,0.879
1959,Terry,29,75,0.387
1959,Robin,20,497,0.04
1959,Leslie,19,162,0.117
1959,Rene,18,11,1.636
1959,Jean,17,369,0.046
1959,Kelly,17,100,0.17
1959,Kris,13,6,2.167
1959,Kyle,13,10,1.3
1959,Tracy,13,72,0.181
1959,Jamie,9,15,0.6
1959,Jody,9,53,0.17
1959,Kim,9,263,0.034
1959,Pat,9,17,0.529
1959,Carmen,7,19,0.368
1959,Jan,6,27,0.222
1959,Mary,6,1752,0.003
1959,Donna,5,1720,0.003
1959,Leigh,5,9,0.556
1959,Susan,5,1987,0.003
1960,John,3475,10,347.5
1960,Michael,3262,10,326.2
1960,Robert,2849,8,356.125
1960,James,2506,5,501.2
1960,Richard,1947,5,389.4
1960,William,1859,5,371.8
1960,Paul,1803,5,360.6
1960,Steven,1236,5,247.2
1960,Stephen,1235,6,205.833
1960,Edward,771,5,154.2
1960,Dana,162,29,5.586
1960,Dale,100,47,2.128
1960,Randy,89,7,12.714
1960,Chris,80,26,3.077
1960,Lee,62,69,0.899
1960,Kerry,31,49,0.633
1960,Terry,27,82,0.329
1960,Rene,25,8,3.125
1960,Tracy,24,123,0.195
1960,Leslie,22,164,0.134
1960,Kyle,20,5,4.0
1960,Jan,17,44,0.386
1960,Jody,17,41,0.415
1960,Kim,17,340,0.05
1960,Daryl,16,5,3.2
1960,Robin,16,500,0.032
1960,Kelly,13,143,0.091
1960,Jamie,12,31,0.387
1960,Pat,10,5,2.0
1960,Carmen,9,22,0.409
1960,Patricia,9,1239,0.007
1960,Jean,8,357,0.022
1960,Jackie,7,31,0.226
1960,Debra,6,775,0.008
1961,John,3608,10,360.8
1961,Michael,3299,20,164.95
1961,Robert,3002,11,272.909
1961,David,2944,7,420.571
1961,Mark,2036,9,226.222
1961,William,1788,6,298.0
1961,Thomas,1570,7,224.286
1961,Dana,165,28,5.893
1961,Chris,119,26,4.577
1961,Shawn,112,9,12.444
1961,Dale,89,17,5.235
1961,Lee,61,76,0.803
1961,Tracy,35,162,0.216
1961,Rene,28,10,2.8
1961,Terry,27,69,0.391
1961,Kerry,25,35,0.714
1961,Robin,24,560,0.043
1961,Kim,17,291,0.058
1961,Kyle,16,14,1.143
1961,Jean,14,341,0.041
1961,Leslie,13,178,0.073
1961,Jody,12,52,0.231
1961,Kelly,12,180,0.067
1961,Angel,9,9,1.0
1961,Jan,9,25,0.36
1961,Pat,9,10,0.9
1961,Carmen,7,23,0.304
1961,Jamie,6,40,0.15
1961,Debra,5,664,0.008
1961,Loren,5,7,0.714
1961,Susan,5,1745,0.003
1962,John,3458,13,266.0
1962,Michael,3303,13,254.077
1962,David,3087,10,308.7
1962,Robert,2854,6,475.667
1962,James,2402,8,300.25
1962,Mark,1891,6,315.167
1962,Richard,1723,9,191.444
1962,William,1592,11,144.727
1962,Joseph,1392,7,198.857
1962,Edward,768,5,153.6
1962,Kenneth,665,5,133.0
1962,Dana,148,45,3.289
1962,Chris,96,19,5.053
1962,Randy,87,7,12.429
1962,Dale,66,19,3.474
1962,Lee,55,62,0.887
1962,Leslie,24,170,0.141
1962,Kerry,22,42,0.524
1962,Terry,21,83,0.253
1962,Tracy,20,191,0.105
1962,Rene,16,15,1.067
1962,Robin,16,623,0.026
1962,Kelly,15,257,0.058
1962,Jamie,14,29,0.483
1962,Kris,13,5,2.6
1962,Carmen,11,26,0.423
1962,Jody,11,35,0.314
1962,Lisa,8,1714,0.005
1962,Jean,7,304,0.023
1962,Kim,7,291,0.024
1962,Susan,6,1691,0.004
1962,Angel,5,7,0.714
1962,Loren,5,11,0.455
1962,Nancy,5,877,0.006
1962,Pat,5,6,0.833
1963,John,3392,11,308.364
1963,Michael,3207,9,356.333
1963,Robert,2648,6,441.333
1963,James,2266,9,251.778
1963,Paul,1808,5,361.6
1963,Mark,1703,5,340.6
1963,Richard,1696,7,242.286
1963,Joseph,1419,5,283.8
1963,Scott,1174,5,234.8
1963,Jeffrey,819,5,163.8
1963,Shawn,165,6,27.5
1963,Dana,152,50,3.04
1963,Chris,103,25,4.12
1963,Randy,76,5,15.2
1963,Dale,56,29,1.931
1963,Lee,52,76,0.684
1963,Rene,29,15,1.933
1963,Terry,29,75,0.387
1963,Kerry,25,62,0.403
1963,Jody,20,35,0.571
1963,Robin,18,587,0.031
1963,Daryl,17,6,2.833
1963,Jean,16,262,0.061
1963,Leslie,16,182,0.088
1963,Kris,13,13,1.0
1963,Tracy,11,219,0.05
1963,Jamie,10,31,0.323
1963,Carmen,9,28,0.321
1963,Jan,9,22,0.409
1963,Kelly,9,279,0.032
1963,Lisa,9,2083,0.004
1963,Angel,8,6,1.333
1963,Cynthia,6,532,0.011
1963,Kim,6,269,0.022
1963,Mary,6,1308,0.005
1963,Pat,6,8,0.75
1963,Patricia,6,1050,0.006
1963,Susan,6,1657,0.004
1963,Michele,5,254,0.02
1964,John,3549,10,354.9
1964,Michael,3120,8,390.0
1964,David,2776,7,396.571
1964,Robert,2703,12,225.25
1964,James,2413,11,219.364
1964,Paul,1696,7,242.286
1964,Shawn,197,7,28.143
1964,Dana,127,46,2.761
1964,Chris,90,14,6.429
1964,Dale,65,26,2.5
1964,Lee,50,59,0.847
1964,Terry,24,54,0.444
1964,Rene,23,11,2.091
1964,Kris,21,24,0.875
1964,Jamie,17,26,0.654
1964,Kerry,17,89,0.191
1964,Daryl,15,6,2.5
1964,Robin,13,548,0.024
1964,Tracy,12,239,0.05
1964,Kelly,11,346,0.032
1964,Angel,10,5,2.0
1964,Deborah,10,819,0.012
1964,Leslie,10,167,0.06
1964,Carmen,9,18,0.5
1964,Jean,8,266,0.03
1964,Jody,8,45,0.178
1964,Kim,8,315,0.025
1964,Jan,7,16,0.438
1964,Patricia,7,1076,0.007
1964,Shannon,7,22,0.318
1964,Lynn,6,275,0.022
1964,Karen,5,1303,0.004
1964,Lisa,5,2121,0.002
1964,Pat,5,7,0.714
1964,Susan,5,1530,0.003
1965,Michael,3180,11,289.091
1965,John,3042,17,178.941
1965,David,2557,10,255.7
1965,Robert,2334,7,333.429
1965,James,2180,12,181.667
1965,Paul,1543,8,192.875
1965,Richard,1529,5,305.8
1965,William,1449,9,161.0
1965,Scott,1055,8,131.875
1965,Kenneth,634,5,126.8
1965,Shawn,185,6,30.833
1965,Chris,106,16,6.625
1965,Dana,105,50,2.1
1965,Lee,67,49,1.367
1965,Dale,58,19,3.053
1965,Rene,22,10,2.2
1965,Terry,21,29,0.724
1965,Kris,19,13,1.462
1965,Jamie,17,39,0.436
1965,Kerry,16,73,0.219
1965,Leslie,16,124,0.129
1965,Tracy,15,274,0.055
1965,Jody,14,29,0.483
1965,Angel,10,7,1.429
1965,Carmen,10,23,0.435
1965,Jean,10,213,0.047
1965,Jackie,9,17,0.529
1965,Kelly,8,406,0.02
1965,Karen,7,1503,0.005
1965,Kim,6,326,0.018
1965,Robin,6,412,0.015
1965,Courtney,5,5,1.0
1965,Lisa,5,2151,0.002
1966,Michael,2943,6,490.5
1966,John,2727,8,340.875
1966,David,2440,6,406.667
1966,Robert,2182,8,272.75
1966,Richard,1419,6,236.5
1966,Paul,1414,5,282.8
1966,William,1370,5,274.0
1966,Mark,1281,5,256.2
1966,Christopher,1241,8,155.125
1966,Thomas,1159,6,193.167
1966,Shawn,234,7,33.429
1966,Dana,96,45,2.133
1966,Chris,85,18,4.722
1966,Lee,56,67,0.836
1966,Dale,44,19,2.316
1966,Tracy,20,331,0.06
1966,Jamie,17,34,0.5
1966,Terry,17,36,0.472
1966,Rene,15,18,0.833
1966,Jean,14,193,0.073
1966,Kelly,14,403,0.035
1966,Daryl,13,6,2.167
1966,Leslie,13,126,0.103
1966,Kerry,12,89,0.135
1966,Jody,10,35,0.286
1966,Kris,9,20,0.45
1966,Jan,8,7,1.143
1966,Robin,8,340,0.024
1966,Kim,7,380,0.018
1966,Jackie,6,22,0.273
1966,Leigh,6,22,0.273
1966,Michele,6,336,0.018
1966,Michelle,6,1074,0.006
1966,Kathleen,5,816,0.006
1966,Kimberly,5,828,0.006
1967,Michael,3064,6,510.667
1967,John,2434,11,221.273
1967,David,2425,10,242.5
1967,Robert,2043,11,185.727
1967,James,1943,10,194.3
1967,William,1307,6,217.833
1967,Joseph,1178,6,196.333
1967,Kevin,910,5,182.0
1967,Jeffrey,800,6,133.333
1967,Shawn,217,9,24.111
1967,Dana,105,38,2.763
1967,Chris,90,12,7.5
1967,Lee,58,60,0.967
1967,Dale,47,9,5.222
1967,Terry,25,28,0.893
1967,Jamie,22,37,0.595
1967,Kelly,22,438,0.05
1967,Tracy,21,317,0.066
1967,Jean,16,170,0.094
1967,Angel,14,7,2.0
1967,Jody,14,35,0.4
1967,Kerry,14,98,0.143
1967,Kris,14,18,0.778
1967,Rene,12,15,0.8
1967,Carmen,9,35,0.257
1967,Leslie,7,129,0.054
1967,Michelle,6,1257,0.005
1967,Shannon,6,34,0.176
1967,Christine,5,1058,0.005
1967,Donna,5,534,0.009
1967,Jan,5,20,0.25
1967,Lisa,5,2042,0.002
1967,Robin,5,291,0.017
1968,Michael,2900,19,152.632
1968,John,2323,12,193.583
1968,David,2176,12,181.333
1968,Robert,2015,6,335.833
1968,James,1830,5,366.0
1968,Richard,1186,9,131.778
1968,William,1173,9,130.333
1968,Thomas,1043,5,208.6
1968,Brian,986,5,197.2
1968,Steven,853,5,170.6
1968,Shawn,305,7,43.571
1968,Dana,94,24,3.917
1968,Chris,73,19,3.842
1968,Lee,60,54,1.111
1968,Dale,51,10,5.1
1968,Kyle,34,5,6.8
1968,Corey,33,5,6.6
1968,Jamie,25,26,0.962
1968,Kelly,22,566,0.039
1968,Kerry,21,165,0.127
1968,Noel,15,6,2.5
1968,Tracy,15,344,0.044
1968,Terry,14,23,0.609
1968,Jody,13,46,0.283
1968,Jean,10,111,0.09
1968,Toby,10,6,1.667
1968,Kris,9,13,0.692
1968,Rene,9,20,0.45
1968,Shannon,8,62,0.129
1968,Leslie,6,118,0.051
1968,Michelle,6,1194,0.005
1968,Stacy,6,83,0.072
1968,Alexis,5,7,0.714
1968,Christine,5,1037,0.005
1968,Leigh,5,32,0.156
1968,Lisa,5,1753,0.003
1968,Michele,5,365,0.014
1969,Michael,2924,13,224.923
1969,David,2197,11,199.727
1969,John,2102,11,191.091
1969,Robert,1837,8,229.625
1969,James,1724,5,344.8
1969,Christopher,1439,5,287.8
1969,Scott,1279,5,255.8
1969,Mark,1239,5,247.8
1969,Paul,1052,5,210.4
1969,Jeffrey,858,5,171.6
1969,Kevin,857,6,142.833
1969,Eric,636,5,127.2
1969,Peter,623,5,124.6
1969,Edward,541,5,108.2
1969,Kenneth,450,6,75.0
1969,Shawn,295,10,29.5
1969,Dana,94,45,2.089
1969,Corey,76,5,15.2
1969,Chris,52,10,5.2
1969,Lee,49,49,1.0
1969,Jamie,43,26,1.654
1969,Dale,37,13,2.846
1969,Angel,31,5,6.2
1969,Jody,29,55,0.527
1969,Terry,20,35,0.571
1969,Kelly,19,602,0.032
1969,Kerry,19,191,0.099
1969,Shannon,16,148,0.108
1969,Leslie,14,105,0.133
1969,Noel,14,5,2.8
1969,Kris,13,8,1.625
1969,Tracy,11,430,0.026
1969,Jean,10,118,0.085
1969,Lauren,7,123,0.057
1969,Tracey,7,192,0.036
1969,Carey,6,11,0.545
1969,Carmen,6,40,0.15
1969,Courtney,6,27,0.222
1969,Robin,6,232,0.026
1969,Jan,5,16,0.312
1969,Kathleen,5,549,0.009
1969,Kimberly,5,998,0.005
1969,Lisa,5,1549,0.003
1969,Michele,5,311,0.016
1969,Rene,5,17,0.294
1970,Michael,2800,13,215.385
1970,David,2033,11,184.818
1970,John,2020,8,252.5
1970,Robert,1789,6,298.167
1970,James,1656,7,236.571
1970,Christopher,1555,8,194.375
1970,William,1152,5,230.4
1970,Mark,1092,8,136.5
1970,Jeffrey,920,5,184.0
1970,Kevin,909,5,181.8
1970,Eric,722,9,80.222
1970,Shawn,395,8,49.375
1970,Francis,111,5,22.2
1970,Dana,92,46,2.0
1970,Lee,68,36,1.889
1970,Jamie,61,30,2.033
1970,Kyle,53,7,7.571
1970,Dale,39,14,2.786
1970,Angel,31,17,1.824
1970,Noel,19,6,3.167
1970,Shannon,19,192,0.099
1970,Tracy,17,540,0.031
1970,Jody,16,61,0.262
1970,Jean,15,116,0.129
1970,Rene,15,20,0.75
1970,Jaime,14,5,2.8
1970,Terry,14,28,0.5
1970,Kerry,11,182,0.06
1970,Kris,10,11,0.909
1970,Leslie,9,126,0.071
1970,Robin,9,228,0.039
1970,Erin,8,233,0.034
1970,Kelly,7,494,0.014
1970,Kim,7,203,0.034
1970,Kimberly,7,995,0.007
1970,Courtney,6,30,0.2
1970,Kristin,6,346,0.017
1970,Lisa,6,1358,0.004
1970,Carmen,5,40,0.125
1970,Stacy,5,178,0.028
1970,Susan,5,658,0.008
1971,Michael,2536,6,422.667
1971,David,1724,10,172.4
1971,John,1669,8,208.625
1971,Christopher,1583,9,175.889
1971,Robert,1541,8,192.625
1971,James,1406,5,281.2
1971,Mark,935,6,155.833
1971,Jeffrey,882,6,147.0
1971,Matthew,839,5,167.8
1971,Paul,799,8,99.875
1971,Thomas,797,5,159.4
1971,Eric,735,5,147.0
1971,Shawn,388,14,27.714
1971,Jamie,95,25,3.8
1971,Dana,90,39,2.308
1971,Corey,63,5,12.6
1971,Lee,40,47,0.851
1971,Dale,29,11,2.636
1971,Angel,24,20,1.2
1971,Jody,22,48,0.458
1971,Terry,18,19,0.947
1971,Shannon,16,206,0.078
1971,Noel,13,7,1.857
1971,Leslie,12,103,0.117
1971,Rene,12,21,0.571
1971,Jean,11,71,0.155
1971,Kerry,9,233,0.039
1971,Kris,9,8,1.125
1971,Alexis,8,12,0.667
1971,Kelly,8,465,0.017
1971,Lisa,8,1088,0.007
1971,Cary,7,5,1.4
1971,Leigh,7,36,0.194
1971,Carmen,6,40,0.15
1971,Jennifer,6,2015,0.003
1971,Michelle,6,1064,0.006
1971,Stacy,6,159,0.038
1971,Tracey,6,178,0.034
1971,Tracy,6,404,0.015
1971,Andrea,5,280,0.018
1971,Carey,5,7,0.714
1972,Michael,2218,15,147.867
1972,Christopher,1633,6,272.167
1972,John,1331,8,166.375
1972,Robert,1206,6,201.0
1972,James,1155,7,165.0
1972,Brian,1106,6,184.333
1972,Matthew,818,7,116.857
1972,William,800,11,72.727
1972,Mark,757,5,151.4
1972,Eric,694,7,99.143
1972,Shawn,368,8,46.0
1972,Jamie,102,35,2.914
1972,Dana,100,48,2.083
1972,Shane,90,7,12.857
1972,Corey,60,7,8.571
1972,Angel,43,22,1.955
1972,Lee,40,23,1.739
1972,Jody,21,46,0.457
1972,Shannon,19,182,0.104
1972,Terry,19,12,1.583
1972,Tracy,14,290,0.048
1972,Jean,13,76,0.171
1972,Kris,13,10,1.3
1972,Rene,13,18,0.722
1972,Casey,11,10,1.1
1972,Jaime,10,8,1.25
1972,Kelly,10,371,0.027
1972,Kerry,9,213,0.042
1972,Leslie,9,74,0.122
1972,Jennifer,8,2075,0.004
1972,Nicola,7,7,1.0
1972,Nicole,7,592,0.012
1972,Alexis,6,16,0.375
1972,Jan,6,11,0.545
1972,Kathleen,6,337,0.018
1972,Robin,6,142,0.042
1972,Tracey,6,118,0.051
1972,Leigh,5,40,0.125
1972,Michelle,5,900,0.006
1973,Michael,2180,8,272.5
1973,Christopher,1370,6,228.333
1973,John,1209,6,201.5
1973,Robert,1133,8,141.625
1973,Brian,985,5,197.0
1973,Daniel,764,8,95.5
1973,Kevin,653,6,108.833
1973,Richard,636,6,106.0
1973,Thomas,614,6,102.333
1973,Stephen,418,6,69.667
1973,Jamie,117,35,3.343
1973,Shane,117,12,9.75
1973,Christian,106,5,21.2
1973,Dana,85,30,2.833
1973,Corey,52,7,7.429
1973,Lee,37,18,2.056
1973,Dale,29,7,4.143
1973,Chris,27,6,4.5
1973,Angel,23,25,0.92
1973,Jaime,22,5,4.4
1973,Jody,21,51,0.412
1973,Casey,18,9,2.0
1973,Jean,18,40,0.45
1973,Terry,18,10,1.8
1973,Shannon,17,192,0.089
1973,Kerry,14,217,0.065
1973,Rene,12,12,1.0
1973,Jennifer,10,1927,0.005
1973,Noel,10,10,1.0
1973,Erin,8,190,0.042
1973,Kelly,7,368,0.019
1973,Tracy,6,282,0.021
1973,Daniele,5,5,1.0
1973,Leslie,5,62,0.081
1973,Michelle,5,825,0.006
1973,Robin,5,102,0.049
1973,Stacy,5,151,0.033
1974,Michael,2063,6,343.833
1974,Christopher,1304,9,144.889
1974,Jason,1264,5,252.8
1974,David,1222,6,203.667
1974,John,1079,5,215.8
1974,James,965,6,160.833
1974,Daniel,755,6,125.833
1974,Jeffrey,635,5,127.0
1974,William,616,5,123.2
1974,Kevin,555,5,111.0
1974,Shawn,348,9,38.667
1974,Jamie,106,38,2.789
1974,Jesse,100,5,20.0
1974,Christian,96,5,19.2
1974,Dana,75,32,2.344
1974,Corey,68,8,8.5
1974,Kyle,50,5,10.0
1974,Angel,46,10,4.6
1974,Lee,32,32,1.0
1974,Cory,27,6,4.5
1974,Shannon,24,199,0.121
1974,Casey,22,17,1.294
1974,Terry,15,5,3.0
1974,Jean,12,43,0.279
1974,Kerry,10,181,0.055
1974,Kelly,9,296,0.03
1974,Erin,8,278,0.029
1974,Leslie,8,44,0.182
1974,Courtney,7,62,0.113
1974,Alexis,6,16,0.375
1974,Jody,6,49,0.122
1974,Christine,5,453,0.011
1974,Jennifer,5,1843,0.003
1974,Nakia,5,9,0.556
1974,Stacey,5,141,0.035
1975,Michael,2184,13,168.0
1975,Christopher,1218,6,203.0
1975,Jason,1194,10,119.4
1975,David,1140,6,190.0
1975,John,966,5,193.2
1975,James,945,6,157.5
1975,Robert,929,6,154.833
1975,Daniel,744,5,148.8
1975,William,601,6,100.167
1975,Scott,573,5,114.6
1975,Shawn,306,6,51.0
1975,Ryan,275,5,55.0
1975,Jamie,137,44,3.114
1975,Christian,100,5,20.0
1975,Corey,67,9,7.444
1975,Dana,63,31,2.032
1975,Lee,44,21,2.095
1975,Angel,36,13,2.769
1975,Jaime,29,17,1.706
1975,Terry,18,10,1.8
1975,Jean,15,38,0.395
1975,Shannon,15,196,0.077
1975,Casey,12,21,0.571
1975,Alexis,9,20,0.45
1975,Rene,8,9,0.889
1975,Jennifer,7,1676,0.004
1975,Jody,7,42,0.167
1975,Kerry,7,189,0.037
1975,Robin,7,97,0.072
1975,Jessie,6,16,0.375
1975,Kelly,6,388,0.015
1975,Leigh,6,22,0.273
1975,Carmen,5,43,0.116
1975,Devon,5,5,1.0
1975,Erin,5,295,0.017
1975,Heather,5,571,0.009
1975,Leslie,5,52,0.096
1975,Michelle,5,681,0.007
1975,Nancy,5,128,0.039
1976,Michael,2034,10,203.4
1976,Jason,1174,10,117.4
1976,Christopher,1152,5,230.4
1976,David,1120,8,140.0
1976,Matthew,941,6,156.833
1976,John,892,6,148.667
1976,Robert,859,8,107.375
1976,James,830,6,138.333
1976,Brian,813,6,135.5
1976,Joseph,690,5,138.0
1976,Eric,610,5,122.0
1976,Jeffrey,571,5,114.2
1976,William,505,7,72.143
1976,Shawn,291,6,48.5
1976,Jamie,136,185,0.735
1976,Jesse,121,8,15.125
1976,Corey,85,10,8.5
1976,Christian,75,6,12.5
1976,Dana,71,29,2.448
1976,Angel,37,13,2.846
1976,Lee,27,21,1.286
1976,Jaime,25,243,0.103
1976,Casey,24,15,1.6
1976,Shannon,21,313,0.067
1976,Jody,14,42,0.333
1976,Terry,14,6,2.333
1976,Jean,13,28,0.464
1976,Rene,13,8,1.625
1976,Alexis,11,29,0.379
1976,Kerry,10,151,0.066
1976,Kelly,9,335,0.027
1976,Jennifer,7,1553,0.005
1976,Amy,6,877,0.007
1976,Jan,6,8,0.75
1976,Erin,5,357,0.014
1976,Michelle,5,549,0.009
1977,Michael,1996,18,110.889
1977,Jason,1307,8,163.375
1977,Matthew,1263,8,157.875
1977,Christopher,1182,5,236.4
1977,John,918,6,153.0
1977,James,861,6,143.5
1977,Robert,778,8,97.25
1977,Joseph,698,5,139.6
1977,Eric,528,5,105.6
1977,William,507,5,101.4
1977,Ryan,421,6,70.167
1977,Corey,133,10,13.3
1977,Jamie,75,182,0.412
1977,Kyle,63,5,12.6
1977,Cory,57,6,9.5
1977,Dana,56,35,1.6
1977,Angel,42,13,3.231
1977,Lee,35,17,2.059
1977,Jaime,21,189,0.111
1977,Casey,15,17,0.882
1977,Jean,14,30,0.467
1977,Jody,14,31,0.452
1977,Shannon,13,244,0.053
1977,Alexis,11,32,0.344
1977,Carmen,9,42,0.214
1977,Kerry,9,119,0.076
1977,Jennifer,7,1532,0.005
1977,Jessie,7,10,0.7
1977,Kelly,7,524,0.013
1977,Rene,7,8,0.875
1977,Terry,7,5,1.4
1977,Courtney,6,90,0.067
1977,Jayme,6,5,1.2
1977,Jan,5,6,0.833
1978,Michael,2134,20,106.7
1978,Christopher,1245,9,138.333
1978,Jason,1151,9,127.889
1978,David,1103,9,122.556
1978,John,905,5,181.0
1978,Daniel,860,5,172.0
1978,Brian,815,8,101.875
1978,Robert,795,10,79.5
1978,Joseph,731,5,146.2
1978,Jeffrey,605,6,100.833
1978,William,514,5,102.8
1978,Richard,466,5,93.2
1978,Mark,449,5,89.8
1978,Ryan,442,13,34.0
1978,Paul,421,5,84.2
1978,Jonathan,370,5,74.0
1978,Jesse,135,8,16.875
1978,Corey,95,7,13.571
1978,Kyle,75,7,10.714
1978,Jamie,69,157,0.439
1978,Angel,44,13,3.385
1978,Dana,41,17,2.412
1978,Casey,25,23,1.087
1978,Lee,23,21,1.095
1978,Jaime,16,122,0.131
1978,Devin,12,6,2.0
1978,Devon,12,21,0.571
1978,Shannon,11,201,0.055
1978,Ariel,9,8,1.125
1978,Jean,9,30,0.3
1978,Jennifer,9,1494,0.006
1978,Kerry,9,111,0.081
1978,Noel,9,10,0.9
1978,Courtney,7,103,0.068
1978,Jody,7,22,0.318
1978,Alexis,6,29,0.207
1978,Michelle,6,572,0.01
1978,Rene,6,13,0.462
1978,Robin,6,101,0.059
1978,Carmen,5,38,0.132
1978,Jessie,5,19,0.263
1978,Kelly,5,496,0.01
1979,Michael,2113,16,132.062
1979,Christopher,1228,16,76.75
1979,Matthew,1149,5,229.8
1979,David,1113,10,111.3
1979,Jason,1068,6,178.0
1979,Brian,867,7,123.857
1979,Daniel,852,8,106.5
1979,James,815,7,116.429
1979,Robert,814,7,116.286
1979,Jeffrey,568,6,94.667
1979,Joshua,533,8,66.625
1979,Thomas,506,5,101.2
1979,Mark,457,7,65.286
1979,Ryan,442,19,23.263
1979,Edward,224,5,44.8
1979,Jesse,129,14,9.214
1979,Corey,99,17,5.824
1979,Kyle,86,6,14.333
1979,Jamie,81,198,0.409
1979,Dana,54,29,1.862
1979,Angel,46,7,6.571
1979,Lee,36,31,1.161
1979,Casey,18,20,0.9
1979,Jaime,17,95,0.179
1979,Taylor,16,6,2.667
1979,Alexis,11,36,0.306
1979,Jean,11,19,0.579
1979,Morgan,10,7,1.429
1979,Courtney,9,112,0.08
1979,Rene,9,12,0.75
1979,Jennifer,8,1511,0.005
1979,Jody,7,19,0.368
1979,Shannon,7,247,0.028
1979,Erin,5,407,0.012
1979,Noel,5,6,0.833
1979,Robin,5,69,0.072
1980,Michael,2020,20,101.0
1980,Matthew,1239,8,154.875
1980,Jason,1134,6,189.0
1980,David,1038,8,129.75
1980,John,952,6,158.667
1980,Daniel,878,6,146.333
1980,James,832,9,92.444
1980,Joseph,780,5,156.0
1980,Ryan,570,23,24.783
1980,William,570,5,114.0
1980,Kevin,520,5,104.0
1980,Mark,473,7,67.571
1980,Patrick,348,5,69.6
1980,Jesse,180,6,30.0
1980,Corey,97,10,9.7
1980,Jamie,54,149,0.362
1980,Angel,47,12,3.917
1980,Lee,47,24,1.958
1980,Dana,44,25,1.76
1980,Casey,39,30,1.3
1980,Cory,25,7,3.571
1980,Taylor,15,9,1.667
1980,Jaime,12,79,0.152
1980,Morgan,12,17,0.706
1980,Courtney,11,160,0.069
1980,Alexis,10,38,0.263
1980,Rene,8,7,1.143
1980,Jean,6,17,0.353
1980,Robin,6,63,0.095
1980,Angela,5,228,0.022
1980,Jennifer,5,1480,0.003
1980,Rachel,5,240,0.021
1981,Michael,2168,13,166.769
1981,Matthew,1490,5,298.0
1981,John,901,6,150.167
1981,Daniel,880,7,125.714
1981,James,849,7,121.286
1981,Ryan,626,26,24.077
1981,Nicholas,565,6,94.167
1981,Eric,482,5,96.4
1981,Sean,416,5,83.2
1981,Jesse,223,12,18.583
1981,Kyle,105,6,17.5
1981,Corey,96,11,8.727
1981,Shane,82,6,13.667
1981,Angel,57,19,3.0
1981,Lee,52,15,3.467
1981,Dana,51,26,1.962
1981,Jamie,50,157,0.318
1981,Jordan,42,6,7.0
1981,Casey,39,45,0.867
1981,Cory,31,10,3.1
1981,Jaime,17,67,0.254
1981,Alexis,15,60,0.25
1981,Devin,14,7,2.0
1981,Courtney,12,190,0.063
1981,Jean,11,23,0.478
1981,Morgan,10,22,0.455
1981,Noel,10,8,1.25
1981,Erin,9,477,0.019
1981,Rene,9,9,1.0
1981,Taylor,9,17,0.529
1981,Robin,8,61,0.131
1981,Jessie,7,34,0.206
1981,Shannon,6,238,0.025
1981,Andrea,5,249,0.02
1981,Ariel,5,8,0.625
1981,Carmen,5,27,0.185
1981,Devon,5,10,0.5
1982,Michael,2217,12,184.75
1982,Matthew,1481,8,185.125
1982,Christopher,1473,10,147.3
1982,Daniel,925,7,132.143
1982,John,913,6,152.167
1982,Jason,894,8,111.75
1982,Brian,817,6,136.167
1982,Ryan,678,21,32.286
1982,Timothy,598,7,85.429
1982,Eric,521,7,74.429
1982,Stephen,406,6,67.667
1982,Peter,335,5,67.0
1982,Jesse,186,14,13.286
1982,Corey,88,17,5.176
1982,Dana,56,32,1.75
1982,Angel,47,6,7.833
1982,Jamie,40,185,0.216
1982,Jordan,34,11,3.091
1982,Casey,31,47,0.66
1982,Lee,29,13,2.231
1982,Alexis,24,71,0.338
1982,Taylor,19,23,0.826
1982,Noel,17,5,3.4
1982,Adrian,16,6,2.667
1982,Jean,16,18,0.889
1982,Devin,14,5,2.8
1982,Jaime,11,68,0.162
1982,Morgan,11,24,0.458
1982,Cameron,10,5,2.0
1982,Jennifer,9,1433,0.006
1982,Courtney,8,203,0.039
1982,Devon,6,13,0.462
1982,Kelly,6,342,0.018
1982,Robin,6,59,0.102
1982,Leslie,5,57,0.088
1982,Nicole,5,732,0.007
1983,Michael,2164,18,120.222
1983,Matthew,1543,9,171.444
1983,Christopher,1524,16,95.25
1983,Daniel,1053,12,87.75
1983,David,1015,8,126.875
1983,James,871,7,124.429
1983,Andrew,852,8,106.5
1983,Joseph,846,6,141.0
1983,Jason,834,9,92.667
1983,Robert,779,7,111.286
1983,Ryan,718,17,42.235
1983,Adam,673,8,84.125
1983,Jonathan,657,5,131.4
1983,Joshua,633,8,79.125
1983,Timothy,554,7,79.143
1983,Nicholas,532,6,88.667
1983,William,526,6,87.667
1983,Justin,512,5,102.4
1983,Thomas,490,7,70.0
1983,Anthony,401,6,66.833
1983,Kyle,193,9,21.444
1983,Jesse,141,5,28.2
1983,Corey,87,17,5.118
1983,Cory,49,9,5.444
1983,Angel,46,8,5.75
1983,Jordan,41,6,6.833
1983,Jamie,36,208,0.173
1983,Casey,34,36,0.944
1983,Lee,34,15,2.267
1983,Devin,33,7,4.714
1983,Dana,32,24,1.333
1983,Taylor,21,29,0.724
1983,Ariel,13,21,0.619
1983,Jessie,13,29,0.448
1983,Alexis,10,72,0.139
1983,Devon,10,20,0.5
1983,Jaime,10,53,0.189
1983,Jean,10,18,0.556
1983,Courtney,7,189,0.037
1983,Rene,7,7,1.0
1983,Andrea,6,262,0.023
1983,Colby,6,5,1.2
1983,Jennifer,6,1408,0.004
1983,Morgan,6,26,0.231
1983,Aubrey,5,7,0.714
1983,Leslie,5,45,0.111
1984,Michael,2279,14,162.786
1984,Christopher,1598,10,159.8
1984,Daniel,1070,6,178.333
1984,David,1012,7,144.571
1984,James,914,8,114.25
1984,Joseph,881,7,125.857
1984,Andrew,801,7,114.429
1984,Robert,789,7,112.714
1984,Ryan,789,17,46.412
1984,Joshua,727,7,103.857
1984,Jonathan,690,9,76.667
1984,Jason,668,6,111.333
1984,Nicholas,644,8,80.5
1984,Adam,635,7,90.714
1984,William,612,5,122.4
1984,Patrick,500,6,83.333
1984,Richard,414,5,82.8
1984,Kyle,246,10,24.6
1984,Corey,93,14,6.643
1984,Christian,63,6,10.5
1984,Lee,47,14,3.357
1984,Dana,44,44,1.0
1984,Angel,43,10,4.3
1984,Jordan,43,6,7.167
1984,Jamie,42,175,0.24
1984,Casey,39,65,0.6
1984,Taylor,28,38,0.737
1984,Alexis,24,79,0.304
1984,Cameron,19,6,3.167
1984,Colby,18,9,2.0
1984,Jaime,18,45,0.4
1984,Jean,13,11,1.182
1984,Devon,12,16,0.75
1984,Ariel,9,15,0.6
1984,Ashley,8,615,0.013
1984,Kerry,7,65,0.108
1984,Morgan,7,21,0.333
1984,Kelly,6,309,0.019
1984,Rene,6,7,0.857
1984,Robin,6,52,0.115
1984,Andrea,5,258,0.019
1984,Elizabeth,5,641,0.008
1984,Stephanie,5,577,0.009
1985,Michael,2121,7,303.0
1985,Matthew,1564,9,173.778
1985,Christopher,1554,8,194.25
1985,Daniel,1205,11,109.545
1985,David,977,8,122.125
1985,John,968,11,88.0
1985,Ryan,944,23,41.043
1985,Andrew,928,5,185.6
1985,Joseph,919,6,153.167
1985,James,885,9,98.333
1985,Robert,844,5,168.8
1985,Brian,807,5,161.4
1985,Jonathan,740,10,74.0
1985,Jason,646,6,107.667
1985,William,575,7,82.143
1985,Stephen,500,9,55.556
1985,Sean,466,5,93.2
1985,Alexander,324,7,46.286
1985,Kyle,324,10,32.4
1985,Jesse,165,5,33.0
1985,Corey,129,18,7.167
1985,Jordan,66,11,6.0
1985,Angel,55,12,4.583
1985,Dana,55,31,1.774
1985,Casey,49,64,0.766
1985,Devin,39,9,4.333
1985,Jamie,38,210,0.181
1985,Lee,32,10,3.2
1985,Taylor,30,47,0.638
1985,Devon,24,12,2.0
1985,Alexis,20,46,0.435
1985,Jaime,16,51,0.314
1985,Morgan,15,23,0.652
1985,Jessie,14,36,0.389
1985,Courtney,9,227,0.04
1985,Jean,9,14,0.643
1985,Robin,9,50,0.18
1985,Kristian,8,6,1.333
1985,Amanda,7,897,0.008
1985,Whitney,7,49,0.143
1985,Jennifer,6,1123,0.005
1985,Kerry,6,68,0.088
1985,Ashley,5,865,0.006
1985,Jessica,5,1021,0.005
1985,Justine,5,49,0.102
1985,Kelly,5,308,0.016
1985,Leigh,5,24,0.208
1985,Mackenzie,5,10,0.5
1985,Melissa,5,536,0.009
1985,Noel,5,5,1.0
1986,Michael,2199,18,122.167
1986,Christopher,1522,9,169.111
1986,Matthew,1485,13,114.231
1986,Daniel,1158,8,144.75
1986,David,955,7,136.429
1986,Andrew,954,5,190.8
1986,James,882,8,110.25
1986,John,864,5,172.8
1986,Ryan,847,20,42.35
1986,Robert,801,6,133.5
1986,Brian,736,7,105.143
1986,Nicholas,718,5,143.6
1986,Joshua,668,9,74.222
1986,Kevin,629,6,104.833
1986,Jason,576,8,72.0
1986,Justin,520,5,104.0
1986,Anthony,498,6,83.0
1986,Patrick,477,7,68.143
1986,Sean,468,7,66.857
1986,Mark,427,5,85.4
1986,Alexander,419,6,69.833
1986,Kyle,396,12,33.0
1986,Jeremy,247,5,49.4
1986,Shawn,211,5,42.2
1986,Corey,169,27,6.259
1986,Jesse,158,10,15.8
1986,Alex,121,5,24.2
1986,Brett,79,5,15.8
1986,Jordan,73,15,4.867
1986,Cory,63,8,7.875
1986,Angel,58,10,5.8
1986,Dana,54,44,1.227
1986,Casey,51,102,0.5
1986,Devin,48,8,6.0
1986,Taylor,39,46,0.848
1986,Lee,30,14,2.143
1986,Jamie,29,176,0.165
1986,Devon,25,15,1.667
1986,Alexis,19,30,0.633
1986,Jean,18,10,1.8
1986,Jaime,17,43,0.395
1986,Jessie,12,25,0.48
1986,Morgan,12,38,0.316
1986,Colby,10,7,1.429
1986,Noel,10,5,2.0
1986,Kerry,8,63,0.127
1986,Rene,7,5,1.4
1986,Ariel,6,18,0.333
1986,Ashley,6,1002,0.006
1986,Loren,6,7,0.857
1986,Carmen,5,29,0.172
1986,Courtney,5,277,0.018
1986,Jennifer,5,958,0.005
1986,Jessica,5,1198,0.004
1986,Sarah,5,777,0.006
1987,Michael,2256,17,132.706
1987,Matthew,1565,15,104.333
1987,Christopher,1489,6,248.167
1987,Daniel,1195,9,132.778
1987,David,1044,7,149.143
1987,Andrew,1013,9,112.556
1987,John,963,6,160.5
1987,Joseph,865,6,144.167
1987,Ryan,826,28,29.5
1987,James,822,8,102.75
1987,Robert,794,5,158.8
1987,Nicholas,791,8,98.875
1987,Jonathan,724,5,144.8
1987,Thomas,606,7,86.571
1987,Jason,527,5,105.4
1987,Alexander,473,12,39.417
1987,Benjamin,466,6,77.667
1987,Kyle,400,9,44.444
1987,Shawn,203,7,29.0
1987,Corey,186,15,12.4
1987,Tyler,173,6,28.833
1987,Jesse,166,13,12.769
1987,Cory,117,6,19.5
1987,Jordan,97,28,3.464
1987,Casey,58,81,0.716
1987,Devin,58,8,7.25
1987,Dana,52,43,1.209
1987,Angel,50,7,7.143
1987,Jamie,44,160,0.275
1987,Taylor,42,64,0.656
1987,Lee,41,13,3.154
1987,Devon,23,13,1.769
1987,Colby,19,7,2.714
1987,Jaime,15,34,0.441
1987,Morgan,15,31,0.484
1987,Jean,12,11,1.091
1987,Alexis,10,30,0.333
1987,Ariel,10,24,0.417
1987,Jessie,10,27,0.37
1987,Noel,9,7,1.286
1987,Rene,8,5,1.6
1987,Ashley,7,1211,0.006
1987,Courtney,7,258,0.027
1987,Shannon,6,224,0.027
1987,Dara,5,6,0.833
1987,Jackie,5,7,0.714
1987,Kendall,5,17,0.294
1988,Michael,2054,14,146.714
1988,Matthew,1516,9,168.444
1988,Christopher,1473,7,210.429
1988,Daniel,1105,9,122.778
1988,Andrew,1020,9,113.333
1988,David,971,9,107.889
1988,John,922,6,153.667
1988,Joseph,912,6,152.0
1988,Ryan,875,22,39.773
1988,James,857,9,95.222
1988,Joshua,835,6,139.167
1988,Robert,805,6,134.167
1988,Jonathan,716,7,102.286
1988,Brian,682,8,85.25
1988,Kevin,648,8,81.0
1988,William,634,5,126.8
1988,Thomas,616,8,77.0
1988,Eric,520,5,104.0
1988,Alexander,492,14,35.143
1988,Kyle,475,7,67.857
1988,Sean,464,5,92.8
1988,Corey,214,12,17.833
1988,Jesse,141,6,23.5
1988,Cory,112,5,22.4
1988,Jordan,98,20,4.9
1988,Taylor,72,95,0.758
1988,Cameron,69,6,11.5
1988,Devin,67,12,5.583
1988,Angel,62,12,5.167
1988,Casey,60,86,0.698
1988,Jamie,45,130,0.346
1988,Dana,39,35,1.114
1988,Lee,37,7,5.286
1988,Jaime,21,34,0.618
1988,Jean,20,9,2.222
1988,Colby,18,6,3.0
1988,Devon,18,16,1.125
1988,Alexis,16,40,0.4
1988,Ariel,14,35,0.4
1988,Morgan,14,35,0.4
1988,Noel,11,10,1.1
1988,Jessie,8,32,0.25
1988,Rene,8,6,1.333
1988,Ali,7,5,1.4
1988,Dominique,6,23,0.261
1988,Erin,5,284,0.018
1988,Kelly,5,311,0.016
1988,Leslie,5,41,0.122
1989,Michael,2256,7,322.286
1989,Joseph,972,6,162.0
1989,Ryan,926,12,77.167
1989,Kyle,520,8,65.0
1989,Tyler,272,6,45.333
1989,Corey,243,13,18.692
1989,Jesse,181,8,22.625
1989,Alex,156,10,15.6
1989,Jordan,148,59,2.508
1989,Brett,122,6,20.333
1989,Cory,111,7,15.857
1989,Cameron,91,9,10.111
1989,Taylor,71,112,0.634
1989,Devin,70,16,4.375
1989,Angel,67,10,6.7
1989,Casey,57,88,0.648
1989,Jamie,38,126,0.302
1989,Dana,35,41,0.854
1989,Lee,33,11,3.0
1989,Devon,24,17,1.412
1989,Alexis,17,37,0.459
1989,Colby,17,12,1.417
1989,Jaime,15,27,0.556
1989,Jean,15,8,1.875
1989,Rory,15,5,3.0
1989,Jessie,13,19,0.684
1989,Ariel,12,39,0.308
1989,Dominique,10,17,0.588
1989,Kerry,10,52,0.192
1989,Mackenzie,10,22,0.455
1989,Rene,10,5,2.0
1989,Avery,8,5,1.6
1989,Kendall,8,6,1.333
1989,Devan,7,7,1.0
1989,Ashley,6,1081,0.006
1989,Courtney,6,355,0.017
1989,Jayme,6,8,0.75
1989,Kasey,6,32,0.188
1989,Morgan,5,48,0.104
1989,Perry,5,6,0.833
1990,Michael,2142,5,428.4
1990,Ryan,926,17,54.471
1990,Joshua,846,5,169.2
1990,Kyle,582,13,44.769
1990,Tyler,377,10,37.7
1990,Jordan,247,74,3.338
1990,Corey,239,14,17.071
1990,Jesse,177,12,14.75
1990,Brett,132,7,18.857
1990,Cory,121,10,12.1
1990,Taylor,96,171,0.561
1990,Angel,91,15,6.067
1990,Devin,73,25,2.92
1990,Casey,66,119,0.555
1990,Alexis,35,65,0.538
1990,Dana,35,42,0.833
1990,Jamie,29,118,0.246
1990,Colby,26,9,2.889
1990,Devon,26,45,0.578
1990,Blake,25,5,5.0
1990,Jean,22,13,1.692
1990,Lee,17,12,1.417
1990,Jaime,16,34,0.471
1990,Ali,15,7,2.143
1990,Mackenzie,15,27,0.556
1990,Morgan,12,64,0.188
1990,Ariel,11,81,0.136
1990,Dakota,10,7,1.429
1990,Logan,10,5,2.0
1990,Devan,9,9,1.0
1990,Dominique,9,36,0.25
1990,Jessie,9,27,0.333
1990,Kendall,7,8,0.875
1990,Kasey,6,31,0.194
1990,Robin,6,25,0.24
1990,Ashley,5,956,0.005
1990,Avery,5,5,1.0
1990,Courtney,5,339,0.015
1990,Jayme,5,8,0.625
1991,Michael,1961,7,280.143
1991,Matthew,1416,5,283.2
1991,Ryan,902,11,82.0
1991,Kyle,626,6,104.333
1991,Alexander,604,5,120.8
1991,Tyler,471,9,52.333
1991,Corey,207,16,12.938
1991,Jordan,196,72,2.722
1991,Christian,183,5,36.6
1991,Luis,140,5,28.0
1991,Jesse,134,13,10.308
1991,Cory,112,5,22.4
1991,Taylor,104,201,0.517
1991,Devin,87,33,2.636
1991,Angel,76,5,15.2
1991,Gabriel,71,7,10.143
1991,Casey,61,93,0.656
1991,Devon,45,52,0.865
1991,Jamie,37,129,0.287
1991,Colby,36,8,4.5
1991,Ariel,30,86,0.349
1991,Dana,29,33,0.879
1991,Lee,23,7,3.286
1991,Alexis,21,102,0.206
1991,Jaime,19,38,0.5
1991,Dakota,18,7,2.571
1991,Logan,17,10,1.7
1991,Ali,12,9,1.333
1991,Riley,11,6,1.833
1991,Devan,10,9,1.111
1991,Jessie,10,22,0.455
1991,Jean,9,7,1.286
1991,Mackenzie,9,35,0.257
1991,Morgan,8,68,0.118
1991,Dominique,6,21,0.286
1991,Jackie,6,6,1.0
1991,Courtney,5,329,0.015
1991,Kerry,5,53,0.094
1991,Robin,5,19,0.263
1992,Michael,1802,5,360.4
1992,Ryan,912,9,101.333
1992,Alexander,678,6,113.0
1992,Tyler,640,8,80.0
1992,Kyle,578,7,82.571
1992,Dylan,319,6,53.167
1992,Alex,203,5,40.6
1992,Corey,188,11,17.091
1992,Jordan,186,63,2.952
1992,Devin,107,34,3.147
1992,Taylor,94,280,0.336
1992,Cory,83,6,13.833
1992,Angel,70,11,6.364
1992,Casey,52,116,0.448
1992,Colby,40,9,4.444
1992,Devon,40,33,1.212
1992,Jamie,36,80,0.45
1992,Dana,34,32,1.062
1992,Lee,25,6,4.167
1992,Ariel,21,64,0.328
1992,Logan,21,6,3.5
1992,Alexis,19,102,0.186
1992,Jean,17,6,2.833
1992,Riley,17,8,2.125
1992,Dakota,15,12,1.25
1992,Mackenzie,14,67,0.209
1992,Dominique,11,42,0.262
1992,Morgan,9,93,0.097
1992,Robin,8,22,0.364
1992,Avery,7,11,0.636
1992,Jaime,7,24,0.292
1992,Jessie,7,27,0.259
1992,Kerry,7,34,0.206
1992,Blair,6,6,1.0
1992,Chandler,6,7,0.857
1992,Shea,6,5,1.2
1993,Michael,1590,5,318.0
1993,Ryan,874,6,145.667
1993,Tyler,688,7,98.286
1993,Alexander,654,6,109.0
1993,Kyle,544,7,77.714
1993,Jordan,202,71,2.845
1993,Corey,153,15,10.2
1993,Jesse,139,8,17.375
1993,Taylor,100,368,0.272
1993,Devin,91,24,3.792
1993,Cory,78,5,15.6
1993,Angel,64,10,6.4
1993,Devon,48,32,1.5
1993,Colby,41,10,4.1
1993,Jamie,39,69,0.565
1993,Casey,33,105,0.314
1993,Dakota,25,12,2.083
1993,Dana,24,41,0.585
1993,Alexis,23,137,0.168
1993,Mackenzie,23,63,0.365
1993,Jaime,19,28,0.679
1993,Riley,19,19,1.0
1993,Ariel,18,33,0.545
1993,Avery,17,17,1.0
1993,Dominique,12,44,0.273
1993,Frankie,12,6,2.0
1993,Devan,10,9,1.111
1993,Ali,9,5,1.8
1993,Kasey,9,32,0.281
1993,Morgan,8,97,0.082
1993,Shelby,8,62,0.129
1993,Chandler,7,10,0.7
1993,Courtney,6,284,0.021
1993,Devyn,6,13,0.462
1993,Jessie,6,23,0.261
1993,Robin,6,19,0.316
1993,Carmen,5,18,0.278
1993,Kendall,5,27,0.185
1993,Kerry,5,22,0.227
1994,Ryan,813,11,73.909
1994,Tyler,714,17,42.0
1994,Cameron,275,5,55.0
1994,Cody,243,5,48.6
1994,Jordan,200,91,2.198
1994,Alex,185,17,10.882
1994,Corey,166,9,18.444
1994,Jesse,136,7,19.429
1994,Devin,109,21,5.19
1994,Gabriel,86,5,17.2
1994,Angel,81,11,7.364
1994,Taylor,80,377,0.212
1994,Cory,71,5,14.2
1994,Casey,62,123,0.504
1994,Devon,57,31,1.839
1994,Drew,57,5,11.4
1994,Hunter,41,10,4.1
1994,Dakota,38,17,2.235
1994,Logan,36,7,5.143
1994,Jamie,33,86,0.384
1994,Colby,30,10,3.0
1994,Dana,24,29,0.828
1994,Mackenzie,23,68,0.338
1994,Jaime,19,29,0.655
1994,Riley,19,14,1.357
1994,Alexis,17,157,0.108
1994,Ariel,14,26,0.538
1994,Avery,13,6,2.167
1994,Morgan,13,147,0.088
1994,Devan,12,5,2.4
1994,Noel,10,5,2.0
1994,Harley,9,6,1.5
1994,Ashton,8,6,1.333
1994,Darian,8,12,0.667
1994,Darien,8,5,1.6
1994,Jessie,8,18,0.444
1994,Dale,7,5,1.4
1994,Robin,6,17,0.353
1994,Justice,5,8,0.625
1994,Leslie,5,14,0.357
1995,Ryan,784,8,98.0
1995,Tyler,737,10,73.7
1995,Kyle,473,5,94.6
1995,Dylan,237,5,47.4
1995,Alex,193,5,38.6
1995,Jordan,191,79,2.418
1995,Corey,141,7,20.143
1995,Devin,126,24,5.25
1995,Drew,105,7,15.0
1995,Jesse,103,8,12.875
1995,Devon,71,38,1.868
1995,Angel,65,6,10.833
1995,Taylor,54,312,0.173
1995,Dakota,49,16,3.062
1995,Logan,46,10,4.6
1995,Casey,45,92,0.489
1995,Colby,33,9,3.667
1995,Alexis,28,169,0.166
1995,Jamie,28,97,0.289
1995,Riley,28,13,2.154
1995,Quinn,25,5,5.0
1995,Dana,22,32,0.688
1995,Mackenzie,21,83,0.253
1995,Morgan,19,149,0.128
1995,Ariel,18,33,0.545
1995,Avery,17,11,1.545
1995,Chandler,17,10,1.7
1995,Jaime,17,26,0.654
1995,Bailey,13,37,0.351
1995,Devan,10,13,0.769
1995,Ali,8,5,1.6
1995,Jean,8,6,1.333
1995,Addison,7,7,1.0
1995,Devyn,7,11,0.636
1995,Dominique,7,38,0.184
1995,Harley,7,8,0.875
1995,Justice,7,10,0.7
1995,Darien,6,5,1.2
1995,Skyler,5,6,0.833
1996,Ryan,753,6,125.5
1996,Tyler,610,14,43.571
1996,Jordan,179,98,1.827
1996,Devin,128,21,6.095
1996,Jesse,111,6,18.5
1996,Devon,61,17,3.588
1996,Hunter,57,8,7.125
1996,Logan,55,9,6.111
1996,Taylor,54,306,0.176
1996,Riley,45,23,1.957
1996,Casey,44,88,0.5
1996,Colby,42,8,5.25
1996,Angel,41,13,3.154
1996,Dakota,36,13,2.769
1996,Quinn,36,5,7.2
1996,Avery,26,8,3.25
1996,Ariel,24,23,1.043
1996,Bailey,22,37,0.595
1996,Dana,21,24,0.875
1996,Jamie,21,79,0.266
1996,Alexis,20,230,0.087
1996,Mackenzie,19,111,0.171
1996,Justice,18,7,2.571
1996,Morgan,18,151,0.119
1996,Jean,14,5,2.8
1996,Jaime,12,29,0.414
1996,Ali,9,12,0.75
1996,Noel,9,8,1.125
1996,Jessie,7,20,0.35
1996,Amari,6,5,1.2
1996,Devan,6,7,0.857
1996,Devyn,6,12,0.5
1997,Cameron,313,8,39.125
1997,Jordan,197,118,1.669
1997,Devin,116,26,4.462
1997,Corey,102,7,14.571
1997,Angel,61,6,10.167
1997,Devon,56,19,2.947
1997,Logan,52,11,4.727
1997,Riley,43,37,1.162
1997,Cory,42,6,7.0
1997,Taylor,40,328,0.122
1997,Bailey,39,44,0.886
1997,Casey,37,97,0.381
1997,Dakota,37,16,2.312
1997,Alexis,22,206,0.107
1997,Morgan,20,158,0.127
1997,Avery,18,17,1.059
1997,Ali,16,9,1.778
1997,Justice,16,5,3.2
1997,Armani,13,6,2.167
1997,Darian,13,6,2.167
1997,Jamie,12,66,0.182
1997,Dana,11,31,0.355
1997,Reilly,9,12,0.75
1997,Ariel,8,19,0.421
1997,Gianni,8,6,1.333
1997,Jessie,8,20,0.4
1997,Mackenzie,8,114,0.07
1997,Rowan,8,8,1.0
1997,Shea,7,6,1.167
1997,Devyn,6,5,1.2
1997,Jaime,6,20,0.3
1997,Kendall,6,31,0.194
1997,Sage,5,16,0.312
1997,Sidney,5,6,0.833
1997,Skylar,5,12,0.417
1997,Skyler,5,8,0.625
1998,Ryan,718,10,71.8
1998,Tyler,579,9,64.333
1998,Cameron,419,24,17.458
1998,Jordan,209,101,2.069
1998,Devin,155,21,7.381
1998,Hunter,120,10,12.0
1998,Angel,84,9,9.333
1998,Jesse,82,9,9.111
1998,Riley,66,37,1.784
1998,Devon,57,17,3.353
1998,Logan,55,6,9.167
1998,Bryce,54,6,9.0
1998,Chase,43,5,8.6
1998,Dakota,41,17,2.412
1998,Casey,31,85,0.365
1998,Bailey,28,51,0.549
1998,Alexis,25,292,0.086
1998,Ariel,23,28,0.821
1998,Avery,23,21,1.095
1998,Taylor,23,313,0.073
1998,Jamie,19,70,0.271
1998,Gianni,18,8,2.25
1998,Quinn,17,10,1.7
1998,Ali,13,6,2.167
1998,Noel,13,5,2.6
1998,Darian,12,8,1.5
1998,Devan,11,5,2.2
1998,Dana,10,29,0.345
1998,Devyn,10,10,1.0
1998,Justice,9,5,1.8
1998,Sage,8,12,0.667
1998,Jaime,7,12,0.583
1998,Mackenzie,7,121,0.058
1998,Reilly,7,10,0.7
1998,Emerson,6,10,0.6
1998,Jackie,6,5,1.2
1998,Kennedy,6,8,0.75
1998,Skyler,6,11,0.545
1998,Amari,5,9,0.556
1998,Morgan,5,157,0.032
1998,Shea,5,9,0.556
1999,Ryan,769,7,109.857
1999,Tyler,530,7,75.714
1999,Cameron,385,22,17.5
1999,Jordan,197,123,1.602
1999,Aidan,156,5,31.2
1999,Devin,152,14,10.857
1999,Alex,145,6,24.167
1999,Hunter,118,10,11.8
1999,Devon,68,12,5.667
1999,Logan,66,12,5.5
1999,Angel,57,14,4.071
1999,Jesse,56,10,5.6
1999,Riley,43,49,0.878
1999,Colby,42,11,3.818
1999,Casey,37,75,0.493
1999,Quinn,36,9,4.0
1999,Dakota,33,22,1.5
1999,Bailey,31,41,0.756
1999,Taylor,27,255,0.106
1999,Alexis,22,301,0.073
1999,Jaden,20,7,2.857
1999,Ali,19,5,3.8
1999,Rory,18,6,3.0
1999,Avery,16,34,0.471
1999,Carson,15,5,3.0
1999,Ariel,11,27,0.407
1999,Dana,11,31,0.355
1999,Morgan,11,144,0.076
1999,Peyton,11,18,0.611
1999,Jaime,10,18,0.556
1999,Skyler,10,16,0.625
1999,Devyn,8,15,0.533
1999,Shea,8,6,1.333
1999,Addison,7,7,1.0
1999,Emerson,7,7,1.0
1999,Jamie,7,64,0.109
1999,Armani,6,6,1.0
1999,Mackenzie,6,128,0.047
1999,Harley,5,5,1.0
1999,Jean,5,6,0.833
1999,Justice,5,5,1.0
1999,Kerry,5,18,0.278
1999,Paris,5,9,0.556
1999,Raven,5,9,0.556
1999,Sage,5,13,0.385
1999,Skylar,5,37,0.135
2000,Ryan,705,11,64.091
2000,Tyler,473,11,43.0
2000,Cameron,410,18,22.778
2000,Aidan,208,5,41.6
2000,Devin,156,17,9.176
2000,Jordan,143,104,1.375
2000,Logan,103,8,12.875
2000,Angel,90,13,6.923
2000,Riley,75,60,1.25
2000,Drew,53,8,6.625
2000,Devon,50,8,6.25
2000,Bryce,46,7,6.571
2000,Casey,46,54,0.852
2000,Colby,44,6,7.333
2000,Jesse,41,9,4.556
2000,Quinn,35,9,3.889
2000,Dakota,34,14,2.429
2000,Alexis,24,234,0.103
2000,Taylor,23,208,0.111
2000,Rory,21,10,2.1
2000,Bailey,20,34,0.588
2000,Avery,19,33,0.576
2000,Dana,17,18,0.944
2000,Ariel,15,22,0.682
2000,Morgan,14,146,0.096
2000,Noel,13,5,2.6
2000,Payton,13,19,0.684
2000,Jaime,11,9,1.222
2000,Peyton,11,25,0.44
2000,Devyn,10,10,1.0
2000,Jamie,9,43,0.209
2000,Shea,9,9,1.0
2000,Amari,8,7,1.143
2000,Emerson,7,6,1.167
2000,Jaiden,7,5,1.4
2000,Kasey,6,27,0.222
2000,Mackenzie,6,175,0.034
2000,Reilly,6,7,0.857
2000,Skyler,6,18,0.333
2000,Sage,5,9,0.556
2001,Ryan,746,13,57.385
2001,Tyler,436,11,39.636
2001,Cameron,413,16,25.812
2001,Aidan,278,9,30.889
2001,Devin,147,16,9.188
2001,Jordan,136,103,1.32
2001,Hunter,135,11,12.273
2001,Colby,117,5,23.4
2001,Logan,111,8,13.875
2001,Angel,94,16,5.875
2001,Riley,67,81,0.827
2001,Devon,55,12,4.583
2001,Drew,52,5,10.4
2001,Casey,48,65,0.738
2001,Hayden,48,6,8.0
2001,Jesse,48,6,8.0
2001,Jayden,45,11,4.091
2001,Jaden,41,7,5.857
2001,Parker,39,6,6.5
2001,Quinn,30,10,3.0
2001,Alexis,23,213,0.108
2001,Bailey,22,43,0.512
2001,Shea,22,10,2.2
2001,Dakota,20,7,2.857
2001,Avery,17,42,0.405
2001,Noel,17,5,3.4
2001,Taylor,17,213,0.08
2001,Justice,16,8,2.0
2001,Rory,15,8,1.875
2001,Ariel,12,16,0.75
2001,Jamie,12,52,0.231
2001,Morgan,12,145,0.083
2001,Dana,11,21,0.524
2001,Jaime,11,11,1.0
2001,Peyton,11,25,0.44
2001,Devyn,10,7,1.429
2001,Payton,9,33,0.273
2001,Skyler,9,20,0.45
2001,Rowan,8,6,1.333
2001,Emerson,7,10,0.7
2001,Reilly,6,7,0.857
2001,Skylar,6,40,0.15
2001,Amari,5,10,0.5
2001,Sidney,5,12,0.417
2001,Teagan,5,11,0.455
2002,Ryan,700,17,41.176
2002,Tyler,421,7,60.143
2002,Cameron,338,11,30.727
2002,Gabriel,210,6,35.0
2002,Jordan,171,115,1.487
2002,Logan,149,6,24.833
2002,Hunter,121,5,24.2
2002,Devin,119,6,19.833
2002,Colby,116,6,19.333
2002,Angel,89,23,3.87
2002,Riley,77,102,0.755
2002,Jayden,75,15,5.0
2002,Jaden,74,5,14.8
2002,Devon,57,5,11.4
2002,Jesse,43,5,8.6
2002,Quinn,40,10,4.0
2002,Shea,38,15,2.533
2002,Camden,29,6,4.833
2002,Casey,29,38,0.763
2002,Ariel,20,17,1.176
2002,Avery,20,61,0.328
2002,Dakota,18,12,1.5
2002,Ali,16,7,2.286
2002,Peyton,16,18,0.889
2002,Bailey,13,27,0.481
2002,Alexis,12,242,0.05
2002,Reese,10,17,0.588
2002,Rory,10,8,1.25
2002,Taylor,10,178,0.056
2002,Morgan,8,137,0.058
2002,Rowan,8,11,0.727
2002,Skyler,8,16,0.5
2002,Jamie,7,47,0.149
2002,Payton,7,23,0.304
2002,Amari,6,10,0.6
2002,Dana,6,19,0.316
2002,Phoenix,6,5,1.2
2002,Reilly,6,9,0.667
2002,Sage,6,22,0.273
2002,Devyn,5,6,0.833
2002,Jordyn,5,35,0.143
2002,Nikita,5,8,0.625
2002,Sidney,5,11,0.455
2003,Ryan,712,11,64.727
2003,Aidan,464,5,92.8
2003,Tyler,455,11,41.364
2003,Cameron,325,13,25.0
2003,Logan,153,13,11.769
2003,Jordan,140,121,1.157
2003,Devin,121,10,12.1
2003,Jayden,119,14,8.5
2003,Angel,97,20,4.85
2003,Jaden,83,13,6.385
2003,Riley,65,114,0.57
2003,Quinn,48,9,5.333
2003,Hayden,46,9,5.111
2003,Devon,39,9,4.333
2003,Avery,33,79,0.418
2003,Shea,28,19,1.474
2003,Casey,26,46,0.565
2003,Jaiden,26,11,2.364
2003,Alexis,21,167,0.126
2003,Ali,19,5,3.8
2003,Dakota,19,13,1.462
2003,Rowan,18,6,3.0
2003,Ariel,16,23,0.696
2003,Rory,15,14,1.071
2003,Morgan,14,167,0.084
2003,Bailey,12,25,0.48
2003,Amari,11,7,1.571
2003,Jamie,11,35,0.314
2003,Peyton,11,24,0.458
2003,Skyler,11,10,1.1
2003,Taylor,11,146,0.075
2003,Reese,10,22,0.455
2003,Dana,7,21,0.333
2003,Devan,7,5,1.4
2003,Addison,6,12,0.5
2003,Campbell,6,6,1.0
2003,Dominique,6,7,0.857
2003,Emerson,6,11,0.545
2003,Jadyn,6,16,0.375
2003,Jaime,5,9,0.556
2003,Jaylin,5,9,0.556
2003,Kasey,5,13,0.385
2003,Payton,5,14,0.357
2003,Raven,5,7,0.714
2004,Ryan,720,12,60.0
2004,Tyler,481,6,80.167
2004,Dylan,356,13,27.385
2004,Cameron,305,15,20.333
2004,Jayden,160,13,12.308
2004,Logan,146,12,12.167
2004,Jordan,131,87,1.506
2004,Devin,111,11,10.091
2004,Angel,100,23,4.348
2004,Drew,69,8,8.625
2004,Riley,66,122,0.541
2004,Chase,65,6,10.833
2004,Jaden,65,8,8.125
2004,Hayden,53,6,8.833
2004,Quinn,47,15,3.133
2004,Devon,38,6,6.333
2004,Jaiden,33,8,4.125
2004,Avery,31,81,0.383
2004,Parker,31,8,3.875
2004,Casey,29,40,0.725
2004,Shea,29,17,1.706
2004,Rowan,25,13,1.923
2004,Kai,20,6,3.333
2004,Ali,19,5,3.8
2004,Alexis,18,191,0.094
2004,Peyton,17,35,0.486
2004,Bailey,13,33,0.394
2004,Morgan,12,147,0.082
2004,Dakota,11,19,0.579
2004,Kayden,11,5,2.2
2004,Reese,11,14,0.786
2004,Taylor,11,130,0.085
2004,Amari,10,7,1.429
2004,Jaime,8,7,1.143
2004,Payton,8,29,0.276
2004,Rory,8,5,1.6
2004,Addison,7,11,0.636
2004,Devyn,7,7,1.0
2004,Kerry,6,9,0.667
2004,Remy,6,6,1.0
2004,Skyler,6,11,0.545
2004,Teagan,6,18,0.333
2004,Ariel,5,17,0.294
2004,Elisha,5,8,0.625
2004,Reilly,5,10,0.5
2005,Ryan,631,15,42.067
2005,Dylan,328,5,65.6
2005,Cameron,244,16,15.25
2005,Logan,179,12,14.917
2005,Jayden,167,15,11.133
2005,Jordan,116,63,1.841
2005,Angel,109,19,5.737
2005,Devin,103,6,17.167
2005,Jaden,71,16,4.438
2005,Riley,68,128,0.531
2005,Quinn,55,11,5.0
2005,Hayden,50,8,6.25
2005,Devon,41,10,4.1
2005,Jaiden,29,14,2.071
2005,Casey,28,49,0.571
2005,Shea,28,20,1.4
2005,Avery,27,91,0.297
2005,Rowan,27,11,2.455
2005,Alexis,24,163,0.147
2005,Kayden,23,6,3.833
2005,Ariel,20,22,0.909
2005,Rory,16,9,1.778
2005,Taylor,14,128,0.109
2005,Jaime,11,15,0.733
2005,Peyton,10,36,0.278
2005,Devan,9,6,1.5
2005,Emerson,9,26,0.346
2005,Jamie,9,24,0.375
2005,Morgan,9,110,0.082
2005,Payton,9,23,0.391
2005,Reese,9,31,0.29
2005,Amari,8,8,1.0
2005,Bailey,7,19,0.368
2005,Dakota,7,26,0.269
2005,Jaidyn,7,5,1.4
2005,Addison,6,14,0.429
2005,Jadyn,6,19,0.316
2005,Reilly,6,7,0.857
2005,Kasey,5,12,0.417
2006,Ryan,567,11,51.545
2006,Aidan,358,5,71.6
2006,Cameron,267,15,17.8
2006,Logan,244,11,22.182
2006,Jayden,239,14,17.071
2006,Jordan,164,68,2.412
2006,Angel,114,14,8.143
2006,Chase,93,5,18.6
2006,Devin,89,7,12.714
2006,Jaden,87,7,12.429
2006,Hayden,69,7,9.857
2006,Riley,65,109,0.596
2006,Camden,47,7,6.714
2006,Quinn,47,18,2.611
2006,Jaiden,45,6,7.5
2006,Casey,28,27,1.037
2006,Alexis,26,161,0.161
2006,Rowan,25,20,1.25
2006,Sawyer,24,7,3.429
2006,Avery,23,118,0.195
2006,Ariel,19,19,1.0
2006,Shea,18,9,2.0
2006,Dakota,17,31,0.548
2006,Taylor,13,111,0.117
2006,Emerson,12,32,0.375
2006,Morgan,12,119,0.101
2006,Peyton,12,30,0.4
2006,Addison,9,70,0.129
2006,Jaime,9,8,1.125
2006,Rory,9,9,1.0
2006,Jamie,8,20,0.4
2006,Jordyn,8,27,0.296
2006,Amari,7,8,0.875
2006,Dana,7,12,0.583
2006,Reese,7,50,0.14
2006,Sidney,7,5,1.4
2006,Arya,6,7,0.857
2006,Bailey,6,21,0.286
2006,Jaylin,6,5,1.2
2006,Kamryn,6,10,0.6
2006,Reilly,6,5,1.2
2006,Eden,5,11,0.455
2006,Payton,5,27,0.185
2006,Robin,5,5,1.0
2006,Skylar,5,45,0.111
2006,Skyler,5,21,0.238
2007,Ryan,554,12,46.167
2007,Jayden,382,15,25.467
2007,Tyler,336,6,56.0
2007,Dylan,300,10,30.0
2007,Logan,279,9,31.0
2007,Cameron,271,9,30.111
2007,Aidan,259,5,51.8
2007,Jordan,164,69,2.377
2007,Angel,116,12,9.667
2007,Jaden,84,6,14.0
2007,Quinn,64,22,2.909
2007,Riley,61,126,0.484
2007,Hayden,59,24,2.458
2007,Parker,57,14,4.071
2007,Jaiden,48,6,8.0
2007,Colby,43,5,8.6
2007,Devon,32,8,4.0
2007,Casey,30,35,0.857
2007,Kayden,27,12,2.25
2007,Keegan,27,6,4.5
2007,Avery,25,122,0.205
2007,Alexis,24,138,0.174
2007,Rowan,23,20,1.15
2007,Rory,20,10,2.0
2007,Shea,15,18,0.833
2007,Ariel,14,11,1.273
2007,Justice,13,5,2.6
2007,Reilly,13,13,1.0
2007,Dakota,12,24,0.5
2007,Gianni,12,6,2.0
2007,Morgan,12,112,0.107
2007,Amari,11,9,1.222
2007,Peyton,10,29,0.345
2007,Emerson,8,40,0.2
2007,Taylor,8,109,0.073
2007,Finley,7,5,1.4
2007,Amani,6,5,1.2
2007,Reese,6,39,0.154
2007,Skyler,6,17,0.353
2007,Jaylin,5,7,0.714
2008,Ryan,543,12,45.25
2008,Jayden,363,20,18.15
2008,Cameron,301,16,18.812
2008,Dylan,266,18,14.778
2008,Logan,243,12,20.25
2008,Jordan,157,46,3.413
2008,Angel,108,10,10.8
2008,Riley,70,154,0.455
2008,Quinn,57,19,3.0
2008,Hayden,51,37,1.378
2008,Parker,49,6,8.167
2008,Jaiden,45,8,5.625
2008,Kayden,45,7,6.429
2008,Jameson,33,5,6.6
2008,Avery,31,136,0.228
2008,Casey,31,30,1.033
2008,Devon,23,6,3.833
2008,Rowan,23,22,1.045
2008,Jaylen,22,5,4.4
2008,Alexis,21,156,0.135
2008,Charlie,19,9,2.111
2008,Amari,17,6,2.833
2008,Rory,15,12,1.25
2008,Shea,15,13,1.154
2008,Peyton,13,28,0.464
2008,Ariel,12,15,0.8
2008,Emerson,12,26,0.462
2008,Gianni,12,9,1.333
2008,Taylor,12,92,0.13
2008,Justice,11,9,1.222
2008,Morgan,11,90,0.122
2008,Jamie,9,22,0.409
2008,Bailey,8,31,0.258
2008,Camryn,8,24,0.333
2008,Jordyn,8,33,0.242
2008,Finley,7,8,0.875
2008,Amani,6,6,1.0
2008,Dana,6,7,0.857
2008,Devyn,6,10,0.6
2008,London,6,10,0.6
2008,Teagan,6,27,0.222
2008,Campbell,5,6,0.833
2008,Dakota,5,21,0.238
2008,Jadyn,5,6,0.833
2008,Jaidyn,5,6,0.833
2008,Jaylin,5,10,0.5
2008,Joan,5,5,1.0
2008,Reese,5,38,0.132
2009,Ryan,488,12,40.667
2009,Jayden,353,15,23.533
2009,Logan,270,12,22.5
2009,Dylan,268,17,15.765
2009,Cameron,255,27,9.444
2009,Jordan,191,39,4.897
2009,Angel,101,11,9.182
2009,Quinn,61,18,3.389
2009,Parker,52,6,8.667
2009,Jaiden,50,5,10.0
2009,Riley,42,120,0.35
2009,Hayden,40,32,1.25
2009,Avery,32,141,0.227
2009,Sawyer,31,5,6.2
2009,Casey,29,14,2.071
2009,Alexis,23,188,0.122
2009,Rowan,21,11,1.909
2009,Grayson,18,7,2.571
2009,Rory,17,12,1.417
2009,Amari,15,7,2.143
2009,Justice,14,8,1.75
2009,Morgan,14,94,0.149
2009,Shea,14,19,0.737
2009,Ariel,12,10,1.2
2009,Taylor,12,85,0.141
2009,Emerson,11,30,0.367
2009,Peyton,9,60,0.15
2009,Jamie,8,15,0.533
2009,Jaylin,8,14,0.571
2009,Kamryn,8,15,0.533
2009,Teagan,8,42,0.19
2009,Finley,7,9,0.778
2009,Dakota,6,21,0.286
2009,Jordyn,6,36,0.167
2009,Phoenix,6,5,1.2
2009,Reese,6,57,0.105
2009,Skyler,6,13,0.462
2009,Amani,5,6,0.833
2009,Arya,5,5,1.0
2010,Ryan,449,5,89.8
2010,Jayden,321,5,64.2
2010,Logan,288,12,24.0
2010,Dylan,264,17,15.529
2010,Cameron,249,12,20.75
2010,Jordan,141,22,6.409
2010,Hunter,99,5,19.8
2010,Angel,98,7,14.0
2010,Parker,63,12,5.25
2010,Quinn,62,41,1.512
2010,Riley,53,128,0.414
2010,Devin,44,8,5.5
2010,Hayden,40,28,1.429
2010,Avery,34,183,0.186
2010,Rowan,30,22,1.364
2010,Charlie,24,9,2.667
2010,Alexis,18,120,0.15
2010,Casey,18,16,1.125
2010,Devon,18,5,3.6
2010,Emerson,17,28,0.607
2010,Rory,17,8,2.125
2010,Peyton,12,54,0.222
2010,Amari,11,7,1.571
2010,Phoenix,11,5,2.2
2010,Finley,10,16,0.625
2010,Campbell,9,9,1.0
2010,Camryn,9,23,0.391
2010,Jamie,9,9,1.0
2010,Ariel,8,18,0.444
2010,London,8,17,0.471
2010,Shea,8,11,0.727
2010,Dakota,7,9,0.778
2010,Jordyn,7,26,0.269
2010,Reese,7,40,0.175
2010,Eden,6,18,0.333
2010,Kennedy,6,19,0.316
2010,Taylor,6,67,0.09
2010,Amani,5,7,0.714
2010,Brooklyn,5,38,0.132
2010,Marley,5,11,0.455
2010,Sage,5,14,0.357
2011,Ryan,432,9,48.0
2011,Jayden,295,10,29.5
2011,Cameron,262,11,23.818
2011,Dylan,236,14,16.857
2011,Jordan,137,29,4.724
2011,Angel,101,13,7.769
2011,Parker,76,5,15.2
2011,Blake,74,7,10.571
2011,Kayden,62,5,12.4
2011,Riley,61,110,0.555
2011,Devin,57,6,9.5
2011,Quinn,50,51,0.98
2011,Hayden,34,28,1.214
2011,Sawyer,34,6,5.667
2011,Avery,33,172,0.192
2011,Charlie,31,8,3.875
2011,Rowan,28,13,2.154
2011,Casey,27,20,1.35
2011,Rory,22,9,2.444
2011,Emerson,17,37,0.459
2011,Devon,16,5,3.2
2011,Alexis,12,108,0.111
2011,Reese,11,58,0.19
2011,Taylor,10,68,0.147
2011,Teagan,10,45,0.222
2011,Jordyn,9,47,0.191
2011,Shea,9,6,1.5
2011,Skyler,9,6,1.5
2011,Amani,8,8,1.0
2011,Dakota,8,15,0.533
2011,Camryn,7,22,0.318
2011,Finley,7,17,0.412
2011,Morgan,7,73,0.096
2011,Peyton,7,51,0.137
2011,Ariel,6,7,0.857
2011,Jamie,6,11,0.545
2011,Reagan,6,44,0.136
2011,Arya,5,8,0.625
2011,Bailey,5,21,0.238
2011,Campbell,5,6,0.833
2011,Harper,5,51,0.098
2011,London,5,19,0.263
2011,Sage,5,11,0.455
2011,Sidney,5,10,0.5
2011,Skylar,5,34,0.147
2012,Ryan,403,10,40.3
2012,Logan,315,8,39.375
2012,Cameron,278,8,34.75
2012,Jayden,260,8,32.5
2012,Dylan,228,15,15.2
2012,Jordan,129,24,5.375
2012,Parker,90,17,5.294
2012,Blake,86,10,8.6
2012,Angel,79,5,15.8
2012,Drew,46,6,7.667
2012,Devin,44,5,8.8
2012,Rowan,44,15,2.933
2012,Quinn,43,66,0.652
2012,Avery,39,189,0.206
2012,Elliot,38,5,7.6
2012,Charlie,36,12,3.0
2012,Riley,36,112,0.321
2012,Hayden,32,23,1.391
2012,Armani,26,5,5.2
2012,Rory,20,11,1.818
2012,Alexis,16,104,0.154
2012,Finley,16,12,1.333
2012,Ariel,13,8,1.625
2012,Casey,12,10,1.2
2012,Morgan,12,63,0.19
2012,Emerson,11,35,0.314
2012,Shea,11,15,0.733
2012,London,10,29,0.345
2012,Peyton,10,56,0.179
2012,Phoenix,10,6,1.667
2012,Taylor,9,60,0.15
2012,Harper,8,87,0.092
2012,Skyler,8,12,0.667
2012,Amari,7,5,1.4
2012,Reilly,7,5,1.4
2012,River,7,7,1.0
2012,Amani,6,10,0.6
2012,Dakota,6,15,0.4
2012,Teagan,6,45,0.133
2012,Camryn,5,19,0.263
2012,Jordyn,5,26,0.192
2012,Milan,5,8,0.625
2012,Rylee,5,35,0.143
2012,Skylar,5,54,0.093
2013,Ryan,361,10,36.1
2013,Logan,291,7,41.571
2013,Jayden,252,6,42.0
2013,Dylan,249,14,17.786
2013,Cameron,235,11,21.364
2013,Jordan,133,20,6.65
2013,Parker,93,18,5.167
2013,Blake,78,15,5.2
2013,Avery,47,239,0.197
2013,Sawyer,47,7,6.714
2013,Drew,44,7,6.286
2013,Micah,44,6,7.333
2013,Riley,41,121,0.339
2013,Charlie,35,11,3.182
2013,Rowan,33,17,1.941
2013,Quinn,32,66,0.485
2013,Hayden,30,29,1.034
2013,Rory,23,10,2.3
2013,Elliott,21,7,3.0
2013,Casey,19,12,1.583
2013,Ari,17,6,2.833
2013,Alexis,16,84,0.19
2013,Skyler,16,11,1.455
2013,Ariel,15,19,0.789
2013,Emerson,14,39,0.359
2013,Rylan,13,5,2.6
2013,Amari,12,5,2.4
2013,Finley,11,13,0.846
2013,Shea,11,18,0.611
2013,Sidney,11,6,1.833
2013,Devon,10,5,2.0
2013,Milan,10,6,1.667
2013,Peyton,10,46,0.217
2013,Lyric,9,5,1.8
2013,Taylor,9,38,0.237
2013,Morgan,7,50,0.14
2013,River,7,5,1.4
2013,Sage,7,22,0.318
2013,Skylar,7,53,0.132
2013,Dakota,6,14,0.429
2013,London,6,24,0.25
2013,Phoenix,6,7,0.857
2013,Tatum,6,12,0.5
2013,Dana,5,8,0.625
2013,Teagan,5,34,0.147
2014,Ryan,309,8,38.625
2014,Logan,282,11,25.636
2014,Cameron,251,10,25.1
2014,Dylan,243,14,17.357
2014,Hunter,170,7,24.286
2014,Carter,155,5,31.0
2014,Jordan,127,19,6.684
2014,Blake,86,13,6.615
2014,Angel,84,13,6.462
2014,Parker,80,14,5.714
2014,Elliot,50,9,5.556
2014,Sawyer,48,10,4.8
2014,Avery,44,217,0.203
2014,Charlie,44,14,3.143
2014,Riley,42,109,0.385
2014,Quinn,37,78,0.474
2014,Rowan,37,20,1.85
2014,Armani,33,6,5.5
2014,Colby,32,5,6.4
2014,Rory,30,15,2.0
2014,Devin,27,5,5.4
2014,Hayden,27,22,1.227
2014,Emerson,21,50,0.42
2014,Gianni,18,5,3.6
2014,Casey,17,10,1.7
2014,Alexis,16,84,0.19
2014,Finley,16,24,0.667
2014,Noel,12,5,2.4
2014,London,11,24,0.458
2014,Taylor,11,50,0.22
2014,Milan,10,5,2.0
2014,Amari,9,5,1.8
2014,Ariel,8,16,0.5
2014,Morgan,8,65,0.123
2014,Peyton,8,59,0.136
2014,Phoenix,8,5,1.6
2014,Jamie,7,11,0.636
2014,Shea,7,24,0.292
2014,Reese,6,43,0.14
2014,Skyler,6,7,0.857
2014,Camryn,5,22,0.227
2014,Eden,5,24,0.208
2014,Emery,5,15,0.333
2014,Jordyn,5,28,0.179
2014,River,5,8,0.625
2015,Logan,322,10,32.2
2015,Ryan,311,17,18.294
2015,Dylan,256,18,14.222
2015,Cameron,203,14,14.5
2015,Carter,158,5,31.6
2015,Hunter,151,7,21.571
2015,Parker,104,22,4.727
2015,Jordan,99,22,4.5
2015,Angel,66,5,13.2
2015,Blake,62,9,6.889
2015,Sawyer,53,17,3.118
2015,Rowan,49,29,1.69
2015,Avery,47,201,0.234
2015,Riley,44,119,0.37
2015,Elliot,43,10,4.3
2015,Quinn,40,96,0.417
2015,Charlie,39,19,2.053
2015,Hayden,31,34,0.912
2015,Rory,29,12,2.417
2015,Emerson,27,36,0.75
2015,Finley,26,17,1.529
2015,Amari,16,11,1.455
2015,Milan,16,6,2.667
2015,Phoenix,15,9,1.667
2015,River,15,9,1.667
2015,Alexis,14,75,0.187
2015,Karter,13,5,2.6
2015,Rylan,12,10,1.2
2015,Casey,11,12,0.917
2015,Ariel,10,19,0.526
2015,Peyton,10,36,0.278
2015,Harper,9,142,0.063
2015,London,9,22,0.409
2015,Skyler,8,14,0.571
2015,Taylor,8,53,0.151
2015,Lennox,7,8,0.875
2015,Addison,6,109,0.055
2015,Dakota,6,21,0.286
2015,Eden,6,11,0.545
2015,Jamie,6,10,0.6
2015,Shea,6,20,0.3
2015,Camryn,5,13,0.385
2015,Lennon,5,8,0.625
2015,Morgan,5,54,0.093
2015,Reese,5,55,0.091
2016,Logan,284,11,25.818
2016,Ryan,284,13,21.846
2016,Cameron,218,13,16.769
2016,Dylan,201,19,10.579
2016,Carter,147,8,18.375
2016,Hunter,138,8,17.25
2016,Jordan,115,28,4.107
2016,Parker,89,26,3.423
2016,Angel,72,10,7.2
2016,Alex,59,5,11.8
2016,Elliot,59,7,8.429
2016,Sawyer,59,17,3.471
2016,Blake,53,19,2.789
2016,Avery,42,207,0.203
2016,Rowan,37,32,1.156
2016,Quinn,35,102,0.343
2016,Charlie,34,23,1.478
2016,Rory,32,12,2.667
2016,Riley,31,153,0.203
2016,Devin,25,5,5.0
2016,Ellis,24,5,4.8
2016,Emerson,24,52,0.462
2016,Rylan,23,8,2.875
2016,Casey,20,7,2.857
2016,Amari,19,8,2.375
2016,Finley,19,25,0.76
2016,Hayden,17,22,0.773
2016,River,17,8,2.125
2016,Alexis,14,35,0.4
2016,Jamie,13,11,1.182
2016,Lennox,11,7,1.571
2016,Shea,10,20,0.5
2016,Taylor,10,61,0.164
2016,London,9,13,0.692
2016,Ariel,8,25,0.32
2016,Eden,8,35,0.229
2016,Skyler,8,11,0.727
2016,Jael,7,5,1.4
2016,Dakota,6,23,0.261
2016,Robin,6,5,1.2
2016,Sage,6,22,0.273
2016,Harley,5,17,0.294
2016,Harper,5,138,0.036
2016,Morgan,5,59,0.085
2016,Peyton,5,53,0.094
2016,Reagan,5,37,0.135
2016,Teagan,5,52,0.096
2017,Noah,370,5,74.0
2017,Logan,325,12,27.083
2017,Ryan,270,18,15.0
2017,Dylan,220,22,10.0
2017,Cameron,185,17,10.882
2017,Carter,158,6,26.333
2017,Hunter,140,6,23.333
2017,Parker,77,15,5.133
2017,Jordan,75,12,6.25
2017,Elliot,73,6,12.167
2017,Sawyer,66,15,4.4
2017,Angel,63,11,5.727
2017,Rowan,59,34,1.735
2017,Avery,53,176,0.301
2017,Blake,53,18,2.944
2017,Hayden,41,27,1.519
2017,Rory,37,15,2.467
2017,Charlie,35,25,1.4
2017,Quinn,32,103,0.311
2017,Adriel,25,6,4.167
2017,Ari,24,7,3.429
2017,Riley,24,104,0.231
2017,Ellis,23,8,2.875
2017,Elliott,22,12,1.833
2017,Finley,19,25,0.76
2017,Casey,18,8,2.25
2017,Milan,17,5,3.4
2017,Phoenix,17,8,2.125
2017,Alexis,15,33,0.455
2017,Emerson,15,60,0.25
2017,River,15,18,0.833
2017,Remy,13,5,2.6
2017,London,12,25,0.48
2017,Dallas,11,6,1.833
2017,Sage,11,20,0.55
2017,Amari,10,5,2.0
2017,Eden,9,18,0.5
2017,Quincy,8,6,1.333
2017,Shea,8,23,0.348
2017,Ariel,7,17,0.412
2017,Lennon,7,11,0.636
2017,Elisha,6,8,0.75
2017,Skyler,6,14,0.429
2017,Dakota,5,14,0.357
2017,Emery,5,27,0.185
2017,Taylor,5,46,0.109
2018,Noah,358,7,51.143
2018,Logan,319,14,22.786
2018,Ryan,248,20,12.4
2018,Dylan,196,14,14.0
2018,Cameron,192,13,14.769
2018,Carter,156,5,31.2
2018,Evan,117,5,23.4
2018,Parker,92,27,3.407
2018,Angel,71,7,10.143
2018,Jordan,70,17,4.118
2018,Elliot,63,8,7.875
2018,Rowan,60,27,2.222
2018,Charlie,52,23,2.261
2018,Sawyer,45,15,3.0
2018,Blake,43,19,2.263
2018,Rory,40,7,5.714
2018,Zion,36,9,4.0
2018,Avery,34,193,0.176
2018,Quinn,33,99,0.333
2018,Kyrie,32,5,6.4
2018,Riley,27,149,0.181
2018,Finley,25,19,1.316
2018,Elliott,24,7,3.429
2018,Spencer,24,5,4.8
2018,Amari,21,8,2.625
2018,Hayden,20,23,0.87
2018,Casey,16,17,0.941
2018,Emerson,16,42,0.381
2018,Remy,15,5,3.0
2018,River,15,7,2.143
2018,Tatum,15,14,1.071
2018,Milan,14,5,2.8
2018,Phoenix,12,8,1.5
2018,Rylan,12,8,1.5
2018,Lennox,10,6,1.667
2018,Shea,9,18,0.5
2018,Taylor,9,32,0.281
2018,Dallas,8,5,1.6
2018,Jamie,7,11,0.636
2018,Kennedy,7,60,0.117
2018,Sage,7,21,0.333
2018,Alexis,6,23,0.261
2018,Robin,6,6,1.0
2018,Ariel,5,25,0.2
2018,Dana,5,7,0.714
2018,Eden,5,21,0.238
2018,Emery,5,38,0.132
2018,Finnley,5,5,1.0
2018,Kingsley,5,5,1.0
2018,Morgan,5,55,0.091
2018,Nova,5,49,0.102
2018,Reese,5,51,0.098
2019,Logan,249,17,14.647
2019,Ryan,215,17,12.647
2019,Dylan,194,15,12.933
2019,Cameron,181,17,10.647
2019,Parker,88,30,2.933
2019,Jordan,77,19,4.053
2019,Rowan,73,32,2.281
2019,Angel,67,6,11.167
2019,Charlie,66,21,3.143
2019,Bennett,62,5,12.4
2019,Elliot,59,9,6.556
2019,Sawyer,56,10,5.6
2019,August,46,5,9.2
2019,Avery,39,183,0.213
2019,Rory,37,18,2.056
2019,Blake,34,35,0.971
2019,Elliott,33,9,3.667
2019,Quinn,30,99,0.303
2019,Lennox,26,9,2.889
2019,Hayden,25,17,1.471
2019,Riley,25,143,0.175
2019,Emerson,23,57,0.404
2019,River,23,8,2.875
2019,Amari,21,14,1.5
2019,Casey,19,10,1.9
2019,Finley,17,25,0.68
2019,Remy,17,10,1.7
2019,Phoenix,16,13,1.231
2019,Milan,14,5,2.8
2019,Eden,13,16,0.812
2019,Remi,13,15,0.867
2019,Tatum,12,7,1.714
2019,Alexis,10,31,0.323
2019,Ariel,10,22,0.455
2019,Jamie,9,11,0.818
2019,Skyler,9,16,0.562
2019,Taylor,9,35,0.257
2019,Dakota,8,15,0.533
2019,Morgan,8,49,0.163
2019,Robin,8,6,1.333
2019,Rowen,8,5,1.6
2019,Sage,8,19,0.421
2019,Nova,7,60,0.117
2019,Oakley,7,6,1.167
2019,Emory,6,5,1.2
2019,Shea,6,12,0.5
2019,Emery,5,36,0.139
2019,Frankie,5,5,1.0
2019,Reese,5,46,0.109
2020,Noah,458,6,76.333
2020,Logan,252,16,15.75
2020,Cameron,193,27,7.148
2020,Dylan,169,11,15.364
2020,Ryan,159,11,14.455
2020,Levi,152,5,30.4
2020,Hunter,119,6,19.833
2020,Carter,110,5,22.0
2020,Rowan,98,33,2.97
2020,Parker,83,31,2.677
2020,Ezra,80,7,11.429
2020,Jordan,80,13,6.154
2020,Angel,61,11,5.545
2020,Kai,61,10,6.1
2020,Elliot,59,8,7.375
2020,Rory,54,15,3.6
2020,Charlie,48,24,2.0
2020,Blake,41,30,1.367
2020,Elliott,37,5,7.4
2020,Hayden,35,19,1.842
2020,Avery,34,153,0.222
2020,Sawyer,34,8,4.25
2020,Ellis,29,10,2.9
2020,Amari,26,13,2.0
2020,Ari,26,5,5.2
2020,Riley,23,107,0.215
2020,Remy,22,14,1.571
2020,Emerson,21,76,0.276
2020,River,21,19,1.105
2020,Lennox,19,8,2.375
2020,Finley,17,27,0.63
2020,Phoenix,17,10,1.7
2020,Quinn,17,105,0.162
2020,Alexis,16,22,0.727
2020,Casey,15,8,1.875
2020,Jamie,13,7,1.857
2020,Eden,11,21,0.524
2020,Tatum,11,13,0.846
2020,Gianni,10,6,1.667
2020,Milan,9,9,1.0
2020,Genesis,8,48,0.167
2020,Justice,8,5,1.6
2020,Ariel,7,16,0.438
2020,Kingsley,7,5,1.4
2020,Morgan,7,39,0.179
2020,Oakley,7,7,1.0
2020,Sage,7,20,0.35
2020,Dana,6,7,0.857
2020,Dior,6,6,1.0
2020,Emery,6,23,0.261
2020,Kamryn,6,5,1.2
2020,Taylor,6,25,0.24
2020,Arden,5,8,0.625
2020,Murphy,5,7,0.714
2020,Nova,5,60,0.083
2020,Peyton,5,43,0.116
2020,Shea,5,16,0.312
2021,Logan,259,20,12.95
2021,Cameron,204,17,12.0
2021,Ryan,185,11,16.818
2021,Dylan,155,9,17.222
2021,Hunter,111,5,22.2
2021,Rowan,101,49,2.061
2021,Carter,95,7,13.571
2021,Jordan,77,18,4.278
2021,Parker,69,33,2.091
2021,Rory,69,20,3.45
2021,Elliot,59,6,9.833
2021,Charlie,52,39,1.333
2021,Elliott,40,10,4.0
2021,Avery,38,144,0.264
2021,Blake,35,37,0.946
2021,Emerson,35,52,0.673
2021,River,35,18,1.944
2021,Riley,34,125,0.272
2021,Sawyer,34,17,2.0
2021,Amari,33,13,2.538
2021,Remy,33,18,1.833
2021,Quinn,31,109,0.284
2021,Casey,28,6,4.667
2021,Hayden,28,22,1.273
2021,Tatum,27,17,1.588
2021,Lennox,26,11,2.364
2021,Ari,25,7,3.571
2021,Finley,24,28,0.857
2021,Phoenix,24,9,2.667
2021,Drew,19,8,2.375
2021,Ellis,17,11,1.545
2021,Colby,15,5,3.0
2021,Remington,15,8,1.875
2021,Ariel,11,8,1.375
2021,Kingsley,11,5,2.2
2021,Reign,11,15,0.733
2021,Alexis,10,25,0.4
2021,Eden,10,27,0.37
2021,Oakley,10,6,1.667
2021,Taylor,9,21,0.429
2021,Dakota,8,15,0.533
2021,Morgan,8,38,0.211
2021,Emery,6,37,0.162
2021,Shea,6,22,0.273
2021,Wren,6,23,0.261
2021,Amani,5,5,1.0
2021,Azariah,5,9,0.556
2021,Frankie,5,5,1.0
2021,Harley,5,11,0.455
2021,Legacy,5,12,0.417
2021,Remi,5,30,0.167
2021,Shiloh,5,5,1.0
