YOB,Name,mFrequency,fFrequency,mForF
1912,Marion,11,14,0.786
1913,John,410,5,82.0
1913,Francis,67,5,13.4
1913,Marion,16,20,0.8
1914,Francis,62,6,10.333
1914,Marion,13,23,0.565
1915,Marion,13,39,0.333
1915,Lee,10,6,1.667
1916,William,772,5,154.4
1916,Francis,99,10,9.9
1916,Marion,16,34,0.471
1917,Francis,120,7,17.143
1917,Marion,38,39,0.974
1917,Lee,18,8,2.25
1917,Jessie,5,16,0.312
1918,Francis,126,10,12.6
1918,Marion,25,47,0.532
1918,Willie,12,5,2.4
1918,Jessie,9,24,0.375
1919,William,966,5,193.2
1919,Francis,130,10,13.0
1919,Marion,23,53,0.434
1919,Willie,12,6,2.0
1920,John,895,5,179.0
1920,Francis,147,12,12.25
1920,Marion,19,61,0.311
1920,Willie,17,6,2.833
1920,Lee,14,6,2.333
1920,Jessie,7,24,0.292
1921,William,1063,5,212.6
1921,James,717,5,143.4
1921,George,533,6,88.833
1921,Joseph,519,5,103.8
1921,Francis,164,7,23.429
1921,Marion,32,52,0.615
1921,Jessie,8,17,0.471
1922,Francis,119,12,9.917
1922,Marion,34,67,0.507
1922,Willie,13,5,2.6
1923,William,1003,6,167.167
1923,Charles,690,5,138.0
1923,Francis,131,7,18.714
1923,Marion,19,52,0.365
1924,John,922,7,131.714
1924,Francis,156,10,15.6
1924,Marion,26,72,0.361
1924,Lee,25,5,5.0
1924,Mary,5,1248,0.004
1925,William,1004,5,200.8
1925,John,972,8,121.5
1925,Robert,673,5,134.6
1925,Joseph,476,5,95.2
1925,Francis,135,7,19.286
1925,Marion,24,76,0.316
1925,Willie,12,8,1.5
1925,Gene,10,5,2.0
1925,Mary,5,1181,0.004
1926,William,999,5,199.8
1926,John,882,7,126.0
1926,James,742,5,148.4
1926,Charles,691,5,138.2
1926,Francis,130,10,13.0
1926,Lee,23,5,4.6
1926,Marion,19,43,0.442
1927,Robert,646,5,129.2
1927,Francis,129,8,16.125
1927,Marion,34,58,0.586
1927,Willie,22,6,3.667
1928,John,875,6,145.833
1928,William,866,5,173.2
1928,James,729,5,145.8
1928,Charles,696,5,139.2
1928,George,450,8,56.25
1928,Joseph,412,6,68.667
1928,Marion,25,75,0.333
1928,Lee,17,8,2.125
1928,Mary,5,1132,0.004
1929,Robert,677,5,135.4
1929,Joseph,412,5,82.4
1929,Edward,299,6,49.833
1929,Donald,278,5,55.6
1929,Marion,21,46,0.457
1929,Willie,16,6,2.667
1929,Mary,6,1051,0.006
1930,William,901,5,180.2
1930,John,824,6,137.333
1930,James,753,5,150.6
1930,Joseph,448,9,49.778
1930,Francis,121,6,20.167
1930,Marion,23,51,0.451
1930,Mary,9,1044,0.009
1930,Leslie,5,5,1.0
1931,John,772,5,154.4
1931,Robert,738,5,147.6
1931,James,670,8,83.75
1931,Francis,104,6,17.333
1931,Marion,21,45,0.467
1931,Dorothy,6,366,0.016
1931,Mary,5,930,0.005
1931,Shirley,5,256,0.02
1932,Robert,764,8,95.5
1932,Charles,650,8,81.25
1932,Marion,14,37,0.378
1932,Willie,10,5,2.0
1932,Mary,6,995,0.006
1933,William,738,5,147.6
1933,Robert,719,5,143.8
1933,James,709,5,141.8
1933,Marion,17,35,0.486
1933,Willie,9,8,1.125
1933,Mary,7,904,0.008
1934,Marion,17,42,0.405
1934,Willie,8,5,1.6
1934,Mary,6,886,0.007
1935,William,738,7,105.429
1935,Charles,572,6,95.333
1935,Lee,28,5,5.6
1935,Willie,17,5,3.4
1935,Leslie,10,6,1.667
1935,Marion,10,36,0.278
1936,John,788,5,157.6
1936,Robert,788,5,157.6
1936,William,778,6,129.667
1936,George,361,5,72.2
1936,Marion,18,31,0.581
1936,Lee,13,7,1.857
1936,Willie,13,5,2.6
1936,Shirley,5,623,0.008
1937,John,745,5,149.0
1937,James,707,8,88.375
1937,Marion,12,31,0.387
1937,Merle,6,7,0.857
1937,Shirley,6,497,0.012
1938,James,768,5,153.6
1938,Lee,28,6,4.667
1938,Marion,16,20,0.8
1938,Willie,9,8,1.125
1938,Lynn,7,9,0.778
1939,William,801,6,133.5
1939,Lee,25,8,3.125
1939,Dale,19,6,3.167
1939,Willie,15,5,3.0
1939,Marion,9,33,0.273
1939,Mary,8,847,0.009
1940,Leslie,16,6,2.667
1940,Marion,15,37,0.405
1940,Willie,14,6,2.333
1940,Jackie,9,6,1.5
1940,Barbara,5,547,0.009
1940,Shirley,5,276,0.018
1941,James,906,5,181.2
1941,Lee,39,5,7.8
1941,Dale,31,5,6.2
1941,Leslie,23,6,3.833
1941,Marion,17,30,0.567
1941,Willie,11,10,1.1
1941,Mary,9,988,0.009
1941,Merle,6,11,0.545
1942,John,1141,6,190.167
1942,Terry,46,6,7.667
1942,Dale,34,18,1.889
1942,Leslie,30,10,3.0
1942,Willie,29,6,4.833
1942,Gene,28,5,5.6
1942,Lee,27,9,3.0
1942,Marion,18,31,0.581
1942,Lynn,9,28,0.321
1942,Merle,6,5,1.2
1942,Jan,5,5,1.0
1943,James,1291,5,258.2
1943,Francis,131,6,21.833
1943,Terry,53,7,7.571
1943,Lee,37,6,6.167
1943,Willie,32,6,5.333
1943,Dale,29,5,5.8
1943,Leslie,28,27,1.037
1943,Jackie,10,10,1.0
1943,Jan,10,5,2.0
1943,Lynn,10,31,0.323
1943,Marion,10,28,0.357
1943,Jessie,6,11,0.545
1943,Margaret,6,381,0.016
1944,James,1271,8,158.875
1944,William,1105,5,221.0
1944,Michael,336,5,67.2
1944,Jerry,129,6,21.5
1944,Willie,45,8,5.625
1944,Terry,42,11,3.818
1944,Lee,40,7,5.714
1944,Dale,30,9,3.333
1944,Leslie,25,24,1.042
1944,Marion,13,20,0.65
1944,Jackie,12,13,0.923
1944,Lynn,7,36,0.194
1944,Johnnie,6,5,1.2
1944,Robin,6,10,0.6
1944,Merle,5,9,0.556
1945,John,1202,6,200.333
1945,Charles,754,7,107.714
1945,Terry,62,16,3.875
1945,Willie,36,5,7.2
1945,Lee,35,11,3.182
1945,Joe,32,5,6.4
1945,Dale,29,15,1.933
1945,Leslie,20,29,0.69
1945,Jackie,11,12,0.917
1945,Lynn,9,31,0.29
1945,Marion,9,26,0.346
1945,Jan,6,10,0.6
1945,Jean,5,134,0.037
1945,Robin,5,11,0.455
1945,Shirley,5,289,0.017
1946,John,1342,6,223.667
1946,James,1317,8,164.625
1946,Terry,97,33,2.939
1946,Dale,60,14,4.286
1946,Lee,44,6,7.333
1946,Willie,40,12,3.333
1946,Leslie,24,41,0.585
1946,Marion,20,29,0.69
1946,Jackie,8,14,0.571
1946,Jan,8,7,1.143
1946,Jean,6,126,0.048
1946,Lynn,6,42,0.143
1946,Dana,5,10,0.5
1947,Terry,93,35,2.657
1947,Dale,53,15,3.533
1947,Willie,48,5,9.6
1947,Lee,43,13,3.308
1947,Leslie,33,49,0.673
1947,Jackie,19,9,2.111
1947,Marion,18,22,0.818
1947,Lynn,15,56,0.268
1947,Dana,13,11,1.182
1947,Chris,12,6,2.0
1947,Robin,8,19,0.421
1947,Mary,6,1255,0.005
1947,Merle,6,7,0.857
1948,John,1429,5,285.8
1948,Charles,954,7,136.286
1948,Terry,95,35,2.714
1948,Dale,63,22,2.864
1948,Lee,49,5,9.8
1948,Leslie,29,51,0.569
1948,Dana,12,9,1.333
1948,Marion,12,36,0.333
1948,Jackie,11,11,1.0
1948,Jan,8,21,0.381
1948,Robin,7,16,0.438
1948,Lynn,6,46,0.13
1948,Gale,5,15,0.333
1949,James,1288,6,214.667
1949,William,1153,5,230.6
1949,Terry,92,40,2.3
1949,Dale,58,22,2.636
1949,Lee,43,9,4.778
1949,Leslie,27,51,0.529
1949,Marion,18,21,0.857
1949,Dana,12,9,1.333
1949,Robin,12,22,0.545
1949,Lynn,11,51,0.216
1949,Jackie,9,9,1.0
1949,Jan,5,22,0.227
1950,James,1266,6,211.0
1950,Jerry,114,5,22.8
1950,Terry,106,45,2.356
1950,Dale,69,21,3.286
1950,Carroll,38,5,7.6
1950,Lee,38,8,4.75
1950,Leslie,34,56,0.607
1950,Dana,23,14,1.643
1950,Lynn,18,79,0.228
1950,Jackie,16,6,2.667
1950,Marion,14,25,0.56
1950,Robin,14,34,0.412
1950,Jan,8,17,0.471
1950,Kerry,6,6,1.0
1950,Kim,5,5,1.0
1951,Terry,111,42,2.643
1951,Dale,85,20,4.25
1951,Lee,45,9,5.0
1951,Leslie,45,55,0.818
1951,Dana,19,23,0.826
1951,Marion,18,17,1.059
1951,Robin,16,69,0.232
1951,Lynn,13,79,0.165
1951,Jackie,12,12,1.0
1951,Jan,12,29,0.414
1951,Chris,8,6,1.333
1951,Kerry,8,5,1.6
1951,Bobbie,5,8,0.625
1952,John,1442,6,240.333
1952,Terry,117,60,1.95
1952,Dale,72,31,2.323
1952,Lee,39,14,2.786
1952,Leslie,28,75,0.373
1952,Robin,26,99,0.263
1952,Willie,26,8,3.25
1952,Jan,22,24,0.917
1952,Dana,19,15,1.267
1952,Chris,18,9,2.0
1952,Kim,15,13,1.154
1952,Marion,13,24,0.542
1952,Jackie,12,7,1.714
1952,Kerry,8,5,1.6
1952,Darnell,7,5,1.4
1952,Daryl,6,6,1.0
1952,Jessie,6,7,0.857
1952,Lynn,6,85,0.071
1952,Barbara,5,715,0.007
1953,Robert,1397,5,279.4
1953,Michael,1380,7,197.143
1953,Terry,111,58,1.914
1953,Dale,81,21,3.857
1953,Randy,52,6,8.667
1953,Willie,48,7,6.857
1953,Lee,44,6,7.333
1953,Leslie,30,88,0.341
1953,Dana,21,14,1.5
1953,Kim,17,15,1.133
1953,Robin,17,154,0.11
1953,Jackie,13,18,0.722
1953,Kerry,12,6,2.0
1953,Chris,11,5,2.2
1953,Marion,10,22,0.455
1953,Meredith,8,8,1.0
1953,Jan,7,22,0.318
1953,Lynn,6,85,0.071
1953,Merle,5,6,0.833
1954,Terry,177,97,1.825
1954,Randy,77,5,15.4
1954,Dale,75,33,2.273
1954,Lee,47,15,3.133
1954,Robin,35,239,0.146
1954,Kim,27,31,0.871
1954,Dana,23,13,1.769
1954,Leslie,19,87,0.218
1954,Jackie,13,11,1.182
1954,Marion,13,12,1.083
1954,Jan,9,29,0.31
1954,Lynn,9,111,0.081
1954,Shawn,8,5,1.6
1955,Michael,1477,7,211.0
1955,James,1421,7,203.0
1955,Terry,162,117,1.385
1955,Dale,82,27,3.037
1955,Lee,47,16,2.938
1955,Kim,31,74,0.419
1955,Robin,28,313,0.089
1955,Leslie,27,106,0.255
1955,Dana,19,20,0.95
1955,Kerry,19,5,3.8
1955,Marion,14,16,0.875
1955,Lynn,12,121,0.099
1955,Jan,9,39,0.231
1955,Merle,9,6,1.5
1955,Jackie,8,12,0.667
1955,Kelly,8,8,1.0
1955,Gale,6,28,0.214
1955,Tracy,5,13,0.385
1956,James,1455,8,181.875
1956,Richard,838,5,167.6
1956,Terry,168,121,1.388
1956,Randy,133,5,26.6
1956,Dale,80,25,3.2
1956,Lee,52,22,2.364
1956,Robin,33,338,0.098
1956,Dana,32,32,1.0
1956,Chris,30,5,6.0
1956,Kim,28,127,0.22
1956,Jackie,19,22,0.864
1956,Leslie,19,92,0.207
1956,Marion,19,25,0.76
1956,Kelly,13,10,1.3
1956,Kerry,13,8,1.625
1956,Lynn,11,109,0.101
1956,Johnnie,9,5,1.8
1956,Jan,6,39,0.154
1956,Tracy,5,14,0.357
1957,John,1502,6,250.333
1957,Robert,1477,5,295.4
1957,Ronald,489,5,97.8
1957,Terry,170,156,1.09
1957,Jerry,152,5,30.4
1957,Dale,117,17,6.882
1957,Lee,49,25,1.96
1957,Dana,36,34,1.059
1957,Leslie,30,109,0.275
1957,Robin,29,366,0.079
1957,Chris,23,9,2.556
1957,Kim,19,145,0.131
1957,Shawn,19,12,1.583
1957,Jackie,13,28,0.464
1957,Kerry,12,8,1.5
1957,Tracy,11,19,0.579
1957,Marion,10,17,0.588
1957,Kelly,9,20,0.45
1957,Lynn,7,115,0.061
1957,Jamie,5,12,0.417
1958,Michael,1738,6,289.667
1958,Gregory,331,5,66.2
1958,Terry,148,172,0.86
1958,Dale,128,19,6.737
1958,Lee,60,28,2.143
1958,Chris,37,11,3.364
1958,Leslie,32,115,0.278
1958,Dana,28,32,0.875
1958,Jackie,16,26,0.615
1958,Shawn,16,14,1.143
1958,Robin,15,333,0.045
1958,Kim,14,154,0.091
1958,Marion,14,14,1.0
1958,Lynn,10,108,0.093
1958,Kerry,9,5,1.8
1958,Jody,8,21,0.381
1958,Kelly,8,48,0.167
1958,Tracy,8,12,0.667
1958,Pat,6,13,0.462
1958,Jamie,5,15,0.333
1958,Jessie,5,7,0.714
1959,James,1432,8,179.0
1959,John,1396,6,232.667
1959,Robert,1322,5,264.4
1959,Terry,165,178,0.927
1959,Dale,132,17,7.765
1959,Chris,69,11,6.273
1959,Lee,43,14,3.071
1959,Shawn,36,12,3.0
1959,Dana,23,40,0.575
1959,Leslie,21,121,0.174
1959,Tracy,18,37,0.486
1959,Robin,17,390,0.044
1959,Jamie,15,18,0.833
1959,Kerry,14,7,2.0
1959,Kim,12,182,0.066
1959,Pat,12,17,0.706
1959,Kelly,11,46,0.239
1959,Marion,11,14,0.786
1959,Jackie,10,43,0.233
1959,Jan,8,20,0.4
1959,Lynn,8,106,0.075
1959,Jody,7,14,0.5
1959,Jessie,5,6,0.833
1960,Michael,1592,7,227.429
1960,John,1373,5,274.6
1960,James,1268,6,211.333
1960,Kevin,536,6,89.333
1960,Terry,171,139,1.23
1960,Dale,134,6,22.333
1960,Chris,57,19,3.0
1960,Lee,44,15,2.933
1960,Shawn,37,15,2.467
1960,Daryl,31,5,6.2
1960,Tracy,30,69,0.435
1960,Dana,26,34,0.765
1960,Robin,21,370,0.057
1960,Kim,18,215,0.084
1960,Leslie,18,114,0.158
1960,Kelly,17,108,0.157
1960,Jody,13,16,0.812
1960,Kerry,13,7,1.857
1960,Jackie,9,30,0.3
1960,Jamie,9,26,0.346
1960,Jessie,9,9,1.0
1960,Lynn,6,91,0.066
1960,Kris,5,6,0.833
1960,Mary,5,920,0.005
1960,Pat,5,8,0.625
1961,Michael,1584,7,226.286
1961,James,1313,8,164.125
1961,Robert,1309,6,218.167
1961,Terry,140,149,0.94
1961,Dale,132,16,8.25
1961,Randy,111,7,15.857
1961,Chris,66,20,3.3
1961,Tracy,44,72,0.611
1961,Shawn,43,24,1.792
1961,Lee,37,12,3.083
1961,Robin,24,403,0.06
1961,Leslie,22,99,0.222
1961,Kerry,21,13,1.615
1961,Dana,19,48,0.396
1961,Kelly,17,110,0.155
1961,Jamie,11,24,0.458
1961,Jody,11,22,0.5
1961,Kim,9,189,0.048
1961,Jackie,8,57,0.14
1961,Pat,8,6,1.333
1961,Jan,6,27,0.222
1961,Lynn,6,77,0.078
1961,Marion,5,13,0.385
1962,Michael,1540,7,220.0
1962,Robert,1349,7,192.714
1962,Terry,125,131,0.954
1962,Dale,92,9,10.222
1962,Chris,62,16,3.875
1962,Shawn,44,16,2.75
1962,Tracy,41,79,0.519
1962,Dana,33,75,0.44
1962,Leslie,26,122,0.213
1962,Lee,24,17,1.412
1962,Kelly,21,160,0.131
1962,Robin,16,405,0.04
1962,Jackie,15,44,0.341
1962,Kerry,15,17,0.882
1962,Kim,15,201,0.075
1962,Pat,12,12,1.0
1962,Jamie,10,27,0.37
1962,Tracey,7,76,0.092
1962,Lynn,6,91,0.066
1962,Marion,6,12,0.5
1963,Michael,1646,6,274.333
1963,James,1324,9,147.111
1963,Terry,142,123,1.154
1963,Dale,93,8,11.625
1963,Shawn,68,12,5.667
1963,Chris,64,19,3.368
1963,Lee,37,17,2.176
1963,Dana,34,105,0.324
1963,Tracy,34,122,0.279
1963,Leslie,32,108,0.296
1963,Kelly,19,199,0.095
1963,Kim,18,181,0.099
1963,Robin,16,383,0.042
1963,Kerry,14,12,1.167
1963,Jamie,10,28,0.357
1963,Marion,8,11,0.727
1963,Shannon,8,20,0.4
1963,Jan,7,29,0.241
1963,Lynn,7,87,0.08
1963,Jody,6,23,0.261
1963,Tracey,6,88,0.068
1963,Courtney,5,7,0.714
1963,Jackie,5,39,0.128
1963,Mary,5,827,0.006
1964,James,1418,8,177.25
1964,Kevin,604,5,120.8
1964,Anthony,397,6,66.167
1964,Terry,133,91,1.462
1964,Dale,76,7,10.857
1964,Shawn,64,25,2.56
1964,Chris,57,13,4.385
1964,Dana,45,101,0.446
1964,Lee,42,9,4.667
1964,Tracy,34,165,0.206
1964,Leslie,22,109,0.202
1964,Kelly,18,226,0.08
1964,Robin,18,397,0.045
1964,Jamie,16,30,0.533
1964,Jody,14,10,1.4
1964,Kerry,13,18,0.722
1964,Kim,11,179,0.061
1964,Shannon,9,15,0.6
1964,Jackie,8,44,0.182
1964,Stacy,8,54,0.148
1964,Lynn,7,88,0.08
1964,Marion,6,7,0.857
1964,Noel,6,5,1.2
1964,Stacey,6,77,0.078
1964,Jan,5,16,0.312
1964,Tracey,5,118,0.042
1965,Michael,1562,9,173.556
1965,David,1269,5,253.8
1965,James,1251,9,139.0
1965,Terry,96,70,1.371
1965,Shawn,83,31,2.677
1965,Dale,71,11,6.455
1965,Chris,59,14,4.214
1965,Dana,41,104,0.394
1965,Lee,40,15,2.667
1965,Tracy,29,202,0.144
1965,Kelly,23,246,0.093
1965,Kerry,20,8,2.5
1965,Leslie,18,91,0.198
1965,Kim,14,198,0.071
1965,Adrian,11,5,2.2
1965,Jamie,10,31,0.323
1965,Jody,9,11,0.818
1965,Robin,9,306,0.029
1965,Shannon,8,29,0.276
1965,Tracey,8,114,0.07
1965,Jackie,7,23,0.304
1965,Lisa,6,1176,0.005
1965,Stacey,6,109,0.055
1965,Andrea,5,107,0.047
1966,Michael,1525,8,190.625
1966,David,1237,6,206.167
1966,Terry,118,53,2.226
1966,Shawn,94,30,3.133
1966,Chris,54,13,4.154
1966,Tracy,44,223,0.197
1966,Lee,43,11,3.909
1966,Kelly,32,244,0.131
1966,Dana,20,98,0.204
1966,Jamie,20,28,0.714
1966,Adrian,14,6,2.333
1966,Leslie,14,105,0.133
1966,Kim,11,185,0.059
1966,Shannon,10,27,0.37
1966,Jody,9,22,0.409
1966,Kerry,9,16,0.562
1966,Robin,8,266,0.03
1966,Stacey,8,108,0.074
1966,Courtney,7,6,1.167
1966,Lynn,6,81,0.074
1966,Marion,6,12,0.5
1966,Noel,6,5,1.2
1966,Tracey,6,139,0.043
1966,Jackie,5,25,0.2
1966,Stacy,5,66,0.076
1967,Michael,1554,7,222.0
1967,David,1201,5,240.2
1967,James,1197,5,239.4
1967,William,916,6,152.667
1967,Ronald,307,6,51.167
1967,Shawn,117,33,3.545
1967,Terry,76,56,1.357
1967,Chris,37,10,3.7
1967,Tracy,36,231,0.156
1967,Kelly,31,225,0.138
1967,Dana,28,65,0.431
1967,Lee,24,10,2.4
1967,Stacy,16,80,0.2
1967,Adrian,13,11,1.182
1967,Leslie,13,129,0.101
1967,Jody,11,21,0.524
1967,Stacey,10,123,0.081
1967,Jamie,9,31,0.29
1967,Robin,9,190,0.047
1967,Jackie,8,22,0.364
1967,Marion,8,5,1.6
1967,Kim,6,126,0.048
1967,Tracey,6,114,0.053
1967,Kerry,5,18,0.278
1967,Michelle,5,522,0.01
1967,Shannon,5,25,0.2
1968,Michael,1463,5,292.6
1968,John,1226,7,175.143
1968,David,1133,5,226.6
1968,James,1109,8,138.625
1968,Robert,1100,5,220.0
1968,William,866,9,96.222
1968,Mark,587,5,117.4
1968,Joseph,535,5,107.0
1968,Kevin,508,5,101.6
1968,Kenneth,335,6,55.833
1968,Shawn,125,44,2.841
1968,Terry,88,44,2.0
1968,Chris,56,9,6.222
1968,Dana,32,83,0.386
1968,Kelly,30,351,0.085
1968,Lee,27,10,2.7
1968,Tracy,24,213,0.113
1968,Leslie,18,115,0.157
1968,Stacy,16,87,0.184
1968,Adrian,12,6,2.0
1968,Shannon,12,61,0.197
1968,Tracey,11,140,0.079
1968,Jamie,10,33,0.303
1968,Marion,10,8,1.25
1968,Stacey,10,179,0.056
1968,Noel,7,6,1.167
1968,Jean,6,39,0.154
1968,Kimberly,6,715,0.008
1968,Jackie,5,21,0.238
1968,Jennifer,5,488,0.01
1968,Jody,5,22,0.227
1968,Lisa,5,947,0.005
1968,Lynn,5,71,0.07
1968,Mary,5,439,0.011
1968,Robin,5,201,0.025
1969,Michael,1582,9,175.778
1969,David,1206,8,150.75
1969,John,1140,9,126.667
1969,William,845,7,120.714
1969,Shawn,133,34,3.912
1969,Corey,99,5,19.8
1969,Terry,68,29,2.345
1969,Chris,35,7,5.0
1969,Kelly,30,340,0.088
1969,Lee,29,12,2.417
1969,Dana,25,107,0.234
1969,Tracy,20,257,0.078
1969,Leslie,19,115,0.165
1969,Shannon,18,130,0.138
1969,Stacy,18,117,0.154
1969,Jamie,16,27,0.593
1969,Terrell,10,7,1.429
1969,Jody,9,18,0.5
1969,Kerry,8,26,0.308
1969,Stacey,8,145,0.055
1969,Tracey,8,157,0.051
1969,Carey,7,6,1.167
1969,Robin,7,185,0.038
1969,Jean,5,40,0.125
1970,Michael,1493,7,213.286
1970,John,1106,6,184.333
1970,James,1082,10,108.2
1970,Robert,1060,12,88.333
1970,William,921,6,153.5
1970,Christopher,665,5,133.0
1970,Charles,560,5,112.0
1970,Shawn,207,40,5.175
1970,Terry,65,41,1.585
1970,Dale,41,7,5.857
1970,Lee,36,8,4.5
1970,Jamie,28,29,0.966
1970,Shannon,23,180,0.128
1970,Tracy,21,299,0.07
1970,Kelly,20,308,0.065
1970,Dana,15,109,0.138
1970,Jody,11,21,0.524
1970,Stacy,11,137,0.08
1970,Leslie,10,91,0.11
1970,Kerry,9,22,0.409
1970,Stacey,7,200,0.035
1970,Erin,6,73,0.082
1970,Jean,6,41,0.146
1970,Carey,5,7,0.714
1970,Jackie,5,13,0.385
1970,Noel,5,6,0.833
1970,Robin,5,140,0.036
1970,Tracey,5,177,0.028
1971,Michael,1329,8,166.125
1971,Robert,1004,7,143.429
1971,John,990,8,123.75
1971,David,908,6,151.333
1971,James,904,10,90.4
1971,Gregory,306,5,61.2
1971,Shawn,238,41,5.805
1971,Terry,77,41,1.878
1971,Christian,41,5,8.2
1971,Shannon,34,165,0.206
1971,Jamie,28,27,1.037
1971,Ronnie,28,6,4.667
1971,Lee,25,9,2.778
1971,Tracy,24,241,0.1
1971,Dana,19,113,0.168
1971,Adrian,17,8,2.125
1971,Jody,17,16,1.062
1971,Kelly,17,252,0.067
1971,Leslie,16,93,0.172
1971,Casey,9,6,1.5
1971,Noel,9,6,1.5
1971,Stacy,9,168,0.054
1971,Erin,6,78,0.077
1971,Jean,6,30,0.2
1971,Kerry,6,31,0.194
1972,Michael,1228,12,102.333
1972,Christopher,821,5,164.2
1972,Robert,803,6,133.833
1972,Shawn,226,40,5.65
1972,Terry,56,28,2.0
1972,Jamie,38,33,1.152
1972,Lee,37,8,4.625
1972,Dana,35,118,0.297
1972,Adrian,30,5,6.0
1972,Shannon,26,143,0.182
1972,Kelly,24,225,0.107
1972,Tracy,17,163,0.104
1972,Leslie,12,70,0.171
1972,Tracey,9,79,0.114
1972,Jackie,8,9,0.889
1972,Jody,8,24,0.333
1972,Stacy,7,103,0.068
1972,Erin,5,48,0.104
1972,Kerry,5,40,0.125
1972,Marion,5,6,0.833
1972,Robin,5,116,0.043
1973,Michael,1160,8,145.0
1973,Christopher,756,7,108.0
1973,James,746,8,93.25
1973,Brian,659,6,109.833
1973,Shawn,205,35,5.857
1973,Terry,54,15,3.6
1973,Jamie,38,37,1.027
1973,Shannon,33,146,0.226
1973,Lee,26,16,1.625
1973,Dana,22,98,0.224
1973,Chris,19,6,3.167
1973,Kelly,15,226,0.066
1973,Jody,12,20,0.6
1973,Tracy,12,148,0.081
1973,Jackie,9,13,0.692
1973,Casey,8,7,1.143
1973,Leslie,7,62,0.113
1973,Kerry,5,26,0.192
1973,Kim,5,33,0.152
1973,Kimberly,5,406,0.012
1973,Stacy,5,128,0.039
1974,Michael,1061,15,70.733
1974,David,727,7,103.857
1974,Jason,633,5,126.6
1974,Eric,331,5,66.2
1974,Daniel,317,5,63.4
1974,Shawn,192,27,7.111
1974,Corey,50,5,10.0
1974,Terry,42,15,2.8
1974,Jamie,35,28,1.25
1974,Shannon,27,148,0.182
1974,Kelly,16,223,0.072
1974,Jody,11,20,0.55
1974,Leslie,10,57,0.175
1974,Casey,9,21,0.429
1974,Dana,8,90,0.089
1974,Nakia,8,30,0.267
1974,Tracy,7,133,0.053
1974,Carey,5,15,0.333
1974,Jackie,5,13,0.385
1975,Michael,1171,10,117.1
1975,Jason,665,5,133.0
1975,Shawn,210,23,9.13
1975,Terry,55,8,6.875
1975,Jamie,51,45,1.133
1975,Dana,26,76,0.342
1975,Shannon,26,145,0.179
1975,Lee,21,7,3.0
1975,Kelly,14,244,0.057
1975,Casey,11,11,1.0
1975,Leslie,10,60,0.167
1975,Tracy,9,142,0.063
1975,Kerry,8,22,0.364
1975,Courtney,7,47,0.149
1975,Erin,7,110,0.064
1975,Nakia,7,38,0.184
1975,Robin,7,87,0.08
1975,Stacey,7,133,0.053
1975,Jackie,6,10,0.6
1975,Stacy,6,120,0.05
1975,Jaime,5,15,0.333
1976,Michael,1065,6,177.5
1976,William,507,6,84.5
1976,Shawn,196,18,10.889
1976,Corey,76,5,15.2
1976,Shane,61,5,12.2
1976,Terry,42,10,4.2
1976,Jamie,40,148,0.27
1976,Shannon,25,257,0.097
1976,Dana,18,80,0.225
1976,Kelly,14,213,0.066
1976,Jaime,11,132,0.083
1976,Casey,10,9,1.111
1976,Dominique,9,14,0.643
1976,Jackie,9,6,1.5
1976,Tracy,8,101,0.079
1976,Ashley,7,14,0.5
1976,Stacey,7,109,0.064
1976,Erin,6,157,0.038
1976,Robin,6,60,0.1
1976,Courtney,5,57,0.088
1976,Kerry,5,27,0.185
1977,Michael,1046,11,95.091
1977,Jason,792,6,132.0
1977,James,676,7,96.571
1977,Robert,619,5,123.8
1977,Ryan,220,5,44.0
1977,Shawn,178,11,16.182
1977,Corey,101,9,11.222
1977,Terry,40,7,5.714
1977,Shannon,39,272,0.143
1977,Jamie,37,170,0.218
1977,Casey,16,15,1.067
1977,Dana,11,74,0.149
1977,Devon,11,6,1.833
1977,Jody,10,14,0.714
1977,Leslie,10,50,0.2
1977,Jessie,9,7,1.286
1977,Kelly,9,337,0.027
1977,Courtney,6,58,0.103
1977,Jackie,6,8,0.75
1977,Ashley,5,13,0.385
1977,Dominique,5,5,1.0
1977,Erin,5,178,0.028
1977,Kerry,5,32,0.156
1977,Stacy,5,96,0.052
1977,Tracy,5,68,0.074
1978,Michael,1110,11,100.909
1978,Christopher,704,7,100.571
1978,James,693,10,69.3
1978,William,515,5,103.0
1978,Ryan,275,8,34.375
1978,Shawn,175,10,17.5
1978,Shaun,111,5,22.2
1978,Jamie,42,131,0.321
1978,Terry,34,8,4.25
1978,Shannon,30,183,0.164
1978,Lee,29,8,3.625
1978,Dana,21,68,0.309
1978,Casey,18,21,0.857
1978,Kelly,16,299,0.054
1978,Robin,8,57,0.14
1978,Courtney,7,57,0.123
1978,Devon,7,14,0.5
1978,Jody,6,9,0.667
1978,Erin,5,171,0.029
1978,Jackie,5,5,1.0
1978,Jessie,5,11,0.455
1978,Kendall,5,5,1.0
1979,Michael,1141,12,95.083
1979,James,679,6,113.167
1979,Robert,620,5,124.0
1979,Brian,505,8,63.125
1979,Daniel,410,5,82.0
1979,Ryan,266,9,29.556
1979,Steven,249,5,49.8
1979,Aaron,168,5,33.6
1979,Shawn,134,7,19.143
1979,Corey,68,6,11.333
1979,Terry,45,8,5.625
1979,Tavon,39,5,7.8
1979,Jamie,38,166,0.229
1979,Lee,26,5,5.2
1979,Kelly,18,308,0.058
1979,Dana,16,71,0.225
1979,Casey,12,27,0.444
1979,Shannon,11,226,0.049
1979,Devon,10,13,0.769
1979,Courtney,9,61,0.148
1979,Jessie,9,11,0.818
1979,Leslie,8,46,0.174
1979,Kim,5,9,0.556
1980,Michael,1160,7,165.714
1980,Christopher,775,5,155.0
1980,James,706,7,100.857
1980,John,682,8,85.25
1980,Brian,481,6,80.167
1980,Ryan,309,8,38.625
1980,Nicholas,271,5,54.2
1980,Shawn,154,6,25.667
1980,Jesse,112,7,16.0
1980,Corey,59,6,9.833
1980,Devin,43,5,8.6
1980,Jamie,27,160,0.169
1980,Lee,26,9,2.889
1980,Kelly,21,301,0.07
1980,Adrian,19,6,3.167
1980,Casey,19,30,0.633
1980,Shannon,16,213,0.075
1980,Devon,13,15,0.867
1980,Courtney,11,73,0.151
1980,Ashley,8,62,0.129
1980,Dana,8,94,0.085
1980,Jessie,8,12,0.667
1980,Morgan,8,17,0.471
1980,Kendall,7,5,1.4
1980,Jennifer,6,904,0.007
1980,Leslie,6,53,0.113
1980,Jody,5,7,0.714
1980,Kerry,5,20,0.25
1980,Stacy,5,88,0.057
1981,Michael,1205,20,60.25
1981,Christopher,806,5,161.2
1981,James,706,6,117.667
1981,Jason,666,5,133.2
1981,Matthew,656,5,131.2
1981,William,526,7,75.143
1981,Brian,498,6,83.0
1981,Joshua,418,5,83.6
1981,Kevin,368,5,73.6
1981,Ryan,355,13,27.308
1981,Steven,302,5,60.4
1981,Shawn,125,7,17.857
1981,Corey,69,7,9.857
1981,Terry,41,6,6.833
1981,Christian,40,7,5.714
1981,Jordan,37,8,4.625
1981,Casey,28,35,0.8
1981,Devin,28,6,4.667
1981,Jamie,25,173,0.145
1981,Lee,25,7,3.571
1981,Shannon,16,210,0.076
1981,Jessie,12,18,0.667
1981,Devon,11,9,1.222
1981,Kelly,11,247,0.045
1981,Dana,9,82,0.11
1981,Carey,8,7,1.143
1981,Leslie,8,51,0.157
1981,Aubrey,7,9,0.778
1981,Morgan,7,17,0.412
1981,Robin,7,67,0.104
1981,Taylor,7,5,1.4
1981,Jaime,6,72,0.083
1981,Jean,6,8,0.75
1981,Jovan,6,5,1.2
1981,Alexis,5,17,0.294
1981,Blair,5,8,0.625
1981,Jessica,5,707,0.007
1982,Michael,1231,9,136.778
1982,Christopher,995,6,165.833
1982,James,743,7,106.143
1982,Matthew,689,5,137.8
1982,Robert,680,5,136.0
1982,John,648,8,81.0
1982,William,574,7,82.0
1982,Joseph,529,6,88.167
1982,Brian,480,8,60.0
1982,Ryan,395,10,39.5
1982,Brandon,278,5,55.6
1982,Shawn,143,7,20.429
1982,Corey,60,6,10.0
1982,Cory,44,6,7.333
1982,Terry,37,5,7.4
1982,Christian,34,6,5.667
1982,Casey,30,36,0.833
1982,Lee,29,8,3.625
1982,Jamie,21,140,0.15
1982,Kelly,17,300,0.057
1982,Dana,12,75,0.16
1982,Devon,12,9,1.333
1982,Jackie,10,10,1.0
1982,Jessie,10,17,0.588
1982,Kendall,10,5,2.0
1982,Shannon,9,236,0.038
1982,Ashley,7,157,0.045
1982,Courtney,7,116,0.06
1982,Dominique,7,11,0.636
1982,Erin,7,277,0.025
1982,Morgan,7,30,0.233
1982,Tracy,7,50,0.14
1982,Kerry,6,29,0.207
1983,Michael,1268,11,115.273
1983,Christopher,965,11,87.727
1983,Matthew,823,9,91.444
1983,James,725,6,120.833
1983,David,713,7,101.857
1983,Robert,653,8,81.625
1983,John,622,6,103.667
1983,Jason,580,5,116.0
1983,Ryan,424,14,30.286
1983,Brandon,380,11,34.545
1983,Charles,332,5,66.4
1983,Timothy,332,6,55.333
1983,Thomas,328,5,65.6
1983,Shawn,137,5,27.4
1983,Corey,63,7,9.0
1983,Devin,47,6,7.833
1983,Terry,46,11,4.182
1983,Jordan,44,5,8.8
1983,Christian,31,6,5.167
1983,Casey,22,41,0.537
1983,Jamie,20,142,0.141
1983,Shannon,19,205,0.093
1983,Devon,18,10,1.8
1983,Morgan,9,31,0.29
1983,Courtney,8,84,0.095
1983,Dana,8,61,0.131
1983,Jessie,8,10,0.8
1983,Kelly,8,259,0.031
1983,Ashley,7,533,0.013
1983,Blair,7,13,0.538
1983,Dominique,7,10,0.7
1983,Erin,6,323,0.019
1983,Alexis,5,54,0.093
1983,Leslie,5,50,0.1
1983,Melissa,5,349,0.014
1984,Michael,1250,8,156.25
1984,Matthew,902,8,112.75
1984,David,721,9,80.111
1984,James,714,10,71.4
1984,John,643,5,128.6
1984,Joshua,510,7,72.857
1984,Justin,466,5,93.2
1984,Ryan,466,10,46.6
1984,Brandon,418,5,83.6
1984,Richard,299,5,59.8
1984,Aaron,188,6,31.333
1984,Shawn,122,5,24.4
1984,Jesse,99,6,16.5
1984,Jordan,50,8,6.25
1984,Christian,40,8,5.0
1984,Cory,39,6,6.5
1984,Terry,39,10,3.9
1984,Casey,29,41,0.707
1984,Dale,28,5,5.6
1984,Devon,28,7,4.0
1984,Adrian,26,7,3.714
1984,Jamie,20,152,0.132
1984,Dominique,16,22,0.727
1984,Dana,12,81,0.148
1984,Ashley,11,661,0.017
1984,Kendall,11,6,1.833
1984,Morgan,11,28,0.393
1984,Shannon,10,254,0.039
1984,Kelly,9,244,0.037
1984,Jessie,8,9,0.889
1984,Courtney,7,85,0.082
1984,Blair,6,12,0.5
1984,Noel,6,7,0.857
1984,Leslie,5,41,0.122
1984,Tracey,5,23,0.217
1985,Michael,1213,10,121.3
1985,Christopher,1059,6,176.5
1985,Matthew,786,5,157.2
1985,David,681,8,85.125
1985,James,645,15,43.0
1985,Daniel,635,5,127.0
1985,John,632,12,52.667
1985,Robert,623,7,89.0
1985,Brandon,541,5,108.2
1985,Joseph,526,9,58.444
1985,William,520,6,86.667
1985,Ryan,494,6,82.333
1985,Kevin,444,5,88.8
1985,Anthony,353,5,70.6
1985,Scott,174,6,29.0
1985,Shawn,150,9,16.667
1985,Jesse,110,7,15.714
1985,Jordan,65,21,3.095
1985,Terry,46,5,9.2
1985,Christian,45,7,6.429
1985,Jamie,38,163,0.233
1985,Casey,33,54,0.611
1985,Taylor,16,14,1.143
1985,Jaime,12,33,0.364
1985,Dana,11,63,0.175
1985,Jessie,11,13,0.846
1985,Kelly,10,264,0.038
1985,Dominique,9,79,0.114
1985,Aubrey,8,9,0.889
1985,Blair,8,13,0.615
1985,Kendall,8,8,1.0
1985,Whitney,8,48,0.167
1985,Ashley,7,879,0.008
1985,Shannon,7,198,0.035
1985,Courtney,6,134,0.045
1985,Kerry,6,13,0.462
1985,Morgan,6,39,0.154
1985,Stacey,6,89,0.067
1985,Tracy,6,45,0.133
1985,Ashton,5,5,1.0
1985,Jennifer,5,760,0.007
1985,Lauren,5,388,0.013
1985,Leslie,5,39,0.128
1986,Michael,1220,5,244.0
1986,Christopher,1074,5,214.8
1986,Matthew,880,10,88.0
1986,David,709,9,78.778
1986,Robert,697,9,77.444
1986,Daniel,637,5,127.4
1986,John,613,8,76.625
1986,Andrew,583,6,97.167
1986,Joshua,543,7,77.571
1986,Joseph,540,7,77.143
1986,Brandon,502,8,62.75
1986,Ryan,501,10,50.1
1986,Justin,464,5,92.8
1986,Kevin,447,8,55.875
1986,Brian,434,7,62.0
1986,Nicholas,363,5,72.6
1986,Anthony,342,6,57.0
1986,Richard,270,6,45.0
1986,Shawn,146,8,18.25
1986,Jordan,115,36,3.194
1986,Corey,103,5,20.6
1986,Devin,77,7,11.0
1986,Christian,42,7,6.0
1986,Casey,31,59,0.525
1986,Jamie,27,145,0.186
1986,Devon,25,10,2.5
1986,Taylor,23,10,2.3
1986,Dominique,18,56,0.321
1986,Shannon,12,234,0.051
1986,Courtney,10,130,0.077
1986,Kelly,8,259,0.031
1986,Kendall,8,17,0.471
1986,Leslie,8,25,0.32
1986,Morgan,8,44,0.182
1986,Robin,7,33,0.212
1986,Dana,6,57,0.105
1986,Erin,6,200,0.03
1986,Jaime,6,31,0.194
1986,Paris,6,10,0.6
1986,Andrea,5,112,0.045
1986,Ashley,5,982,0.005
1986,Jean,5,18,0.278
1986,Jessie,5,21,0.238
1986,Marion,5,5,1.0
1986,Tracy,5,51,0.098
1987,Michael,1247,12,103.917
1987,Christopher,1066,9,118.444
1987,Matthew,849,5,169.8
1987,David,743,5,148.6
1987,James,687,5,137.4
1987,Andrew,671,7,95.857
1987,Joshua,612,5,122.4
1987,John,605,6,100.833
1987,William,555,11,50.455
1987,Ryan,501,12,41.75
1987,Brian,457,7,65.286
1987,Kyle,255,5,51.0
1987,Corey,129,10,12.9
1987,Jordan,121,30,4.033
1987,Tyler,117,8,14.625
1987,Jesse,94,7,13.429
1987,Shane,84,5,16.8
1987,Christian,41,7,5.857
1987,Casey,35,60,0.583
1987,Devon,35,13,2.692
1987,Jamie,26,128,0.203
1987,Adrian,22,7,3.143
1987,Lee,22,6,3.667
1987,Taylor,16,21,0.762
1987,Dominique,14,60,0.233
1987,Kendall,12,14,0.857
1987,Leslie,11,47,0.234
1987,Morgan,11,50,0.22
1987,Courtney,10,136,0.074
1987,Dana,10,63,0.159
1987,Jessie,10,20,0.5
1987,Colby,8,7,1.143
1987,Jean,7,6,1.167
1987,Jessica,7,901,0.008
1987,Shannon,7,202,0.035
1987,Kelly,6,266,0.023
1987,Robin,6,39,0.154
1987,Angel,5,36,0.139
1987,Ashley,5,1057,0.005
1987,Aubrey,5,19,0.263
1987,Carey,5,6,0.833
1987,Erin,5,205,0.024
1987,Noel,5,7,0.714
1988,Michael,1332,12,111.0
1988,Christopher,1036,5,207.2
1988,Matthew,900,6,150.0
1988,James,714,5,142.8
1988,Joshua,694,8,86.75
1988,David,674,10,67.4
1988,Daniel,661,8,82.625
1988,Justin,646,5,129.2
1988,John,612,7,87.429
1988,William,590,8,73.75
1988,Joseph,584,12,48.667
1988,Kevin,520,5,104.0
1988,Ryan,519,7,74.143
1988,Eric,377,5,75.4
1988,Sean,287,5,57.4
1988,Alexander,269,7,38.429
1988,Jeffrey,228,5,45.6
1988,Corey,137,14,9.786
1988,Tyler,136,5,27.2
1988,Jesse,124,7,17.714
1988,Jordan,115,41,2.805
1988,Devin,99,8,12.375
1988,Christian,75,22,3.409
1988,Cody,69,8,8.625
1988,Devon,50,6,8.333
1988,Baby,45,31,1.452
1988,Casey,36,68,0.529
1988,Taylor,35,40,0.875
1988,Terry,35,5,7.0
1988,Adrian,27,6,4.5
1988,Dominique,26,37,0.703
1988,Kendall,23,16,1.438
1988,Lee,16,6,2.667
1988,Jamie,15,115,0.13
1988,Jessie,15,20,0.75
1988,Morgan,15,58,0.259
1988,Blair,12,14,0.857
1988,Dana,11,64,0.172
1988,Kelly,11,220,0.05
1988,Courtney,10,213,0.047
1988,Aubrey,7,10,0.7
1988,Leslie,7,48,0.146
1988,Shannon,7,213,0.033
1988,Dominque,6,6,1.0
1988,Erin,6,201,0.03
1988,Robin,6,44,0.136
1988,Ariel,5,17,0.294
1988,Paris,5,13,0.385
1989,Michael,1342,5,268.4
1989,Christopher,1063,5,212.6
1989,Ryan,537,9,59.667
1989,Alexander,302,5,60.4
1989,Corey,174,6,29.0
1989,Shawn,142,7,20.286
1989,Jordan,141,68,2.074
1989,Jesse,128,6,21.333
1989,Unknown,110,100,1.1
1989,Devin,108,12,9.0
1989,Christian,72,9,8.0
1989,Devon,55,10,5.5
1989,Taylor,43,50,0.86
1989,Adrian,42,6,7.0
1989,Casey,39,74,0.527
1989,Dominique,29,40,0.725
1989,Kendall,28,12,2.333
1989,Morgan,21,98,0.214
1989,Avery,17,5,3.4
1989,Jamie,15,113,0.133
1989,Courtney,13,262,0.05
1989,Dana,13,44,0.295
1989,Kelly,13,266,0.049
1989,Blair,9,18,0.5
1989,Angel,8,46,0.174
1989,Jaime,7,20,0.35
1989,Jessie,7,17,0.412
1989,Paris,7,10,0.7
1989,Shannon,7,171,0.041
1989,Ashton,5,10,0.5
1989,Kirby,5,7,0.714
1989,Noel,5,9,0.556
1989,Tracy,5,18,0.278
1990,Christopher,1081,5,216.2
1990,Ryan,574,6,95.667
1990,Jonathan,362,5,72.4
1990,Alexander,331,5,66.2
1990,Tyler,289,21,13.762
1990,Jordan,226,90,2.511
1990,Corey,172,14,12.286
1990,Shawn,147,7,21.0
1990,Devin,125,14,8.929
1990,Christian,99,13,7.615
1990,Cameron,83,6,13.833
1990,Taylor,69,119,0.58
1990,Devon,59,13,4.538
1990,Dominique,45,49,0.918
1990,Casey,43,88,0.489
1990,Logan,41,8,5.125
1990,Blake,37,5,7.4
1990,Unknown,35,39,0.897
1990,Gabriel,31,5,6.2
1990,Kendall,23,17,1.353
1990,Jamie,19,116,0.164
1990,Daryl,17,5,3.4
1990,Dana,14,49,0.286
1990,Ashton,11,9,1.222
1990,Blair,9,15,0.6
1990,Courtney,9,245,0.037
1990,Kristian,9,9,1.0
1990,Baby,7,7,1.0
1990,Dakota,7,9,0.778
1990,Kelly,7,245,0.029
1990,Lauren,7,499,0.014
1990,Morgan,7,156,0.045
1990,Paris,7,11,0.636
1990,Alexis,6,81,0.074
1990,Ariel,6,63,0.095
1990,Ashley,6,883,0.007
1990,Dominque,6,9,0.667
1990,Jaime,6,17,0.353
1990,Jessie,6,9,0.667
1990,Shannon,6,160,0.038
1990,Stacey,6,53,0.113
1990,Erin,5,198,0.025
1990,Kasey,5,30,0.167
1990,Robin,5,41,0.122
1990,Skylar,5,7,0.714
1990,Tracy,5,23,0.217
1991,Ryan,543,12,45.25
1991,Daniel,539,5,107.8
1991,Tyler,415,9,46.111
1991,Alexander,357,6,59.5
1991,Kyle,351,5,70.2
1991,Jordan,228,81,2.815
1991,Corey,186,5,37.2
1991,Christian,140,8,17.5
1991,Shawn,138,5,27.6
1991,Devin,118,22,5.364
1991,Shane,107,6,17.833
1991,Taylor,104,169,0.615
1991,Cameron,79,7,11.286
1991,Devon,71,14,5.071
1991,Casey,56,89,0.629
1991,Logan,56,10,5.6
1991,Blake,49,5,9.8
1991,Dominique,46,50,0.92
1991,Gabriel,34,6,5.667
1991,Francis,28,5,5.6
1991,Kendall,23,18,1.278
1991,Avery,21,6,3.5
1991,Colby,21,6,3.5
1991,Jamie,20,105,0.19
1991,Morgan,19,132,0.144
1991,Kelly,18,189,0.095
1991,Dakota,17,7,2.429
1991,Alexis,11,118,0.093
1991,Courtney,11,253,0.043
1991,Jean,11,13,0.846
1991,Riley,10,6,1.667
1991,Blair,9,15,0.6
1991,Dana,9,47,0.191
1991,Dominque,9,6,1.5
1991,Jessie,9,16,0.562
1991,Shannon,9,171,0.053
1991,Jaime,8,18,0.444
1991,Kristian,8,8,1.0
1991,Paris,8,12,0.667
1991,Ariel,7,105,0.067
1991,Ashton,7,6,1.167
1991,Leslie,7,26,0.269
1991,Tracy,6,14,0.429
1991,Ashley,5,794,0.006
1991,Jackie,5,5,1.0
1991,Kerry,5,13,0.385
1991,Robin,5,25,0.2
1992,Michael,1140,5,228.0
1992,Christopher,809,5,161.8
1992,Ryan,586,10,58.6
1992,Tyler,511,26,19.654
1992,Jordan,198,84,2.357
1992,Christian,156,19,8.211
1992,Corey,139,9,15.444
1992,Devin,128,18,7.111
1992,Cameron,115,5,23.0
1992,Taylor,103,240,0.429
1992,Alex,80,8,10.0
1992,Devon,56,11,5.091
1992,Logan,54,8,6.75
1992,Dominique,50,64,0.781
1992,Casey,41,90,0.456
1992,Dakota,39,9,4.333
1992,Adrian,36,6,6.0
1992,Morgan,19,155,0.123
1992,Kendall,18,11,1.636
1992,Avery,16,9,1.778
1992,Micah,15,6,2.5
1992,Kelly,12,208,0.058
1992,Jamie,11,98,0.112
1992,Mackenzie,11,26,0.423
1992,Blair,10,15,0.667
1992,Kristian,10,6,1.667
1992,Dana,9,43,0.209
1992,Alexis,8,141,0.057
1992,Angel,8,38,0.211
1992,Devan,8,8,1.0
1992,Jessie,8,15,0.533
1992,Paris,8,13,0.615
1992,Skylar,8,8,1.0
1992,Carson,7,6,1.167
1992,Ariel,6,69,0.087
1992,Baby,6,7,0.857
1992,Jaime,6,9,0.667
1992,Justine,6,18,0.333
1992,Ashley,5,708,0.007
1992,Aubrey,5,16,0.312
1992,Noel,5,8,0.625
1992,Shannon,5,167,0.03
1993,Michael,964,5,192.8
1993,Ryan,601,10,60.1
1993,Tyler,523,48,10.896
1993,Alexander,404,5,80.8
1993,Jordan,250,88,2.841
1993,Devin,153,19,8.053
1993,Christian,150,13,11.538
1993,Shawn,133,5,26.6
1993,Taylor,114,344,0.331
1993,Jesse,96,6,16.0
1993,Alex,88,7,12.571
1993,Devon,55,18,3.056
1993,Logan,55,9,6.111
1993,Hunter,45,5,9.0
1993,Casey,43,72,0.597
1993,Dominique,34,53,0.642
1993,Dakota,29,6,4.833
1993,Shaquille,27,5,5.4
1993,Avery,24,7,3.429
1993,Kendall,23,24,0.958
1993,Colby,22,5,4.4
1993,Darian,19,10,1.9
1993,Jamie,19,68,0.279
1993,Morgan,18,184,0.098
1993,Riley,11,7,1.571
1993,Ali,10,6,1.667
1993,Dashawn,10,8,1.25
1993,Kelly,10,193,0.052
1993,Ashton,9,7,1.286
1993,Micah,9,6,1.5
1993,Jean,8,5,1.6
1993,Jessie,8,15,0.533
1993,Mackenzie,8,27,0.296
1993,Chandler,7,14,0.5
1993,Courtney,7,243,0.029
1993,Dana,7,40,0.175
1993,Noel,7,12,0.583
1993,Quinn,6,6,1.0
1993,Sidney,6,12,0.5
1993,Skylar,6,7,0.857
1993,Alexis,5,212,0.024
1993,Ariel,5,47,0.106
1993,Harley,5,7,0.714
1993,Jaime,5,8,0.625
1993,Kasey,5,27,0.185
1993,Paris,5,23,0.217
1993,Peyton,5,6,0.833
1994,Ryan,582,6,97.0
1994,Tyler,545,30,18.167
1994,William,496,5,99.2
1994,Jordan,245,110,2.227
1994,Christian,166,10,16.6
1994,Jesse,144,5,28.8
1994,Devin,136,15,9.067
1994,Corey,130,5,26.0
1994,Cameron,101,8,12.625
1994,Alex,97,6,16.167
1994,Logan,88,15,5.867
1994,Taylor,88,391,0.225
1994,Unknown,84,72,1.167
1994,Devon,72,17,4.235
1994,Hunter,66,15,4.4
1994,Casey,44,68,0.647
1994,Dakota,43,14,3.071
1994,Darian,27,6,4.5
1994,Dominique,25,50,0.5
1994,Morgan,25,209,0.12
1994,Baby,20,16,1.25
1994,Kendall,19,31,0.613
1994,Dashawn,18,6,3.0
1994,Jamie,15,58,0.259
1994,Kelly,14,163,0.086
1994,Riley,14,11,1.273
1994,Devan,11,7,1.571
1994,Harley,11,11,1.0
1994,Alexis,10,217,0.046
1994,Mackenzie,10,28,0.357
1994,Skyler,10,7,1.429
1994,Angel,8,31,0.258
1994,Skylar,8,11,0.727
1994,Erin,7,145,0.048
1994,Armani,6,5,1.2
1994,Courtney,6,219,0.027
1994,Dana,6,39,0.154
1994,Paris,6,20,0.3
1994,Blair,5,6,0.833
1994,Jessie,5,18,0.278
1994,Justice,5,10,0.5
1994,Kendal,5,8,0.625
1994,Noel,5,5,1.0
1994,Sidney,5,5,1.0
1995,Ryan,556,8,69.5
1995,Tyler,511,27,18.926
1995,Jordan,244,145,1.683
1995,Christian,200,9,22.222
1995,Devin,152,9,16.889
1995,Cameron,110,7,15.714
1995,Logan,94,19,4.947
1995,Jesse,89,5,17.8
1995,Alex,82,6,13.667
1995,Taylor,74,400,0.185
1995,Hunter,71,8,8.875
1995,Dakota,62,8,7.75
1995,Devon,60,18,3.333
1995,Blake,48,6,8.0
1995,Casey,35,75,0.467
1995,Bryce,30,5,6.0
1995,Riley,30,8,3.75
1995,Darian,27,8,3.375
1995,Avery,25,12,2.083
1995,Micah,24,8,3.0
1995,Morgan,21,214,0.098
1995,Aidan,19,6,3.167
1995,Kai,18,5,3.6
1995,Dallas,17,8,2.125
1995,Dashawn,17,6,2.833
1995,Kendall,15,41,0.366
1995,Bailey,14,32,0.438
1995,Darien,13,5,2.6
1995,Quinn,12,5,2.4
1995,Baby,11,11,1.0
1995,Mackenzie,11,51,0.216
1995,Blair,10,10,1.0
1995,Jamie,10,62,0.161
1995,Justice,10,12,0.833
1995,Paris,10,9,1.111
1995,Angel,9,38,0.237
1995,Dominique,9,42,0.214
1995,Skylar,9,7,1.286
1995,Skyler,9,7,1.286
1995,Alexis,8,245,0.033
1995,Ariel,7,45,0.156
1995,Jaime,7,15,0.467
1995,Armani,6,5,1.2
1995,Aubrey,6,13,0.462
1995,Dana,6,31,0.194
1995,Leslie,6,25,0.24
1995,Tracy,6,7,0.857
1995,Unknown,6,5,1.2
1995,Ashton,5,11,0.455
1995,Elisha,5,5,1.0
1995,Harley,5,5,1.0
1995,Jessie,5,10,0.5
1995,Kelly,5,142,0.035
1995,Sidney,5,10,0.5
1996,Tyler,476,22,21.636
1996,Jordan,253,136,1.86
1996,Christian,221,8,27.625
1996,Devin,153,14,10.929
1996,Cameron,133,12,11.083
1996,Corey,110,7,15.714
1996,Hunter,107,14,7.643
1996,Logan,107,24,4.458
1996,Alex,97,6,16.167
1996,Gabriel,67,6,11.167
1996,Taylor,56,394,0.142
1996,Devon,53,10,5.3
1996,Dakota,46,14,3.286
1996,Casey,34,86,0.395
1996,Drew,33,7,4.714
1996,Avery,28,5,5.6
1996,Bailey,24,47,0.511
1996,Dominique,23,44,0.523
1996,Micah,19,6,3.167
1996,Riley,19,21,0.905
1996,Kendall,18,40,0.45
1996,Kai,16,5,3.2
1996,Dallas,15,9,1.667
1996,Morgan,15,212,0.071
1996,Carson,14,5,2.8
1996,Jamie,14,59,0.237
1996,Justice,13,14,0.929
1996,Ali,12,6,2.0
1996,Darian,12,6,2.0
1996,Skyler,12,10,1.2
1996,Sidney,11,14,0.786
1996,Alexis,9,306,0.029
1996,Angel,8,31,0.258
1996,Jessie,7,23,0.304
1996,Mackenzie,7,51,0.137
1996,Armani,6,8,0.75
1996,Jean,6,6,1.0
1996,Peyton,6,18,0.333
1996,Ariel,5,23,0.217
1996,Ashton,5,5,1.0
1996,Courtney,5,204,0.025
1996,Kelly,5,117,0.043
1996,London,5,16,0.312
1996,Skylar,5,9,0.556
1997,Michael,762,5,152.4
1997,Ryan,458,6,76.333
1997,Tyler,423,21,20.143
1997,Jordan,285,174,1.638
1997,Christian,193,11,17.545
1997,Devin,137,15,9.133
1997,Cameron,125,15,8.333
1997,Hunter,122,13,9.385
1997,Logan,105,25,4.2
1997,Alex,83,5,16.6
1997,Devon,66,11,6.0
1997,Chase,58,5,11.6
1997,Dakota,57,17,3.353
1997,Taylor,38,426,0.089
1997,Riley,37,18,2.056
1997,Micah,34,5,6.8
1997,Bailey,30,55,0.545
1997,Casey,30,61,0.492
1997,Morgan,19,231,0.082
1997,Dashawn,17,6,2.833
1997,Kai,17,7,2.429
1997,Alexis,16,314,0.051
1997,Avery,16,9,1.778
1997,Chandler,13,6,2.167
1997,Ashton,12,7,1.714
1997,Dallas,11,5,2.2
1997,Dominique,11,60,0.183
1997,Paris,11,15,0.733
1997,Skyler,11,8,1.375
1997,Kendall,10,36,0.278
1997,Angel,9,44,0.205
1997,Kelly,9,96,0.094
1997,Mackenzie,9,67,0.134
1997,Sidney,9,10,0.9
1997,Skylar,9,23,0.391
1997,Ariel,8,26,0.308
1997,Jaime,8,8,1.0
1997,Jamie,8,49,0.163
1997,Harley,7,5,1.4
1997,Aubrey,6,15,0.4
1997,Peyton,6,5,1.2
1997,Shannon,6,112,0.054
1997,Blair,5,16,0.312
1997,Courtney,5,158,0.032
1997,Dana,5,27,0.185
1997,Kerry,5,5,1.0
1997,Milan,5,10,0.5
1998,Ryan,470,11,42.727
1998,Tyler,456,21,21.714
1998,Kyle,343,6,57.167
1998,Jordan,319,135,2.363
1998,Dylan,231,6,38.5
1998,Cameron,196,37,5.297
1998,Christian,184,12,15.333
1998,Hunter,168,18,9.333
1998,Devin,158,11,14.364
1998,Connor,141,5,28.2
1998,Logan,121,23,5.261
1998,Gabriel,82,8,10.25
1998,Dakota,68,15,4.533
1998,Blake,58,5,11.6
1998,Tristan,47,6,7.833
1998,Taylor,40,421,0.095
1998,Devon,38,11,3.455
1998,Riley,33,25,1.32
1998,Kendall,26,43,0.605
1998,Micah,25,6,4.167
1998,Bailey,24,56,0.429
1998,Darian,23,12,1.917
1998,Casey,21,58,0.362
1998,Avery,18,11,1.636
1998,Quinn,14,9,1.556
1998,Dorian,12,7,1.714
1998,Dominique,11,36,0.306
1998,Peyton,11,27,0.407
1998,Skyler,11,12,0.917
1998,Angel,10,48,0.208
1998,Morgan,10,220,0.045
1998,Alexis,9,404,0.022
1998,Ashton,9,7,1.286
1998,Sidney,9,13,0.692
1998,Paris,8,18,0.444
1998,Addison,7,9,0.778
1998,Jaden,7,9,0.778
1998,Jaime,7,5,1.4
1998,Kasey,7,18,0.389
1998,Blair,6,7,0.857
1998,Courtney,6,149,0.04
1998,Dana,6,27,0.222
1998,Devan,6,5,1.2
1998,Jamie,6,69,0.087
1998,Justice,6,7,0.857
1998,Armani,5,6,0.833
1998,Baby,5,13,0.385
1998,Harley,5,6,0.833
1998,Kelly,5,96,0.052
1998,Mackenzie,5,83,0.06
1998,Robin,5,7,0.714
1999,Ryan,505,7,72.143
1999,Tyler,405,23,17.609
1999,Jordan,274,129,2.124
1999,Cameron,239,27,8.852
1999,Christian,215,9,23.889
1999,Hunter,165,10,16.5
1999,Logan,120,32,3.75
1999,Devin,103,9,11.444
1999,Devon,44,12,3.667
1999,Dakota,41,19,2.158
1999,Casey,36,48,0.75
1999,Zion,35,6,5.833
1999,Riley,34,32,1.062
1999,Bailey,32,39,0.821
1999,Taylor,31,379,0.082
1999,Jaden,27,11,2.455
1999,Kendall,26,40,0.65
1999,Avery,23,15,1.533
1999,Micah,23,6,3.833
1999,Jaylen,20,5,4.0
1999,Angel,19,54,0.352
1999,Chandler,18,7,2.571
1999,Peyton,18,28,0.643
1999,Alexis,17,297,0.057
1999,Justice,15,8,1.875
1999,Quinn,15,8,1.875
1999,Ariel,13,30,0.433
1999,Dominique,12,35,0.343
1999,Jamie,12,42,0.286
1999,Skyler,12,16,0.75
1999,Jaylin,11,6,1.833
1999,Morgan,11,223,0.049
1999,Skylar,10,46,0.217
1999,Addison,9,7,1.286
1999,Ashton,8,6,1.333
1999,Blair,7,8,0.875
1999,Dana,7,26,0.269
1999,Kyler,7,5,1.4
1999,Madison,7,276,0.025
1999,Amari,6,16,0.375
1999,Payton,6,14,0.429
1999,Jaime,5,7,0.714
1999,Jessie,5,11,0.455
1999,Kelly,5,78,0.064
1999,Shannon,5,67,0.075
1999,Sidney,5,12,0.417
2000,Ryan,525,17,30.882
2000,Tyler,380,32,11.875
2000,Jordan,296,169,1.751
2000,Cameron,254,40,6.35
2000,Christian,251,6,41.833
2000,Hunter,179,11,16.273
2000,Logan,138,29,4.759
2000,Devin,117,14,8.357
2000,Gabriel,97,5,19.4
2000,Jalen,85,7,12.143
2000,Alex,76,6,12.667
2000,Blake,63,9,7.0
2000,Devon,52,7,7.429
2000,Jesse,45,5,9.0
2000,Dakota,40,14,2.857
2000,Micah,38,9,4.222
2000,Drew,33,9,3.667
2000,Casey,32,40,0.8
2000,Riley,31,40,0.775
2000,Jaden,26,12,2.167
2000,Bailey,25,45,0.556
2000,Kai,24,5,4.8
2000,Darian,23,7,3.286
2000,Taylor,22,352,0.062
2000,Avery,19,19,1.0
2000,Kameron,18,9,2.0
2000,Payton,18,17,1.059
2000,Skyler,15,20,0.75
2000,Angel,14,74,0.189
2000,Kendall,14,43,0.326
2000,Alexis,13,289,0.045
2000,Chandler,13,6,2.167
2000,Morgan,13,201,0.065
2000,Addison,11,11,1.0
2000,Jaylin,11,6,1.833
2000,Paris,11,21,0.524
2000,Ashton,9,5,1.8
2000,Jaime,9,10,0.9
2000,Sidney,9,16,0.562
2000,Peyton,8,33,0.242
2000,Camryn,7,40,0.175
2000,Amari,6,19,0.316
2000,Dana,6,19,0.316
2000,Jamie,6,39,0.154
2000,Kennedy,6,38,0.158
2000,Zaire,6,8,0.75
2000,Aubrey,5,21,0.238
2000,Justice,5,5,1.0
2000,Mackenzie,5,129,0.039
2000,Reilly,5,5,1.0
2000,Robin,5,7,0.714
2000,Skylar,5,43,0.116
2001,Ryan,414,15,27.6
2001,Tyler,366,14,26.143
2001,Dylan,264,5,52.8
2001,Christian,240,10,24.0
2001,Jordan,227,145,1.566
2001,Cameron,224,30,7.467
2001,Logan,191,27,7.074
2001,Gabriel,177,6,29.5
2001,Hunter,138,13,10.615
2001,Mason,116,7,16.571
2001,Devin,113,8,14.125
2001,Aidan,97,5,19.4
2001,Alex,78,6,13.0
2001,Jaden,60,7,8.571
2001,Dakota,44,16,2.75
2001,Riley,37,53,0.698
2001,Jayden,36,5,7.2
2001,Casey,29,35,0.829
2001,Micah,26,6,4.333
2001,Kai,25,7,3.571
2001,Avery,24,27,0.889
2001,Drew,24,7,3.429
2001,Peyton,24,33,0.727
2001,Angel,23,55,0.418
2001,Hayden,22,5,4.4
2001,Taylor,21,299,0.07
2001,Alexis,20,286,0.07
2001,Ashton,19,5,3.8
2001,Bailey,17,50,0.34
2001,Jaiden,16,5,3.2
2001,Justice,15,9,1.667
2001,Skyler,14,14,1.0
2001,Jaylin,13,7,1.857
2001,Kendall,13,44,0.295
2001,Amari,12,19,0.632
2001,Noel,12,7,1.714
2001,Skylar,12,36,0.333
2001,Ariel,10,28,0.357
2001,Baby,8,10,0.8
2001,Jaime,8,8,1.0
2001,Payton,8,20,0.4
2001,Sage,8,9,0.889
2001,Kelly,7,65,0.108
2001,Kristian,7,6,1.167
2001,Reese,7,5,1.4
2001,Sidney,7,19,0.368
2001,Dominique,6,20,0.3
2001,Morgan,6,189,0.032
2001,Shannon,6,57,0.105
2001,Armani,5,7,0.714
2001,Camryn,5,45,0.111
2001,Dana,5,12,0.417
2001,Jamie,5,39,0.128
2001,Jordyn,5,54,0.093
2001,Paris,5,12,0.417
2002,Ryan,394,14,28.143
2002,Tyler,345,8,43.125
2002,Jordan,266,165,1.612
2002,Dylan,260,6,43.333
2002,Christian,231,8,28.875
2002,Logan,211,37,5.703
2002,Cameron,188,24,7.833
2002,Hunter,149,6,24.833
2002,Devin,117,9,13.0
2002,Jaden,84,24,3.5
2002,Blake,72,6,12.0
2002,Riley,57,73,0.781
2002,Jayden,47,15,3.133
2002,Devon,44,6,7.333
2002,Kai,41,7,5.857
2002,Micah,40,11,3.636
2002,Angel,37,59,0.627
2002,Adrian,36,6,6.0
2002,Dakota,31,26,1.192
2002,Jaylen,31,7,4.429
2002,Taylor,29,249,0.116
2002,Drew,27,7,3.857
2002,Avery,25,23,1.087
2002,Justice,24,15,1.6
2002,Jaylin,21,6,3.5
2002,Quinn,21,14,1.5
2002,Morgan,19,197,0.096
2002,Peyton,19,29,0.655
2002,Amari,18,19,0.947
2002,Ali,17,6,2.833
2002,Grayson,17,5,3.4
2002,Jaiden,15,8,1.875
2002,Payton,15,24,0.625
2002,Bailey,14,32,0.438
2002,Casey,13,23,0.565
2002,Jamie,13,34,0.382
2002,Alexis,12,241,0.05
2002,Kendall,12,48,0.25
2002,Jaime,10,10,1.0
2002,Skylar,10,48,0.208
2002,Sidney,9,11,0.818
2002,Skyler,9,16,0.562
2002,Ariel,8,24,0.333
2002,Baby,8,5,1.6
2002,Camryn,6,42,0.143
2002,Dominique,5,23,0.217
2002,Jordyn,5,36,0.139
2002,Kamari,5,6,0.833
2002,Kelly,5,65,0.077
2002,Kristian,5,9,0.556
2002,Paris,5,12,0.417
2002,Reilly,5,10,0.5
2002,Sage,5,11,0.455
2002,Sydney,5,199,0.025
2003,Ryan,485,14,34.643
2003,Tyler,363,9,40.333
2003,Jordan,265,147,1.803
2003,Dylan,261,6,43.5
2003,Christian,241,11,21.909
2003,Cameron,210,29,7.241
2003,Austin,203,6,33.833
2003,Logan,203,26,7.808
2003,Aidan,191,6,31.833
2003,Gabriel,169,7,24.143
2003,Hunter,135,5,27.0
2003,Devin,129,7,18.429
2003,Jaden,109,19,5.737
2003,Chase,108,6,18.0
2003,Jayden,79,16,4.938
2003,Riley,63,73,0.863
2003,Carson,57,6,9.5
2003,Jaylen,55,6,9.167
2003,Devon,52,8,6.5
2003,Micah,47,7,6.714
2003,Angel,45,60,0.75
2003,Tristan,42,8,5.25
2003,Kai,39,6,6.5
2003,Avery,36,30,1.2
2003,Dakota,33,12,2.75
2003,Amari,23,25,0.92
2003,Quinn,22,11,2.0
2003,Taylor,20,221,0.09
2003,Alexis,18,244,0.074
2003,Skyler,18,15,1.2
2003,Casey,17,29,0.586
2003,Jaiden,17,10,1.7
2003,Jaylin,17,11,1.545
2003,Payton,17,21,0.81
2003,Kendall,16,74,0.216
2003,Peyton,16,37,0.432
2003,Reese,16,8,2.0
2003,Ariel,14,31,0.452
2003,Bailey,13,33,0.394
2003,Emerson,12,5,2.4
2003,Justice,11,13,0.846
2003,Morgan,11,168,0.065
2003,Jamie,10,33,0.303
2003,Sidney,10,14,0.714
2003,Dominique,9,15,0.6
2003,Devyn,8,6,1.333
2003,Paris,8,17,0.471
2003,Milan,7,7,1.0
2003,Chandler,6,5,1.2
2003,Nana,6,5,1.2
2003,Addison,5,13,0.385
2003,Campbell,5,7,0.714
2003,Jessie,5,7,0.714
2003,Kamryn,5,21,0.238
2003,Kennedy,5,63,0.079
2003,Marley,5,8,0.625
2003,Reagan,5,40,0.125
2003,Reilly,5,8,0.625
2003,Rowan,5,5,1.0
2003,Skylar,5,67,0.075
2004,Ryan,430,20,21.5
2004,Tyler,350,11,31.818
2004,Dylan,256,8,32.0
2004,Christian,226,10,22.6
2004,Logan,210,35,6.0
2004,Jordan,202,104,1.942
2004,Cameron,181,40,4.525
2004,Jayden,126,18,7.0
2004,Chase,124,8,15.5
2004,Devin,116,9,12.889
2004,Jaden,108,22,4.909
2004,Hunter,102,6,17.0
2004,Riley,71,97,0.732
2004,Hayden,55,7,7.857
2004,Angel,47,57,0.825
2004,Micah,45,6,7.5
2004,Peyton,45,41,1.098
2004,Jaylen,43,8,5.375
2004,Zion,39,10,3.9
2004,Avery,37,47,0.787
2004,Dakota,32,32,1.0
2004,Kai,31,5,6.2
2004,Devon,30,6,5.0
2004,Jaiden,30,7,4.286
2004,Camden,23,5,4.6
2004,Drew,23,5,4.6
2004,Casey,22,20,1.1
2004,Jaylin,22,12,1.833
2004,Kendall,22,73,0.301
2004,Quinn,21,7,3.0
2004,Dorian,20,5,4.0
2004,Alexis,19,220,0.086
2004,Amari,16,19,0.842
2004,Payton,15,35,0.429
2004,Rowan,14,14,1.0
2004,Morgan,13,175,0.074
2004,Tristen,13,6,2.167
2004,Jamie,12,29,0.414
2004,Kamari,12,6,2.0
2004,Ariel,10,19,0.526
2004,Skylar,10,59,0.169
2004,Taylor,10,223,0.045
2004,Addison,9,27,0.333
2004,Dominique,9,15,0.6
2004,Skyler,9,18,0.5
2004,Amani,8,15,0.533
2004,Reagan,8,37,0.216
2004,Sidney,8,19,0.421
2004,Jadyn,7,12,0.583
2004,Bailey,6,45,0.133
2004,Emerson,6,5,1.2
2004,Kendal,6,14,0.429
2004,Kennedy,6,61,0.098
2004,Teagan,6,7,0.857
2004,Erin,5,70,0.071
2004,Jordyn,5,40,0.125
2004,Justice,5,9,0.556
2004,London,5,19,0.263
2004,Noel,5,5,1.0
2005,Ryan,417,16,26.062
2005,Tyler,304,13,23.385
2005,Dylan,248,12,20.667
2005,Logan,241,32,7.531
2005,Jordan,202,104,1.942
2005,Cameron,171,35,4.886
2005,Jayden,150,22,6.818
2005,Chase,107,8,13.375
2005,Jaden,103,16,6.438
2005,Alex,91,6,15.167
2005,Bryce,82,6,13.667
2005,Hayden,61,6,10.167
2005,Riley,61,100,0.61
2005,Peyton,51,34,1.5
2005,Angel,49,59,0.831
2005,Jaylen,47,11,4.273
2005,Micah,42,8,5.25
2005,Zion,41,8,5.125
2005,Jaiden,38,12,3.167
2005,Parker,33,5,6.6
2005,Devon,32,6,5.333
2005,Quinn,27,5,5.4
2005,Drew,25,6,4.167
2005,Alexis,24,181,0.133
2005,Jaylin,23,13,1.769
2005,Avery,21,43,0.488
2005,Dakota,21,34,0.618
2005,Camden,20,8,2.5
2005,Kendall,20,60,0.333
2005,Amari,19,24,0.792
2005,Casey,18,17,1.059
2005,Taylor,17,208,0.082
2005,Justice,16,8,2.0
2005,Payton,15,37,0.405
2005,Charlie,14,7,2.0
2005,Kamari,12,6,2.0
2005,Chandler,11,5,2.2
2005,Morgan,11,165,0.067
2005,Reese,11,23,0.478
2005,Rowan,11,11,1.0
2005,Kasey,10,12,0.833
2005,Addison,9,31,0.29
2005,Sidney,9,12,0.75
2005,Bailey,8,41,0.195
2005,Camryn,8,45,0.178
2005,Emerson,8,13,0.615
2005,Skyler,7,18,0.389
2005,Haven,6,5,1.2
2005,Kayden,6,6,1.0
2005,Noel,6,9,0.667
2005,Ariel,5,31,0.161
2005,Dominique,5,14,0.357
2005,Harley,5,11,0.455
2005,Nevaeh,5,89,0.056
2005,Sage,5,20,0.25
2005,Skye,5,16,0.312
2006,Ryan,379,27,14.037
2006,Tyler,301,10,30.1
2006,Christian,280,7,40.0
2006,Dylan,249,7,35.571
2006,Logan,242,24,10.083
2006,Cameron,205,28,7.321
2006,Jordan,187,95,1.968
2006,Jayden,150,26,5.769
2006,Chase,133,9,14.778
2006,Jaden,108,18,6.0
2006,Hayden,91,16,5.688
2006,Bryce,82,6,13.667
2006,Blake,68,5,13.6
2006,Angel,65,61,1.066
2006,Micah,65,6,10.833
2006,Riley,61,110,0.555
2006,Zion,53,12,4.417
2006,Parker,51,6,8.5
2006,Jaylen,48,5,9.6
2006,Avery,47,68,0.691
2006,Jaiden,37,11,3.364
2006,Peyton,36,33,1.091
2006,Kai,35,10,3.5
2006,Grayson,34,5,6.8
2006,Quinn,26,8,3.25
2006,Amari,25,15,1.667
2006,Jaylin,24,17,1.412
2006,Alexis,22,185,0.119
2006,Casey,21,17,1.235
2006,Taylor,21,227,0.093
2006,Dallas,20,8,2.5
2006,Dakota,19,45,0.422
2006,Kendall,18,70,0.257
2006,Ariel,17,25,0.68
2006,Emerson,16,22,0.727
2006,Noel,16,9,1.778
2006,Kayden,15,8,1.875
2006,Skyler,15,27,0.556
2006,Morgan,14,148,0.095
2006,Justice,13,13,1.0
2006,Rowan,12,12,1.0
2006,Jamie,11,19,0.579
2006,Payton,11,37,0.297
2006,Phoenix,11,8,1.375
2006,Reese,10,44,0.227
2006,Skylar,10,61,0.164
2006,Jadyn,9,28,0.321
2006,Sidney,8,11,0.727
2006,Addison,7,83,0.084
2006,Charlie,7,7,1.0
2006,Dominique,7,6,1.167
2006,Bailey,6,28,0.214
2006,Blair,6,6,1.0
2006,Jaidyn,6,9,0.667
2006,Kamryn,6,27,0.222
2006,London,6,43,0.14
2006,Paris,6,26,0.231
2006,Teagan,6,9,0.667
2006,Camryn,5,41,0.122
2006,Elisha,5,5,1.0
2006,Jordyn,5,41,0.122
2006,Reagan,5,40,0.125
2007,Ryan,366,26,14.077
2007,Tyler,289,6,48.167
2007,Jayden,285,29,9.828
2007,Christian,278,8,34.75
2007,Logan,233,37,6.297
2007,Dylan,222,10,22.2
2007,Mason,208,5,41.6
2007,Cameron,193,35,5.514
2007,Jordan,186,84,2.214
2007,Chase,162,10,16.2
2007,Jaden,154,22,7.0
2007,Hunter,103,5,20.6
2007,Hayden,98,33,2.97
2007,Tristan,85,6,14.167
2007,Devin,81,9,9.0
2007,Angel,69,57,1.211
2007,Micah,65,13,5.0
2007,Zion,64,14,4.571
2007,Parker,58,10,5.8
2007,Ayden,57,5,11.4
2007,Kai,51,9,5.667
2007,Peyton,49,47,1.043
2007,Riley,49,108,0.454
2007,Jaiden,47,18,2.611
2007,Jaylen,44,6,7.333
2007,Amari,42,20,2.1
2007,Avery,35,51,0.686
2007,Kayden,34,14,2.429
2007,Alexis,29,141,0.206
2007,Kamari,29,8,3.625
2007,Quinn,21,8,2.625
2007,Taylor,21,203,0.103
2007,Emerson,20,15,1.333
2007,Jaylin,19,10,1.9
2007,Casey,18,15,1.2
2007,Dakota,18,27,0.667
2007,Dallas,18,5,3.6
2007,Rowan,14,15,0.933
2007,Ariel,13,32,0.406
2007,Justice,12,7,1.714
2007,Payton,12,37,0.324
2007,Reese,12,40,0.3
2007,Skylar,12,55,0.218
2007,Kendall,11,69,0.159
2007,Morgan,11,147,0.075
2007,Camryn,10,50,0.2
2007,London,10,55,0.182
2007,Phoenix,10,10,1.0
2007,Reece,10,6,1.667
2007,Elisha,9,6,1.5
2007,Jaime,9,5,1.8
2007,Jamie,8,19,0.421
2007,Rory,8,6,1.333
2007,Dominique,7,9,0.778
2007,Jordyn,7,59,0.119
2007,Harley,6,9,0.667
2007,Jadyn,6,17,0.353
2007,Teagan,6,13,0.462
2007,Bailey,5,51,0.098
2007,Jessie,5,6,0.833
2007,Kasey,5,15,0.333
2007,Kaylen,5,7,0.714
2007,Milan,5,9,0.556
2007,Skyler,5,15,0.333
2008,Ryan,377,17,22.176
2008,Jayden,338,23,14.696
2008,Tyler,279,14,19.929
2008,Christian,251,5,50.2
2008,Logan,236,31,7.613
2008,Dylan,233,12,19.417
2008,Gabriel,217,5,43.4
2008,Cameron,187,26,7.192
2008,Jordan,174,70,2.486
2008,Jaden,114,11,10.364
2008,Devin,96,5,19.2
2008,Hayden,74,41,1.805
2008,Zion,71,12,5.917
2008,Angel,63,43,1.465
2008,Jaylen,63,8,7.875
2008,Micah,62,8,7.75
2008,Peyton,61,94,0.649
2008,Parker,60,7,8.571
2008,Riley,58,95,0.611
2008,Jaiden,53,15,3.533
2008,Avery,35,64,0.547
2008,Kayden,35,17,2.059
2008,Amari,29,18,1.611
2008,Camden,29,5,5.8
2008,Cayden,28,6,4.667
2008,Rowan,24,15,1.6
2008,Kamari,23,11,2.091
2008,Quinn,23,11,2.091
2008,Taylor,22,234,0.094
2008,Alexis,20,149,0.134
2008,Ariel,20,34,0.588
2008,Kendall,17,75,0.227
2008,Dakota,15,41,0.366
2008,Emerson,15,16,0.938
2008,Jaylin,15,13,1.154
2008,Casey,14,17,0.824
2008,Marley,13,31,0.419
2008,Payton,13,65,0.2
2008,August,11,5,2.2
2008,Justice,10,14,0.714
2008,Addison,9,141,0.064
2008,Jaidyn,8,11,0.727
2008,Jamie,8,17,0.471
2008,London,8,96,0.083
2008,Morgan,8,151,0.053
2008,Rory,8,6,1.333
2008,Skyler,8,17,0.471
2008,Phoenix,7,11,0.636
2008,Sidney,7,9,0.778
2008,Charlie,6,11,0.545
2008,Emery,6,7,0.857
2008,Kylee,6,17,0.353
2008,Reese,6,41,0.146
2008,Shiloh,6,5,1.2
2008,Skylar,6,49,0.122
2008,Camryn,5,45,0.111
2008,Dominique,5,11,0.455
2008,Harley,5,8,0.625
2008,Kamryn,5,33,0.152
2008,Kelly,5,31,0.161
2008,Milan,5,14,0.357
2008,Reagan,5,58,0.086
2008,Reilly,5,7,0.714
2008,Sasha,5,28,0.179
2008,Semaj,5,6,0.833
2009,Jayden,347,33,10.515
2009,Ryan,309,16,19.312
2009,Christian,254,5,50.8
2009,Logan,243,45,5.4
2009,Dylan,232,20,11.6
2009,Chase,194,6,32.333
2009,Gabriel,194,6,32.333
2009,Jordan,156,62,2.516
2009,Cameron,154,11,14.0
2009,Aidan,109,5,21.8
2009,Blake,94,9,10.444
2009,Jaden,88,13,6.769
2009,Angel,84,48,1.75
2009,Parker,66,6,11.0
2009,Zion,64,13,4.923
2009,Hayden,59,46,1.283
2009,Jaylen,59,6,9.833
2009,Riley,59,106,0.557
2009,Micah,52,14,3.714
2009,Peyton,52,120,0.433
2009,Camden,51,8,6.375
2009,Kayden,49,29,1.69
2009,Kai,45,10,4.5
2009,Amari,44,16,2.75
2009,Jaiden,41,13,3.154
2009,Avery,37,70,0.529
2009,Alexis,31,157,0.197
2009,Quinn,29,12,2.417
2009,Kamari,24,9,2.667
2009,Kameron,23,5,4.6
2009,Jaylin,21,13,1.615
2009,Ariel,19,23,0.826
2009,Emerson,19,13,1.462
2009,Justice,16,14,1.143
2009,Drew,14,6,2.333
2009,Skyler,14,18,0.778
2009,Payton,13,67,0.194
2009,Kamryn,12,38,0.316
2009,Marley,12,31,0.387
2009,Dakota,11,22,0.5
2009,Khamari,11,5,2.2
2009,Rowan,11,9,1.222
2009,Morgan,10,116,0.086
2009,Taylor,10,209,0.048
2009,Zyon,10,5,2.0
2009,Dominique,9,9,1.0
2009,Jamie,9,24,0.375
2009,Kendall,9,76,0.118
2009,Camryn,8,46,0.174
2009,Casey,8,18,0.444
2009,Jaime,8,8,1.0
2009,Noel,8,8,1.0
2009,Arden,7,9,0.778
2009,Aubrey,7,86,0.081
2009,Emery,7,10,0.7
2009,Finley,7,9,0.778
2009,London,7,118,0.059
2009,Skylar,7,51,0.137
2009,Bailey,6,49,0.122
2009,Harley,6,10,0.6
2009,Harper,6,29,0.207
2009,Jaedyn,6,5,1.2
2009,Kiran,6,6,1.0
2009,Phoenix,6,10,0.6
2009,River,6,5,1.2
2009,Semaj,6,5,1.2
2009,Addison,5,151,0.033
2009,Armani,5,11,0.455
2009,Eden,5,42,0.119
2009,Jordyn,5,55,0.091
2009,Reese,5,35,0.143
2009,Sage,5,14,0.357
2010,Ryan,307,19,16.158
2010,Jayden,296,23,12.87
2010,Logan,262,42,6.238
2010,Tyler,253,11,23.0
2010,Christian,244,6,40.667
2010,Dylan,200,19,10.526
2010,Cameron,183,26,7.038
2010,Carter,155,9,17.222
2010,Jordan,144,48,3.0
2010,Tristan,97,5,19.4
2010,Jaden,94,5,18.8
2010,Ayden,91,6,15.167
2010,Devin,85,6,14.167
2010,Zion,75,20,3.75
2010,Micah,71,13,5.462
2010,Parker,69,10,6.9
2010,Angel,68,52,1.308
2010,Grayson,63,5,12.6
2010,Jaiden,57,9,6.333
2010,Hayden,56,29,1.931
2010,Kayden,55,27,2.037
2010,Camden,53,9,5.889
2010,Riley,52,113,0.46
2010,Jaylen,49,6,8.167
2010,Kai,48,8,6.0
2010,Amari,46,17,2.706
2010,Avery,44,104,0.423
2010,Cayden,43,5,8.6
2010,Peyton,39,124,0.315
2010,Kaiden,36,5,7.2
2010,Quinn,30,32,0.938
2010,Rylan,28,7,4.0
2010,Rowan,21,12,1.75
2010,Skyler,20,11,1.818
2010,Taylor,20,150,0.133
2010,Tristen,18,5,3.6
2010,Charlie,17,13,1.308
2010,Karter,17,5,3.4
2010,Alexis,16,124,0.129
2010,Emerson,15,12,1.25
2010,Dallas,13,9,1.444
2010,Jaylin,13,15,0.867
2010,Name,13,11,1.182
2010,Dakota,12,33,0.364
2010,Kendall,12,66,0.182
2010,Sincere,12,5,2.4
2010,Justice,11,9,1.222
2010,Semaj,11,5,2.2
2010,Kamryn,10,28,0.357
2010,Phoenix,10,10,1.0
2010,Ariel,9,35,0.257
2010,Finley,9,18,0.5
2010,Payton,9,88,0.102
2010,Child,8,5,1.6
2010,Morgan,8,100,0.08
2010,Skylar,8,55,0.145
2010,Casey,7,21,0.333
2010,Jamie,7,26,0.269
2010,Kennedy,7,71,0.099
2010,Marley,7,21,0.333
2010,Reese,7,35,0.2
2010,Camryn,6,34,0.176
2010,Dominique,6,7,0.857
2010,Jaidyn,6,8,0.75
2010,Kasey,6,7,0.857
2010,Shiloh,6,13,0.462
2010,Teagan,6,24,0.25
2010,Tegan,6,7,0.857
2010,Aubrey,5,94,0.053
2010,Blair,5,6,0.833
2010,Channing,5,6,0.833
2010,Divine,5,6,0.833
2010,Harper,5,34,0.147
2010,Jordyn,5,58,0.086
2010,Kendal,5,13,0.385
2010,London,5,110,0.045
2010,Lyric,5,29,0.172
2010,Noel,5,11,0.455
2010,Sidney,5,6,0.833
2011,Ryan,311,14,22.214
2011,Jayden,281,12,23.417
2011,Logan,233,35,6.657
2011,Christian,209,7,29.857
2011,Dylan,208,16,13.0
2011,Tyler,204,7,29.143
2011,Cameron,174,19,9.158
2011,Chase,173,6,28.833
2011,Carter,157,7,22.429
2011,Blake,128,7,18.286
2011,Jordan,126,40,3.15
2011,Jaden,97,6,16.167
2011,Bryce,88,7,12.571
2011,Hunter,88,7,12.571
2011,Adrian,79,5,15.8
2011,Parker,76,7,10.857
2011,Micah,75,9,8.333
2011,Zion,73,21,3.476
2011,Kayden,68,17,4.0
2011,Angel,67,47,1.426
2011,Hayden,62,42,1.476
2011,Camden,61,9,6.778
2011,Riley,57,118,0.483
2011,Cayden,47,5,9.4
2011,Jaylen,47,5,9.4
2011,Amari,46,21,2.19
2011,Kai,45,8,5.625
2011,Peyton,40,94,0.426
2011,Avery,35,110,0.318
2011,Jaiden,35,10,3.5
2011,Rylan,31,6,5.167
2011,Kamari,29,5,5.8
2011,Child,28,24,1.167
2011,Dallas,21,7,3.0
2011,Alexis,20,111,0.18
2011,Casey,20,11,1.818
2011,Emerson,20,18,1.111
2011,Kendall,19,71,0.268
2011,Quinn,19,43,0.442
2011,Rowan,19,12,1.583
2011,Skyler,17,13,1.308
2011,Ari,16,5,3.2
2011,Taylor,16,138,0.116
2011,Payton,13,70,0.186
2011,Phoenix,11,9,1.222
2011,Dominique,10,5,2.0
2011,Morgan,10,106,0.094
2011,Ariel,9,23,0.391
2011,Dakota,9,17,0.529
2011,Emory,9,5,1.8
2011,Aubrey,8,143,0.056
2011,Charlie,8,12,0.667
2011,Finley,8,16,0.5
2011,Jaylin,8,11,0.727
2011,London,8,111,0.072
2011,Noel,8,7,1.143
2011,Semaj,8,5,1.6
2011,Jamie,7,14,0.5
2011,Jordyn,7,58,0.121
2011,Kamryn,7,23,0.304
2011,Reese,7,34,0.206
2011,Camryn,6,37,0.162
2011,Eden,6,33,0.182
2011,Marley,6,20,0.3
2011,Reagan,6,55,0.109
2011,Arya,5,5,1.0
2011,Gianni,5,5,1.0
2011,Justice,5,15,0.333
2011,Presley,5,8,0.625
2011,River,5,6,0.833
2011,Shiloh,5,12,0.417
2011,Sidney,5,5,1.0
2011,Teagan,5,29,0.172
2012,Ryan,240,19,12.632
2012,Logan,234,54,4.333
2012,Jayden,220,10,22.0
2012,Dylan,202,18,11.222
2012,Carter,177,9,19.667
2012,Christian,177,9,19.667
2012,Cameron,169,14,12.071
2012,Tyler,164,6,27.333
2012,Chase,153,10,15.3
2012,Blake,145,16,9.062
2012,Jordan,138,32,4.312
2012,Hunter,117,5,23.4
2012,Camden,101,12,8.417
2012,Grayson,97,5,19.4
2012,Micah,93,7,13.286
2012,Kayden,90,28,3.214
2012,Parker,88,19,4.632
2012,Tristan,76,5,15.2
2012,Angel,75,39,1.923
2012,Jaden,63,5,12.6
2012,Zion,63,17,3.706
2012,Kaiden,60,5,12.0
2012,Amari,47,16,2.938
2012,Kai,45,6,7.5
2012,Child,41,24,1.708
2012,Hayden,41,28,1.464
2012,Jaylen,40,6,6.667
2012,Riley,40,119,0.336
2012,Rylan,37,7,5.286
2012,Avery,35,125,0.28
2012,Karter,33,5,6.6
2012,Peyton,33,94,0.351
2012,Drew,30,9,3.333
2012,Rowan,26,15,1.733
2012,Dallas,23,7,3.286
2012,Kamari,23,6,3.833
2012,Emerson,20,11,1.818
2012,Keegan,18,5,3.6
2012,Alexis,17,112,0.152
2012,Quinn,17,44,0.386
2012,Skyler,17,14,1.214
2012,Charlie,16,16,1.0
2012,Reese,16,51,0.314
2012,Dakota,14,27,0.519
2012,Kamryn,14,23,0.609
2012,Kendall,14,65,0.215
2012,Payton,14,52,0.269
2012,Rory,12,5,2.4
2012,Ari,11,6,1.833
2012,Ariel,11,34,0.324
2012,Noel,11,10,1.1
2012,Camryn,10,19,0.526
2012,Justice,10,15,0.667
2012,Finley,9,17,0.529
2012,Kristian,8,5,1.6
2012,Marley,8,25,0.32
2012,River,8,7,1.143
2012,Eden,7,27,0.259
2012,Jamie,7,14,0.5
2012,Morgan,7,101,0.069
2012,Phoenix,7,9,0.778
2012,Semaj,7,5,1.4
2012,Dominique,6,9,0.667
2012,Elisha,6,5,1.2
2012,Harper,6,139,0.043
2012,Jordyn,6,59,0.102
2012,Sidney,6,5,1.2
2012,Taylor,6,125,0.048
2012,Camdyn,5,6,0.833
2012,Casey,5,13,0.385
2012,Chayse,5,5,1.0
2012,Jessie,5,8,0.625
2012,Kennedy,5,85,0.059
2012,Mckinley,5,6,0.833
2012,Rylee,5,47,0.106
2012,Sage,5,13,0.385
2012,Skylar,5,102,0.049
2012,Tatum,5,16,0.312
2013,Logan,243,39,6.231
2013,Ryan,238,19,12.526
2013,Dylan,231,19,12.158
2013,Jayden,222,12,18.5
2013,Carter,174,11,15.818
2013,Chase,174,9,19.333
2013,Camden,158,14,11.286
2013,Cameron,157,17,9.235
2013,Tyler,145,7,20.714
2013,Hunter,141,6,23.5
2013,Blake,131,17,7.706
2013,Bryce,114,5,22.8
2013,Jordan,112,32,3.5
2013,Kayden,96,11,8.727
2013,Parker,89,26,3.423
2013,Zion,63,9,7.0
2013,Alex,56,5,11.2
2013,Angel,51,31,1.645
2013,Riley,50,126,0.397
2013,Kai,46,6,7.667
2013,Sawyer,45,8,5.625
2013,Hayden,44,27,1.63
2013,Cayden,39,5,7.8
2013,Amari,37,16,2.312
2013,Avery,37,139,0.266
2013,Drew,36,13,2.769
2013,Peyton,31,107,0.29
2013,Elliott,30,5,6.0
2013,Karter,29,6,4.833
2013,Rylan,28,5,5.6
2013,Kamari,27,10,2.7
2013,Jaylen,25,8,3.125
2013,Dallas,24,16,1.5
2013,Elliot,24,5,4.8
2013,Emerson,21,33,0.636
2013,Rowan,21,13,1.615
2013,Ari,20,7,2.857
2013,Kendall,16,55,0.291
2013,Phoenix,16,10,1.6
2013,Charlie,15,32,0.469
2013,Skyler,15,15,1.0
2013,Alexis,13,72,0.181
2013,Jaime,13,5,2.6
2013,Ali,12,5,2.4
2013,Elisha,12,5,2.4
2013,Finley,12,24,0.5
2013,Rory,12,5,2.4
2013,Justice,11,26,0.423
2013,Taylor,11,100,0.11
2013,Kamryn,10,19,0.526
2013,Skylar,10,112,0.089
2013,Ariel,9,27,0.333
2013,Casey,9,14,0.643
2013,Harley,9,11,0.818
2013,Noel,9,5,1.8
2013,Payton,9,44,0.205
2013,Sage,9,16,0.562
2013,Chandler,8,7,1.143
2013,Eden,8,57,0.14
2013,Marley,8,24,0.333
2013,Quinn,8,39,0.205
2013,Aubrey,7,151,0.046
2013,Emery,7,16,0.438
2013,Jael,7,5,1.4
2013,Jamie,7,13,0.538
2013,Morgan,7,80,0.088
2013,Armani,6,8,0.75
2013,Braylin,6,5,1.2
2013,Camryn,6,19,0.316
2013,Reese,6,37,0.162
2013,Teagan,6,20,0.3
2013,Camdyn,5,6,0.833
2013,Kennedy,5,92,0.054
2013,Leighton,5,5,1.0
2013,Sidney,5,6,0.833
2014,Noah,324,6,54.0
2014,Logan,303,64,4.734
2014,Carter,249,14,17.786
2014,Dylan,249,12,20.75
2014,Ryan,209,26,8.038
2014,Cameron,178,10,17.8
2014,Christian,167,5,33.4
2014,Chase,165,5,33.0
2014,Camden,135,10,13.5
2014,Tyler,127,7,18.143
2014,Hunter,117,8,14.625
2014,Jordan,113,28,4.036
2014,Blake,108,23,4.696
2014,Parker,97,20,4.85
2014,Kayden,96,13,7.385
2014,Micah,82,7,11.714
2014,Karter,68,12,5.667
2014,Kaiden,67,5,13.4
2014,Angel,64,32,2.0
2014,Zion,53,6,8.833
2014,Riley,49,103,0.476
2014,Alex,46,7,6.571
2014,Amari,41,9,4.556
2014,Kai,41,6,6.833
2014,Elliott,39,7,5.571
2014,Hayden,38,34,1.118
2014,Peyton,38,91,0.418
2014,Avery,35,156,0.224
2014,Dallas,35,24,1.458
2014,Sawyer,30,7,4.286
2014,Kamari,24,13,1.846
2014,Rowan,23,14,1.643
2014,August,22,5,4.4
2014,Charlie,22,17,1.294
2014,Drew,19,9,2.111
2014,Quinn,19,73,0.26
2014,Ari,18,7,2.571
2014,Emerson,18,27,0.667
2014,Rory,18,7,2.571
2014,Finley,15,19,0.789
2014,Morgan,15,92,0.163
2014,River,15,5,3.0
2014,Ellis,12,5,2.4
2014,Milan,12,27,0.444
2014,Harlem,11,5,2.2
2014,Harper,11,164,0.067
2014,Justice,10,15,0.667
2014,Skyler,10,25,0.4
2014,Alexis,9,66,0.136
2014,Kendall,9,52,0.173
2014,Taylor,9,84,0.107
2014,Camryn,8,24,0.333
2014,Casey,8,8,1.0
2014,Dakota,8,36,0.222
2014,Eden,8,47,0.17
2014,Phoenix,8,15,0.533
2014,Royal,8,11,0.727
2014,Marley,7,27,0.259
2014,Noel,7,8,0.875
2014,Reese,7,38,0.184
2014,Sage,7,18,0.389
2014,Skylar,7,148,0.047
2014,Ariel,6,46,0.13
2014,Armani,6,7,0.857
2014,Blair,6,8,0.75
2014,Chandler,6,5,1.2
2014,London,6,86,0.07
2014,Remy,6,5,1.2
2014,Divine,5,7,0.714
2014,Dominique,5,6,0.833
2014,Emery,5,25,0.2
2014,Harley,5,17,0.294
2014,Jamie,5,14,0.357
2014,Jordyn,5,60,0.083
2014,Kamdyn,5,5,1.0
2014,Kamryn,5,19,0.263
2014,Kasey,5,6,0.833
2014,Payton,5,49,0.102
2014,Rylee,5,38,0.132
2015,Logan,324,53,6.113
2015,Dylan,244,28,8.714
2015,Ryan,206,23,8.957
2015,Carter,199,14,14.214
2015,Jayden,180,5,36.0
2015,Chase,169,5,33.8
2015,Cameron,162,15,10.8
2015,Camden,147,8,18.375
2015,Grayson,138,6,23.0
2015,Austin,134,7,19.143
2015,Jordan,116,28,4.143
2015,Tyler,111,10,11.1
2015,Blake,105,20,5.25
2015,Parker,100,33,3.03
2015,Asher,79,6,13.167
2015,Micah,70,6,11.667
2015,Kayden,69,7,9.857
2015,Angel,66,28,2.357
2015,Kai,61,5,12.2
2015,Avery,59,143,0.413
2015,Karter,55,10,5.5
2015,Zion,54,10,5.4
2015,Sawyer,51,18,2.833
2015,Riley,50,125,0.4
2015,Amari,48,14,3.429
2015,August,45,6,7.5
2015,Cayden,42,5,8.4
2015,Jayce,38,6,6.333
2015,Alex,37,6,6.167
2015,Dallas,32,19,1.684
2015,Elliott,31,8,3.875
2015,Peyton,30,66,0.455
2015,Emerson,29,29,1.0
2015,Hayden,27,29,0.931
2015,Rowan,26,25,1.04
2015,Charlie,25,31,0.806
2015,Drew,23,12,1.917
2015,Elliot,22,7,3.143
2015,Remington,20,6,3.333
2015,Quinn,19,78,0.244
2015,River,19,11,1.727
2015,Royal,19,11,1.727
2015,Finley,16,31,0.516
2015,Rory,16,5,3.2
2015,Ariel,15,33,0.455
2015,Justice,15,13,1.154
2015,Alexis,13,53,0.245
2015,Ellis,11,6,1.833
2015,Emory,11,6,1.833
2015,Harlem,11,7,1.571
2015,Marley,11,27,0.407
2015,Dakota,10,45,0.222
2015,Amen,9,8,1.125
2015,Casey,9,12,0.75
2015,Eden,9,40,0.225
2015,London,9,78,0.115
2015,Remy,9,9,1.0
2015,Blair,8,16,0.5
2015,Elisha,8,5,1.6
2015,Harley,8,17,0.471
2015,Harper,8,182,0.044
2015,Milan,8,20,0.4
2015,Montana,8,7,1.143
2015,Phoenix,8,13,0.615
2015,Skyler,8,19,0.421
2015,Taylor,8,83,0.096
2015,Aubrey,7,138,0.051
2015,Morgan,7,88,0.08
2015,Tatum,7,10,0.7
2015,Jamie,6,26,0.231
2015,Kennedy,6,98,0.061
2015,Noel,6,12,0.5
2015,Arden,5,14,0.357
2015,Haven,5,11,0.455
2015,Kelly,5,10,0.5
2015,Kendall,5,48,0.104
2015,Rian,5,6,0.833
2015,Robin,5,5,1.0
2015,Sage,5,15,0.333
2015,Sidney,5,5,1.0
2015,Skylar,5,158,0.032
2016,Dylan,267,18,14.833
2016,Logan,237,43,5.512
2016,Carter,204,13,15.692
2016,Ryan,197,29,6.793
2016,Jayden,166,5,33.2
2016,Cameron,148,18,8.222
2016,Chase,143,8,17.875
2016,Christian,138,7,19.714
2016,Camden,119,17,7.0
2016,Tyler,100,8,12.5
2016,Jordan,88,18,4.889
2016,Tristan,83,6,13.833
2016,Blake,82,29,2.828
2016,Micah,80,6,13.333
2016,Angel,75,34,2.206
2016,Parker,73,19,3.842
2016,Kayden,71,12,5.917
2016,Kai,70,6,11.667
2016,Carson,68,5,13.6
2016,Zion,65,12,5.417
2016,Karter,58,14,4.143
2016,Jayce,52,5,10.4
2016,Amari,49,21,2.333
2016,Sawyer,49,21,2.333
2016,Rowan,46,33,1.394
2016,August,38,6,6.333
2016,Elliott,38,11,3.455
2016,Emerson,35,39,0.897
2016,Quinn,35,80,0.438
2016,Hayden,33,18,1.833
2016,Avery,32,133,0.241
2016,Dallas,30,21,1.429
2016,Elliot,29,7,4.143
2016,Peyton,28,73,0.384
2016,Kamari,26,5,5.2
2016,Riley,25,145,0.172
2016,Rylan,23,11,2.091
2016,Ari,22,10,2.2
2016,Drew,22,15,1.467
2016,Finley,22,27,0.815
2016,Remington,22,5,4.4
2016,Charlie,21,29,0.724
2016,Keegan,15,5,3.0
2016,River,15,14,1.071
2016,Phoenix,14,19,0.737
2016,Kendall,13,40,0.325
2016,Kingsley,13,5,2.6
2016,Remy,13,6,2.167
2016,Zyaire,13,5,2.6
2016,Alexis,12,43,0.279
2016,Ariel,12,26,0.462
2016,Rory,12,9,1.333
2016,Royal,12,20,0.6
2016,Skyler,12,23,0.522
2016,Lennox,11,8,1.375
2016,Noel,11,5,2.2
2016,Eden,10,47,0.213
2016,Ellis,10,6,1.667
2016,Justice,10,6,1.667
2016,Sage,10,26,0.385
2016,Taylor,10,94,0.106
2016,Morgan,9,62,0.145
2016,Shiloh,9,7,1.286
2016,Skylar,9,148,0.061
2016,Camryn,8,18,0.444
2016,Casey,8,12,0.667
2016,Dakota,8,58,0.138
2016,Lennon,8,5,1.6
2016,Chandler,7,6,1.167
2016,Harper,7,204,0.034
2016,Khari,7,5,1.4
2016,London,7,49,0.143
2016,Milan,7,17,0.412
2016,Austyn,6,6,1.0
2016,Blair,6,11,0.545
2016,Miracle,6,17,0.353
2016,Sidney,6,6,1.0
2016,Azariah,5,8,0.625
2016,Denver,5,11,0.455
2016,Egypt,5,14,0.357
2016,Emery,5,23,0.217
2016,Kamryn,5,26,0.192
2016,Marley,5,29,0.172
2016,Payton,5,29,0.172
2016,Presley,5,17,0.294
2016,Reagan,5,61,0.082
2016,Tegan,5,5,1.0
2017,Logan,282,54,5.222
2017,Dylan,265,27,9.815
2017,Carter,192,11,17.455
2017,Ryan,166,29,5.724
2017,Jayden,152,5,30.4
2017,Cameron,127,16,7.938
2017,Hunter,113,6,18.833
2017,Micah,94,10,9.4
2017,Camden,90,6,15.0
2017,Angel,86,23,3.739
2017,Blake,83,36,2.306
2017,Kayden,79,6,13.167
2017,Jordan,77,12,6.417
2017,Tyler,73,6,12.167
2017,Parker,72,25,2.88
2017,Ashton,65,7,9.286
2017,Zion,62,10,6.2
2017,Ayden,54,5,10.8
2017,Rowan,53,34,1.559
2017,Sawyer,52,15,3.467
2017,Kai,51,13,3.923
2017,Amari,46,10,4.6
2017,Avery,41,127,0.323
2017,Karter,38,16,2.375
2017,Dallas,37,12,3.083
2017,Elliott,36,6,6.0
2017,Hayden,33,29,1.138
2017,Elliot,27,9,3.0
2017,Charlie,25,39,0.641
2017,Jesse,25,5,5.0
2017,Jaylen,23,6,3.833
2017,Phoenix,23,21,1.095
2017,Kamari,22,6,3.667
2017,Peyton,22,51,0.431
2017,Ari,21,7,3.0
2017,Emerson,20,27,0.741
2017,Finley,20,33,0.606
2017,Riley,20,137,0.146
2017,Drew,19,9,2.111
2017,Remington,19,9,2.111
2017,River,19,20,0.95
2017,Noel,18,7,2.571
2017,Ellis,17,6,2.833
2017,Justice,15,17,0.882
2017,Reese,14,29,0.483
2017,Alexis,13,32,0.406
2017,Emory,13,6,2.167
2017,Royal,13,11,1.182
2017,Rowen,12,5,2.4
2017,Ariel,11,33,0.333
2017,Dakota,11,41,0.268
2017,Marley,11,29,0.379
2017,Quinn,11,68,0.162
2017,Rory,11,10,1.1
2017,Skyler,11,17,0.647
2017,Eden,9,32,0.281
2017,Shiloh,9,15,0.6
2017,Genesis,8,145,0.055
2017,Milan,8,24,0.333
2017,Sage,8,27,0.296
2017,Taylor,8,66,0.121
2017,Amen,7,9,0.778
2017,Harper,7,193,0.036
2017,Jamie,7,5,1.4
2017,Chandler,6,7,0.857
2017,Harley,6,26,0.231
2017,Morgan,6,52,0.115
2017,Rylee,6,33,0.182
2017,Sevyn,6,11,0.545
2017,Sidney,6,5,1.2
2017,Aubrey,5,111,0.045
2017,Blair,5,17,0.294
2017,Denim,5,5,1.0
2017,Denver,5,11,0.455
2017,Kamryn,5,22,0.227
2017,Nova,5,57,0.088
2017,Presley,5,16,0.312
2018,Dylan,262,21,12.476
2018,Logan,246,31,7.935
2018,Mason,240,5,48.0
2018,Carter,189,17,11.118
2018,Gabriel,166,5,33.2
2018,Ryan,148,29,5.103
2018,Chase,108,5,21.6
2018,Cameron,96,23,4.174
2018,Micah,94,8,11.75
2018,Carson,92,6,15.333
2018,Jordan,88,19,4.632
2018,Kayden,79,6,13.167
2018,Angel,77,33,2.333
2018,Camden,76,6,12.667
2018,Ashton,73,6,12.167
2018,Parker,72,33,2.182
2018,Zion,68,9,7.556
2018,Kai,67,8,8.375
2018,Tyler,67,11,6.091
2018,Blake,65,27,2.407
2018,Avery,56,131,0.427
2018,Elliott,53,7,7.571
2018,Rowan,53,30,1.767
2018,Amari,52,19,2.737
2018,Karter,41,10,4.1
2018,Sawyer,38,26,1.462
2018,Kamari,34,6,5.667
2018,Dallas,30,14,2.143
2018,Emerson,29,34,0.853
2018,Hayden,27,28,0.964
2018,Riley,25,138,0.181
2018,Finley,22,21,1.048
2018,Charlie,21,28,0.75
2018,River,21,17,1.235
2018,Ari,20,13,1.538
2018,Remington,20,8,2.5
2018,Phoenix,19,25,0.76
2018,Alexis,17,29,0.586
2018,Reese,17,29,0.586
2018,Rory,17,15,1.133
2018,Sage,17,16,1.062
2018,Casey,15,10,1.5
2018,Drew,15,8,1.875
2018,Peyton,15,53,0.283
2018,Royal,14,7,2.0
2018,Ariel,13,26,0.5
2018,Taylor,13,57,0.228
2018,Eden,12,45,0.267
2018,Emory,12,13,0.923
2018,Lennox,11,5,2.2
2018,Milan,11,28,0.393
2018,Dakota,10,42,0.238
2018,Kendall,10,25,0.4
2018,Quinn,10,53,0.189
2018,Tatum,10,8,1.25
2018,Justice,9,11,0.818
2018,Morgan,9,56,0.161
2018,Skyler,9,7,1.286
2018,Chandler,8,7,1.143
2018,Marley,8,34,0.235
2018,Remy,8,7,1.143
2018,Sevyn,8,15,0.533
2018,Jamie,7,10,0.7
2018,Shiloh,7,14,0.5
2018,Genesis,6,144,0.042
2018,Harlem,6,7,0.857
2018,Kamryn,6,26,0.231
2018,Karsyn,6,8,0.75
2018,Noel,6,6,1.0
2018,Nova,6,88,0.068
2018,Rowen,6,5,1.2
2018,Amen,5,13,0.385
2018,Aubrey,5,114,0.044
2018,Camryn,5,20,0.25
2018,Denver,5,7,0.714
2018,Harper,5,182,0.027
2018,Reagan,5,68,0.074
2018,Sidney,5,6,0.833
2018,True,5,5,1.0
2019,Noah,350,5,70.0
2019,Logan,209,26,8.038
2019,Dylan,202,12,16.833
2019,Carter,150,18,8.333
2019,Ryan,132,20,6.6
2019,Cameron,107,8,13.375
2019,Austin,102,7,14.571
2019,Hunter,96,11,8.727
2019,Micah,93,8,11.625
2019,Camden,85,5,17.0
2019,Angel,84,19,4.421
2019,Jordan,74,13,5.692
2019,Kai,66,6,11.0
2019,Amari,64,23,2.783
2019,Ashton,63,5,12.6
2019,Parker,63,34,1.853
2019,Tyler,62,7,8.857
2019,Karter,54,15,3.6
2019,Avery,51,111,0.459
2019,Ryder,48,6,8.0
2019,Blake,47,26,1.808
2019,Rowan,47,26,1.808
2019,August,45,6,7.5
2019,Sawyer,43,15,2.867
2019,Elliott,37,9,4.111
2019,Dallas,35,10,3.5
2019,Cairo,33,5,6.6
2019,Kamari,31,10,3.1
2019,Riley,31,110,0.282
2019,Lennox,30,7,4.286
2019,River,27,16,1.688
2019,Charlie,25,36,0.694
2019,Hayden,25,22,1.136
2019,Emerson,24,26,0.923
2019,Elliot,23,8,2.875
2019,Finley,22,19,1.158
2019,Phoenix,21,26,0.808
2019,Remington,20,11,1.818
2019,Alexis,17,18,0.944
2019,Denver,16,13,1.231
2019,Dakota,15,35,0.429
2019,Royal,15,17,0.882
2019,Ari,14,12,1.167
2019,Drew,14,8,1.75
2019,Noel,14,8,1.75
2019,Peyton,13,56,0.232
2019,Ariel,11,22,0.5
2019,Harlem,11,6,1.833
2019,Milan,11,22,0.5
2019,Quinn,11,55,0.2
2019,Rory,11,8,1.375
2019,Emery,10,33,0.303
2019,Eden,9,30,0.3
2019,Khari,9,15,0.6
2019,Oakley,9,11,0.818
2019,Remy,9,8,1.125
2019,Amen,8,5,1.6
2019,Armani,8,5,1.6
2019,Genesis,8,160,0.05
2019,Justice,8,15,0.533
2019,Yael,8,5,1.6
2019,Azariah,7,8,0.875
2019,Kendall,7,26,0.269
2019,Shiloh,7,18,0.389
2019,Tatum,7,12,0.583
2019,Blair,6,11,0.545
2019,Emory,6,11,0.545
2019,Jamie,6,11,0.545
2019,Journey,6,28,0.214
2019,Lennon,6,7,0.857
2019,London,6,37,0.162
2019,Robin,6,5,1.2
2019,Skyler,6,18,0.333
2019,Taylor,6,58,0.103
2019,Aubrey,5,94,0.053
2019,Ayomide,5,5,1.0
2019,Bailey,5,36,0.139
2019,Carsyn,5,5,1.0
2019,Daylin,5,5,1.0
2019,Harper,5,173,0.029
2019,Legacy,5,7,0.714
2019,Morgan,5,49,0.102
2019,Onyx,5,5,1.0
2019,Paris,5,12,0.417
2019,Sage,5,22,0.227
2019,Sevyn,5,9,0.556
2019,Teagan,5,43,0.116
2020,Noah,353,7,50.429
2020,Dylan,188,14,13.429
2020,Logan,177,26,6.808
2020,Cameron,128,18,7.111
2020,Ryan,117,21,5.571
2020,Carter,115,17,6.765
2020,Hunter,89,8,11.125
2020,Angel,79,17,4.647
2020,Kayden,79,5,15.8
2020,Jordan,76,15,5.067
2020,Zion,73,9,8.111
2020,Kai,71,8,8.875
2020,Micah,68,5,13.6
2020,Parker,68,48,1.417
2020,Amari,66,25,2.64
2020,Tyler,57,5,11.4
2020,Ashton,52,7,7.429
2020,Elliott,50,9,5.556
2020,August,48,6,8.0
2020,Rowan,48,24,2.0
2020,Karter,47,8,5.875
2020,Hayden,35,20,1.75
2020,Blake,34,24,1.417
2020,Avery,32,122,0.262
2020,River,29,21,1.381
2020,Sawyer,29,14,2.071
2020,Alex,28,6,4.667
2020,Charlie,28,30,0.933
2020,Kamari,28,7,4.0
2020,Elliot,27,5,5.4
2020,Phoenix,27,24,1.125
2020,Dallas,25,10,2.5
2020,Emerson,21,29,0.724
2020,Remington,19,9,2.111
2020,Riley,19,120,0.158
2020,Dakota,18,33,0.545
2020,Royal,18,19,0.947
2020,Tru,18,8,2.25
2020,Emory,17,13,1.308
2020,Ari,16,23,0.696
2020,Finley,16,24,0.667
2020,Casey,15,9,1.667
2020,Ellis,15,5,3.0
2020,Alexis,14,20,0.7
2020,Gianni,14,11,1.273
2020,Reign,14,20,0.7
2020,Sage,14,32,0.438
2020,Quinn,13,68,0.191
2020,Remy,13,8,1.625
2020,Khari,12,9,1.333
2020,Noel,12,5,2.4
2020,Tatum,12,15,0.8
2020,Shiloh,11,8,1.375
2020,Denver,10,9,1.111
2020,Dior,10,31,0.323
2020,Milan,10,33,0.303
2020,Rory,10,12,0.833
2020,Sevyn,10,15,0.667
2020,Teagan,10,38,0.263
2020,Amen,9,5,1.8
2020,Drew,9,10,0.9
2020,Harlem,9,5,1.8
2020,Harper,9,136,0.066
2020,Oakley,9,10,0.9
2020,Ariel,8,32,0.25
2020,Genesis,8,124,0.065
2020,Justice,8,15,0.533
2020,Legacy,8,14,0.571
2020,Morgan,8,39,0.205
2020,Armani,7,11,0.636
2020,Azariah,7,8,0.875
2020,Eden,7,35,0.2
2020,Jamie,7,8,0.875
2020,Marley,7,36,0.194
2020,Aubrey,6,84,0.071
2020,Isa,6,5,1.2
2020,Kamryn,6,17,0.353
2020,Leighton,6,8,0.75
2020,London,6,27,0.222
2020,Nova,6,91,0.066
2020,Peyton,6,57,0.105
2020,Reese,6,30,0.2
2020,Rylan,6,5,1.2
2020,Skyler,6,16,0.375
2020,Sutton,6,17,0.353
2020,True,6,7,0.857
2020,Karsyn,5,20,0.25
2020,Kennedy,5,68,0.074
2020,Layne,5,7,0.714
2020,Presley,5,13,0.385
2020,Remi,5,26,0.192
2020,Taylor,5,36,0.139
2020,Zen,5,5,1.0
2021,Noah,339,8,42.375
2021,Dylan,190,17,11.176
2021,Logan,177,48,3.688
2021,Jayden,174,5,34.8
2021,Carter,126,13,9.692
2021,Ezra,121,5,24.2
2021,Ryan,110,21,5.238
2021,Cameron,93,12,7.75
2021,Kai,83,9,9.222
2021,Angel,64,22,2.909
2021,Amari,62,25,2.48
2021,Rowan,62,27,2.296
2021,Camden,61,5,12.2
2021,Jordan,61,20,3.05
2021,Parker,56,42,1.333
2021,Tyler,56,5,11.2
2021,Blake,55,30,1.833
2021,Hunter,53,9,5.889
2021,August,50,7,7.143
2021,Jayce,45,5,9.0
2021,Ryder,44,5,8.8
2021,Karter,43,7,6.143
2021,River,43,34,1.265
2021,Hayden,38,22,1.727
2021,Kamari,36,10,3.6
2021,Avery,34,106,0.321
2021,Sawyer,33,15,2.2
2021,Alex,32,7,4.571
2021,Cairo,31,6,5.167
2021,Elliot,30,5,6.0
2021,Lennox,30,9,3.333
2021,Dallas,28,9,3.111
2021,Beckett,25,6,4.167
2021,Elliott,25,9,2.778
2021,Riley,23,102,0.225
2021,Emerson,21,30,0.7
2021,Royal,21,12,1.75
2021,Ari,20,26,0.769
2021,Charlie,20,31,0.645
2021,Ariel,18,19,0.947
2021,Finley,18,13,1.385
2021,Rory,18,9,2.0
2021,Drew,17,16,1.062
2021,Phoenix,17,19,0.895
2021,Shiloh,17,27,0.63
2021,Rylan,15,6,2.5
2021,Dakota,14,38,0.368
2021,Ellis,14,5,2.8
2021,Spencer,14,6,2.333
2021,Armani,13,14,0.929
2021,Remington,13,5,2.6
2021,Santana,13,6,2.167
2021,Tru,13,7,1.857
2021,Harlem,12,12,1.0
2021,Khari,12,8,1.5
2021,Milan,12,28,0.429
2021,Quinn,12,51,0.235
2021,Sage,12,26,0.462
2021,Sevyn,12,20,0.6
2021,Emory,11,15,0.733
2021,Reign,11,39,0.282
2021,Alexis,10,13,0.769
2021,Kingsley,10,5,2.0
2021,Morgan,10,37,0.27
2021,Azariah,9,10,0.9
2021,Genesis,9,107,0.084
2021,Justice,9,11,0.818
2021,Remy,9,5,1.8
2021,Tatum,9,11,0.818
2021,True,9,6,1.5
2021,Amiri,8,9,0.889
2021,Denim,8,5,1.6
2021,Jamie,8,11,0.727
2021,Kodi,8,7,1.143
2021,Reese,8,38,0.211
2021,Remi,8,14,0.571
2021,Denver,7,20,0.35
2021,Eden,7,45,0.156
2021,Legacy,7,17,0.412
2021,Montana,7,5,1.4
2021,Oakley,7,20,0.35
2021,Skyler,7,14,0.5
2021,Briar,6,9,0.667
2021,Dior,6,18,0.333
2021,Kelly,6,9,0.667
2021,Layne,6,8,0.75
2021,Peyton,6,51,0.118
2021,Taylor,6,35,0.171
2021,Aubrey,5,68,0.074
2021,Blair,5,22,0.227
2021,Emery,5,28,0.179
2021,Haven,5,11,0.455
2021,Jesiah,5,6,0.833
2021,Jordyn,5,25,0.2
2021,Kamryn,5,13,0.385
2021,Karsyn,5,9,0.556
2021,Lyric,5,29,0.172
2021,Marley,5,29,0.172
2021,Nova,5,109,0.046
2021,Storm,5,10,0.5
