YOB,Name,mFrequency,fFrequency,mForF
1912,John,371,5,74.2
1912,Marion,5,77,0.065
1913,Francis,70,6,11.667
1913,Merle,15,6,2.5
1913,Marion,7,83,0.084
1914,Merle,8,7,1.143
1914,Laverne,7,19,0.368
1914,Cleo,6,7,0.857
1914,Marion,6,111,0.054
1914,Luverne,5,6,0.833
1915,John,891,7,127.286
1915,William,504,5,100.8
1915,James,347,6,57.833
1915,Francis,144,5,28.8
1915,Merle,17,7,2.429
1915,Laverne,13,25,0.52
1915,Marion,12,132,0.091
1915,Luverne,6,13,0.462
1915,Clare,5,5,1.0
1915,Fay,5,9,0.556
1916,John,915,6,152.5
1916,William,556,6,92.667
1916,George,525,7,75.0
1916,Harold,428,7,61.143
1916,Raymond,346,5,69.2
1916,Francis,140,6,23.333
1916,Merle,20,11,1.818
1916,Marion,12,187,0.064
1916,Luverne,8,14,0.571
1916,Laverne,7,43,0.163
1916,Lavern,6,8,0.75
1916,Jean,5,105,0.048
1917,John,903,8,112.875
1917,Robert,813,8,101.625
1917,Raymond,377,5,75.4
1917,Harry,174,5,34.8
1917,Francis,140,10,14.0
1917,Alvin,87,5,17.4
1917,Merle,29,10,2.9
1917,Lee,16,5,3.2
1917,Laverne,13,56,0.232
1917,Lavern,11,8,1.375
1917,Marion,11,174,0.063
1917,Luverne,9,21,0.429
1917,Ardell,6,5,1.2
1917,Gayle,5,10,0.5
1918,John,962,9,106.889
1918,Donald,618,5,123.6
1918,William,578,5,115.6
1918,Walter,322,5,64.4
1918,Arnold,160,5,32.0
1918,Lee,29,6,4.833
1918,Merle,28,16,1.75
1918,Laverne,18,56,0.321
1918,Lavern,15,7,2.143
1918,Luverne,14,27,0.519
1918,Marion,13,199,0.065
1918,Clare,8,6,1.333
1918,Jean,8,148,0.054
1918,Claire,6,18,0.333
1918,Helen,5,823,0.006
1919,Robert,1041,6,173.5
1919,John,869,10,86.9
1919,Donald,608,7,86.857
1919,William,537,6,89.5
1919,James,436,6,72.667
1919,Kenneth,323,5,64.6
1919,Elmer,182,5,36.4
1919,Francis,146,8,18.25
1919,Merle,24,10,2.4
1919,Laverne,21,38,0.553
1919,Luverne,13,22,0.591
1919,Marion,11,195,0.056
1919,Fay,8,10,0.8
1919,Jean,5,169,0.03
1919,Joyce,5,89,0.056
1919,Margaret,5,641,0.008
1920,Robert,1305,8,163.125
1920,William,634,10,63.4
1920,James,536,5,107.2
1920,Francis,142,6,23.667
1920,Merle,29,20,1.45
1920,Lee,24,6,4.0
1920,Luverne,22,16,1.375
1920,Gene,21,7,3.0
1920,Lavern,18,5,3.6
1920,Laverne,16,58,0.276
1920,Marion,7,239,0.029
1920,Jean,5,195,0.026
1920,Joyce,5,104,0.048
1920,Laurel,5,5,1.0
1921,Robert,1381,8,172.625
1921,John,970,13,74.615
1921,Donald,811,5,162.2
1921,George,516,6,86.0
1921,Harry,166,5,33.2
1921,Orville,78,6,13.0
1921,Laverne,30,50,0.6
1921,Luverne,27,18,1.5
1921,Merle,25,13,1.923
1921,Marion,16,197,0.081
1921,Lavern,15,5,3.0
1921,Jean,9,241,0.037
1921,Ardell,8,6,1.333
1921,Gail,8,9,0.889
1921,Carol,5,103,0.049
1921,Frances,5,227,0.022
1921,Shirley,5,224,0.022
1922,Robert,1482,5,296.4
1922,John,1043,12,86.917
1922,Donald,898,8,112.25
1922,William,712,11,64.727
1922,James,642,6,107.0
1922,Richard,570,5,114.0
1922,George,483,6,80.5
1922,Walter,261,5,52.2
1922,Ray,60,5,12.0
1922,Merle,35,13,2.692
1922,Lee,27,6,4.5
1922,Laverne,25,53,0.472
1922,Luverne,20,17,1.176
1922,Lavern,15,6,2.5
1922,Marion,11,215,0.051
1922,Fay,6,11,0.545
1922,Jean,5,248,0.02
1923,Robert,1497,6,249.5
1923,Donald,975,6,162.5
1923,John,963,13,74.077
1923,James,661,8,82.625
1923,Harold,399,5,79.8
1923,Stanley,173,5,34.6
1923,Merle,34,6,5.667
1923,Luverne,21,16,1.312
1923,Lavern,15,6,2.5
1923,Laverne,15,52,0.288
1923,Marion,11,213,0.052
1923,Ardell,8,14,0.571
1923,Claire,7,17,0.412
1923,Jean,6,260,0.023
1923,Gail,5,6,0.833
1924,Robert,1530,12,127.5
1924,John,1012,13,77.846
1924,Donald,972,9,108.0
1924,William,740,9,82.222
1924,George,474,5,94.8
1924,Harold,426,5,85.2
1924,Thomas,248,5,49.6
1924,Ralph,185,6,30.833
1924,Elmer,121,5,24.2
1924,Virgil,81,6,13.5
1924,Luverne,29,14,2.071
1924,Gene,28,10,2.8
1924,Lee,27,7,3.857
1924,Merle,24,8,3.0
1924,Laverne,23,49,0.469
1924,Laurel,7,6,1.167
1924,Ardell,6,7,0.857
1924,Marion,6,212,0.028
1924,Carmen,5,20,0.25
1924,Gail,5,7,0.714
1924,Jean,5,284,0.018
1924,Marvel,5,22,0.227
1924,Shirley,5,399,0.013
1925,Robert,1514,18,84.111
1925,Donald,951,8,118.875
1925,John,945,8,118.125
1925,Richard,768,8,96.0
1925,James,708,6,118.0
1925,William,689,6,114.833
1925,Charles,356,6,59.333
1925,Francis,136,6,22.667
1925,Merle,38,13,2.923
1925,Luverne,24,19,1.263
1925,Laverne,20,50,0.4
1925,Lavern,17,8,2.125
1925,Marion,13,187,0.07
1925,Gail,7,9,0.778
1925,Ardell,6,11,0.545
1925,Gayle,6,7,0.857
1925,Jean,6,316,0.019
1925,Billie,5,8,0.625
1925,Clare,5,6,0.833
1925,Laurel,5,9,0.556
1926,Robert,1462,19,76.947
1926,Donald,1076,8,134.5
1926,John,969,13,74.538
1926,Richard,827,8,103.375
1926,James,721,11,65.545
1926,William,695,6,115.833
1926,Joseph,243,6,40.5
1926,Vernon,192,7,27.429
1926,Dale,121,5,24.2
1926,Gene,62,11,5.636
1926,Merle,51,10,5.1
1926,Laverne,23,57,0.404
1926,Luverne,23,11,2.091
1926,Carroll,14,7,2.0
1926,Marion,10,186,0.054
1926,Lavern,9,6,1.5
1926,Marlyn,8,8,1.0
1926,Ardell,6,9,0.667
1926,Beverly,6,206,0.029
1926,Cleo,6,10,0.6
1926,Gayle,5,8,0.625
1926,Laurel,5,13,0.385
1927,Robert,1407,15,93.8
1927,Donald,1133,8,141.625
1927,Richard,882,11,80.182
1927,James,769,9,85.444
1927,William,677,8,84.625
1927,Thomas,275,5,55.0
1927,Gerald,241,5,48.2
1927,Francis,110,6,18.333
1927,Gene,65,10,6.5
1927,Luverne,27,13,2.077
1927,Laverne,26,46,0.565
1927,Laurel,17,20,0.85
1927,Lavern,16,7,2.286
1927,Marion,10,154,0.065
1927,Carol,8,146,0.055
1927,Claire,6,13,0.462
1927,Joyce,5,336,0.015
1928,Robert,1279,12,106.583
1928,Donald,1108,11,100.727
1928,John,890,16,55.625
1928,Richard,883,8,110.375
1928,James,813,9,90.333
1928,William,639,9,71.0
1928,Kenneth,377,7,53.857
1928,Harold,301,6,50.167
1928,Gene,83,6,13.833
1928,Merle,41,5,8.2
1928,Jerry,33,6,5.5
1928,Lee,24,8,3.0
1928,Laverne,22,48,0.458
1928,Luverne,13,18,0.722
1928,Gayle,9,10,0.9
1928,Pat,8,6,1.333
1928,Claire,7,15,0.467
1928,Marion,7,183,0.038
1928,Mary,7,889,0.008
1928,Ardell,5,11,0.455
1928,Jean,5,305,0.016
1928,Laurel,5,10,0.5
1929,Robert,1349,17,79.353
1929,Donald,1111,17,65.353
1929,Richard,912,8,114.0
1929,John,911,11,82.818
1929,James,800,9,88.889
1929,Kenneth,373,7,53.286
1929,Charles,344,5,68.8
1929,George,302,6,50.333
1929,Harold,286,6,47.667
1929,Marvin,196,5,39.2
1929,Gordon,163,7,23.286
1929,Stanley,109,5,21.8
1929,Gene,77,5,15.4
1929,Luverne,22,6,3.667
1929,Lavern,11,6,1.833
1929,Marlyn,11,5,2.2
1929,Carol,8,198,0.04
1929,Laverne,7,45,0.156
1929,Pat,7,5,1.4
1929,Ardell,6,5,1.2
1929,Jean,5,267,0.019
1930,Robert,1297,13,99.769
1930,Donald,1078,11,98.0
1930,Richard,1008,8,126.0
1930,John,873,10,87.3
1930,James,863,10,86.3
1930,William,634,10,63.4
1930,Charles,376,5,75.2
1930,Kenneth,362,9,40.222
1930,George,320,6,53.333
1930,Dale,191,7,27.286
1930,Earl,132,5,26.4
1930,Laverne,33,49,0.673
1930,Luverne,19,10,1.9
1930,Pat,13,11,1.182
1930,Jean,9,273,0.033
1930,Gayle,8,14,0.571
1930,Carol,6,233,0.026
1931,Robert,1303,13,100.231
1931,Donald,1066,5,213.2
1931,James,869,8,108.625
1931,William,565,7,80.714
1931,Kenneth,382,5,76.4
1931,Earl,107,5,21.4
1931,Leonard,106,5,21.2
1931,Jerry,84,5,16.8
1931,Laverne,28,47,0.596
1931,Luverne,24,10,2.4
1931,Marlyn,16,9,1.778
1931,Gayle,11,13,0.846
1931,Marion,11,133,0.083
1931,Jean,10,246,0.041
1931,Claire,9,10,0.9
1931,Laurel,7,7,1.0
1931,Pat,7,17,0.412
1931,Joyce,6,347,0.017
1931,Jackie,5,10,0.5
1932,Robert,1299,10,129.9
1932,Donald,974,9,108.222
1932,William,560,9,62.222
1932,Laverne,35,44,0.795
1932,Carroll,19,5,3.8
1932,Lavern,15,6,2.5
1932,Pat,11,13,0.846
1932,Lynn,9,7,1.286
1932,Gayle,7,15,0.467
1932,Jackie,7,6,1.167
1932,Jean,7,279,0.025
1932,Mary,5,979,0.005
1933,Robert,1129,12,94.083
1933,Richard,1118,6,186.333
1933,Donald,858,11,78.0
1933,Jerome,166,5,33.2
1933,Merle,34,6,5.667
1933,Laverne,19,32,0.594
1933,Luverne,17,6,2.833
1933,Marlyn,17,8,2.125
1933,Ardell,7,5,1.4
1933,Pat,7,11,0.636
1933,Gayle,5,15,0.333
1933,Jackie,5,9,0.556
1933,Laurel,5,8,0.625
1934,Robert,1126,9,125.111
1934,James,1012,8,126.5
1934,John,899,6,149.833
1934,Donald,876,11,79.636
1934,George,258,5,51.6
1934,Dale,174,5,34.8
1934,Lee,38,6,6.333
1934,Laverne,25,29,0.862
1934,Lavern,16,7,2.286
1934,Luverne,16,7,2.286
1934,Lynn,14,5,2.8
1934,Gale,13,6,2.167
1934,Marlyn,13,8,1.625
1934,Laurel,11,8,1.375
1934,Jackie,10,6,1.667
1934,Gayle,9,19,0.474
1934,Pat,6,14,0.429
1934,Ardell,5,12,0.417
1934,Marion,5,83,0.06
1935,Robert,1112,5,222.4
1935,Richard,1050,6,175.0
1935,James,1030,5,206.0
1935,Laverne,27,40,0.675
1935,Marlyn,26,10,2.6
1935,Merle,22,10,2.2
1935,Jackie,15,9,1.667
1935,Shirley,9,871,0.01
1935,Ardell,7,13,0.538
1935,Jean,6,273,0.022
1935,Joyce,6,259,0.023
1935,Laurel,6,12,0.5
1935,Gayle,5,38,0.132
1936,Laverne,24,32,0.75
1936,Merle,24,5,4.8
1936,Lynn,19,5,3.8
1936,Marlyn,15,10,1.5
1936,Jackie,9,12,0.75
1936,Ardell,8,9,0.889
1936,Gail,6,79,0.076
1936,Pat,6,19,0.316
1936,Carol,5,565,0.009
1936,Gayle,5,25,0.2
1936,Jean,5,205,0.024
1937,Robert,1193,7,170.429
1937,James,1104,5,220.8
1937,Donald,835,6,139.167
1937,Lee,43,9,4.778
1937,Terry,42,7,6.0
1937,Lynn,21,7,3.0
1937,Laverne,17,23,0.739
1937,Pat,11,30,0.367
1937,Jackie,10,9,1.111
1937,Gayle,8,44,0.182
1937,Jan,7,10,0.7
1937,Laurel,5,8,0.625
1938,James,1193,6,198.833
1938,Leslie,40,6,6.667
1938,Merle,33,8,4.125
1938,Laverne,23,16,1.438
1938,Lynn,15,20,0.75
1938,Gayle,7,39,0.179
1938,Carol,6,716,0.008
1938,Carrol,6,6,1.0
1938,Jackie,6,12,0.5
1938,Laurel,6,12,0.5
1938,Patricia,6,646,0.009
1938,Ardell,5,10,0.5
1938,Jean,5,220,0.023
1939,Robert,1256,6,209.333
1939,James,1177,5,235.4
1939,Richard,1082,7,154.571
1939,Jerry,219,5,43.8
1939,Lee,59,6,9.833
1939,Merle,30,6,5.0
1939,Laverne,18,19,0.947
1939,Lynn,16,14,1.143
1939,Marlyn,12,7,1.714
1939,Jackie,8,9,0.889
1939,Mary,8,1054,0.008
1939,Marion,7,62,0.113
1939,Ardell,6,9,0.667
1939,Gayle,6,49,0.122
1939,Pat,6,22,0.273
1940,John,1130,5,226.0
1940,David,989,6,164.833
1940,William,654,5,130.8
1940,Terry,74,8,9.25
1940,Merle,22,5,4.4
1940,Laverne,20,19,1.053
1940,Lynn,19,19,1.0
1940,Gale,15,8,1.875
1940,Jackie,9,10,0.9
1940,Gerry,7,5,1.4
1940,Judith,6,748,0.008
1940,Pat,6,31,0.194
1940,Laurel,5,14,0.357
1940,Marion,5,57,0.088
1940,Patricia,5,697,0.007
1940,Sharon,5,730,0.007
1941,James,1334,5,266.8
1941,Robert,1299,6,216.5
1941,Terry,94,9,10.444
1941,Leslie,58,8,7.25
1941,Lynn,39,41,0.951
1941,Laverne,11,15,0.733
1941,Pat,10,33,0.303
1941,Gale,8,7,1.143
1941,Jan,7,9,0.778
1941,Ardell,6,9,0.667
1941,Jackie,6,11,0.545
1941,Patricia,6,808,0.007
1941,Gail,5,77,0.065
1941,Gayle,5,51,0.098
1941,Gerry,5,7,0.714
1941,Judith,5,813,0.006
1941,Laurel,5,12,0.417
1942,James,1511,8,188.875
1942,Robert,1395,5,279.0
1942,John,1259,8,157.375
1942,Terry,101,16,6.312
1942,Lee,67,7,9.571
1942,Lynn,50,28,1.786
1942,Leslie,35,16,2.188
1942,Merle,23,5,4.6
1942,Gale,14,9,1.556
1942,Laverne,9,6,1.5
1942,Carroll,8,5,1.6
1942,Gail,7,98,0.071
1942,Jackie,7,10,0.7
1942,Sandra,6,714,0.008
1942,Barbara,5,817,0.006
1942,Mary,5,1293,0.004
1942,Pat,5,39,0.128
1943,Robert,1364,5,272.8
1943,Michael,658,5,131.6
1943,Terry,133,19,7.0
1943,Leslie,58,21,2.762
1943,Lee,45,15,3.0
1943,Lynn,37,52,0.712
1943,Jan,12,16,0.75
1943,Gale,10,8,1.25
1943,Jackie,6,19,0.316
1943,Laverne,6,11,0.545
1943,Pat,6,45,0.133
1943,Gail,5,105,0.048
1944,James,1405,5,281.0
1944,Jerry,225,5,45.0
1944,Terry,146,17,8.588
1944,Leslie,55,14,3.929
1944,Lee,54,7,7.714
1944,Lynn,52,60,0.867
1944,Merle,23,6,3.833
1944,Noel,14,7,2.0
1944,Jan,12,11,1.091
1944,Laverne,12,16,0.75
1944,Pat,10,26,0.385
1944,Gale,8,12,0.667
1944,Lonnie,8,5,1.6
1944,Gail,7,81,0.086
1944,Gayle,5,51,0.098
1945,James,1375,5,275.0
1945,Ronald,582,5,116.4
1945,Terry,169,16,10.562
1945,Lee,59,13,4.538
1945,Leslie,59,28,2.107
1945,Lynn,33,78,0.423
1945,Robin,12,8,1.5
1945,Pat,9,35,0.257
1945,Dana,7,6,1.167
1945,Gerry,7,6,1.167
1945,Jan,7,15,0.467
1945,Lauren,6,6,1.0
1945,Jackie,5,12,0.417
1946,Robert,1588,7,226.857
1946,John,1501,7,214.429
1946,Gary,991,5,198.2
1946,Ronald,699,5,139.8
1946,Dale,278,6,46.333
1946,Terry,245,43,5.698
1946,Lee,85,15,5.667
1946,Leslie,59,42,1.405
1946,Lynn,48,121,0.397
1946,Jan,14,26,0.538
1946,Pat,13,56,0.232
1946,Robin,13,15,0.867
1946,Lonnie,12,5,2.4
1946,Dana,11,12,0.917
1946,Gale,11,10,1.1
1946,Laverne,11,7,1.571
1946,Lauren,7,10,0.7
1946,Gail,6,135,0.044
1946,Gayle,6,84,0.071
1946,Kerry,6,5,1.2
1946,Mary,5,1693,0.003
1947,Richard,1462,6,243.667
1947,Terry,263,47,5.596
1947,Lee,99,17,5.824
1947,Lynn,70,170,0.412
1947,Randy,70,5,14.0
1947,Leslie,64,44,1.455
1947,Pat,23,44,0.523
1947,Lonnie,21,8,2.625
1947,Kim,20,7,2.857
1947,Merle,20,6,3.333
1947,Jan,18,27,0.667
1947,Chris,14,9,1.556
1947,Gale,13,15,0.867
1947,Robin,13,14,0.929
1947,Dana,12,11,1.091
1947,Laverne,12,8,1.5
1947,Gail,6,164,0.037
1947,Jackie,6,23,0.261
1947,Laurel,6,52,0.115
1947,Noel,5,6,0.833
1948,Terry,278,67,4.149
1948,Lee,124,13,9.538
1948,Daryl,70,6,11.667
1948,Leslie,68,37,1.838
1948,Lynn,57,155,0.368
1948,Dana,21,5,4.2
1948,Gale,20,12,1.667
1948,Kim,19,7,2.714
1948,Lonnie,16,7,2.286
1948,Jan,14,31,0.452
1948,Kerry,13,8,1.625
1948,Robin,12,16,0.75
1948,Pat,8,35,0.229
1949,Dale,328,6,54.667
1949,Terry,246,71,3.465
1949,Lee,107,23,4.652
1949,Leslie,68,38,1.789
1949,Lynn,62,164,0.378
1949,Kim,38,10,3.8
1949,Kerry,29,15,1.933
1949,Lonnie,29,6,4.833
1949,Robin,18,15,1.2
1949,Dana,12,17,0.706
1949,Pat,12,18,0.667
1949,Jan,11,50,0.22
1949,Gale,9,11,0.818
1949,Kris,9,6,1.5
1949,Mary,9,1639,0.005
1949,Leigh,6,7,0.857
1949,Carol,5,745,0.007
1950,John,1511,6,251.833
1950,Terry,235,57,4.123
1950,Lee,115,19,6.053
1950,Leslie,58,24,2.417
1950,Lynn,52,200,0.26
1950,Kim,48,5,9.6
1950,Dana,35,16,2.188
1950,Kerry,33,20,1.65
1950,Robin,16,35,0.457
1950,Lonnie,15,7,2.143
1950,Jan,14,47,0.298
1950,Gale,12,7,1.714
1950,Laverne,9,7,1.286
1950,Pat,6,6,1.0
1950,Gail,5,196,0.026
1951,John,1540,5,308.0
1951,Dale,322,7,46.0
1951,Terry,260,73,3.562
1951,Randy,164,8,20.5
1951,Lee,128,19,6.737
1951,Lynn,72,228,0.316
1951,Kim,64,12,5.333
1951,Leslie,62,35,1.771
1951,Kerry,30,21,1.429
1951,Dana,29,17,1.706
1951,Lonnie,28,8,3.5
1951,Chris,21,6,3.5
1951,Robin,16,46,0.348
1951,Jan,15,59,0.254
1951,Gale,8,8,1.0
1951,Gail,5,253,0.02
1951,Jackie,5,8,0.625
1951,Kris,5,9,0.556
1952,Dale,351,6,58.5
1952,Randy,242,5,48.4
1952,Terry,221,65,3.4
1952,Kim,99,24,4.125
1952,Lee,95,24,3.958
1952,Leslie,61,67,0.91
1952,Lynn,53,235,0.226
1952,Dana,35,16,2.188
1952,Lonnie,33,7,4.714
1952,Robin,32,55,0.582
1952,Kerry,29,20,1.45
1952,Gale,14,13,1.077
1952,Jan,12,64,0.188
1952,Shawn,8,6,1.333
1952,Kyle,6,6,1.0
1952,Jackie,5,11,0.455
1952,Laurel,5,47,0.106
1953,Dale,357,8,44.625
1953,Terry,261,61,4.279
1953,Kim,109,50,2.18
1953,Lee,108,29,3.724
1953,Leslie,61,58,1.052
1953,Lynn,47,233,0.202
1953,Dana,45,16,2.812
1953,Robin,39,97,0.402
1953,Kerry,33,13,2.538
1953,Chris,29,10,2.9
1953,Lonnie,25,6,4.167
1953,Gale,21,10,2.1
1953,Jan,19,54,0.352
1953,Carey,7,5,1.4
1953,Gayle,7,111,0.063
1953,Lauren,7,5,1.4
1953,Leigh,6,5,1.2
1953,Jody,5,31,0.161
1953,Kimberly,5,28,0.179
1953,Mary,5,1681,0.003
1954,Dale,374,6,62.333
1954,Terry,303,100,3.03
1954,Kim,127,63,2.016
1954,Lee,107,35,3.057
1954,Leslie,69,58,1.19
1954,Kerry,50,14,3.571
1954,Dana,48,26,1.846
1954,Robin,43,179,0.24
1954,Lynn,40,267,0.15
1954,Chris,38,9,4.222
1954,Lonnie,36,6,6.0
1954,Gale,13,9,1.444
1954,Jan,13,69,0.188
1954,Shawn,13,8,1.625
1954,Kyle,11,7,1.571
1954,Tracy,9,17,0.529
1954,Carey,7,5,1.4
1954,Pat,7,7,1.0
1954,Jody,5,52,0.096
1954,Marion,5,20,0.25
1954,Mary,5,1916,0.003
1954,Stacy,5,11,0.455
1955,Terry,284,90,3.156
1955,Kim,137,145,0.945
1955,Lee,117,37,3.162
1955,Kerry,57,13,4.385
1955,Leslie,52,63,0.825
1955,Robin,43,169,0.254
1955,Kelly,42,7,6.0
1955,Lynn,42,316,0.133
1955,Dana,36,21,1.714
1955,Chris,30,11,2.727
1955,Jan,14,67,0.209
1955,Jody,11,76,0.145
1955,Shawn,11,14,0.786
1955,Tracy,8,11,0.727
1955,Darcy,5,10,0.5
1955,Jackie,5,21,0.238
1955,Patricia,5,887,0.006
1956,David,1897,8,237.125
1956,John,1410,8,176.25
1956,Thomas,1294,5,258.8
1956,Randy,530,5,106.0
1956,Dale,348,5,69.6
1956,Terry,275,82,3.354
1956,Kim,133,288,0.462
1956,Lee,108,49,2.204
1956,Lynn,57,309,0.184
1956,Kerry,51,11,4.636
1956,Robin,46,198,0.232
1956,Kelly,43,9,4.778
1956,Leslie,43,70,0.614
1956,Chris,41,19,2.158
1956,Lonnie,35,8,4.375
1956,Dana,33,32,1.031
1956,Shawn,18,17,1.059
1956,Jan,17,100,0.17
1956,Tracy,10,33,0.303
1956,Pat,9,5,1.8
1956,Kris,8,29,0.276
1956,Darcy,6,20,0.3
1956,Gale,6,17,0.353
1956,Jody,6,108,0.056
1956,Jamie,5,11,0.455
1956,Kimberly,5,225,0.022
1957,David,1945,5,389.0
1957,Robert,1221,6,203.5
1957,Terry,293,70,4.186
1957,Lee,128,33,3.879
1957,Kim,89,340,0.262
1957,Chris,73,28,2.607
1957,Kelly,51,38,1.342
1957,Robin,43,220,0.195
1957,Leslie,38,97,0.392
1957,Kerry,35,25,1.4
1957,Lynn,35,274,0.128
1957,Dana,26,25,1.04
1957,Shawn,26,19,1.368
1957,Kyle,24,7,3.429
1957,Tracy,20,45,0.444
1957,Pat,19,17,1.118
1957,Lonnie,17,11,1.545
1957,Jan,16,92,0.174
1957,Kris,10,33,0.303
1957,Gale,7,28,0.25
1957,Jamie,7,17,0.412
1957,Jody,7,149,0.047
1957,Kimberly,5,287,0.017
1957,Lauren,5,10,0.5
1958,Michael,1784,7,254.857
1958,Thomas,1234,8,154.25
1958,Steven,1076,6,179.333
1958,Kevin,811,7,115.857
1958,Terry,323,72,4.486
1958,Lee,110,34,3.235
1958,Chris,91,40,2.275
1958,Kelly,55,116,0.474
1958,Kim,49,309,0.159
1958,Leslie,44,88,0.5
1958,Kerry,38,21,1.81
1958,Dana,34,30,1.133
1958,Shawn,34,17,2.0
1958,Lynn,29,296,0.098
1958,Robin,29,192,0.151
1958,Pat,26,31,0.839
1958,Jody,17,117,0.145
1958,Tracy,17,40,0.425
1958,Jan,15,59,0.254
1958,Kris,14,49,0.286
1958,Jamie,12,16,0.75
1958,Bernie,9,5,1.8
1958,Carey,6,5,1.2
1958,Lauren,6,11,0.545
1958,Shaun,6,5,1.2
1958,Darcy,5,18,0.278
1958,Kimberly,5,289,0.017
1958,Mary,5,1595,0.003
1959,Michael,1831,6,305.167
1959,Richard,885,5,177.0
1959,Paul,822,5,164.4
1959,Terry,311,91,3.418
1959,Chris,101,41,2.463
1959,Lee,93,27,3.444
1959,Kelly,66,166,0.398
1959,Shawn,57,28,2.036
1959,Kerry,45,15,3.0
1959,Pat,42,29,1.448
1959,Dana,39,39,1.0
1959,Leslie,34,79,0.43
1959,Robin,33,182,0.181
1959,Kim,30,368,0.082
1959,Lonnie,30,9,3.333
1959,Lynn,27,299,0.09
1959,Jody,25,157,0.159
1959,Jamie,19,20,0.95
1959,Tracy,18,75,0.24
1959,Kris,16,60,0.267
1959,Jan,13,66,0.197
1959,Shannon,9,33,0.273
1959,Carey,5,5,1.0
1959,Jackie,5,33,0.152
1959,Kelley,5,21,0.238
1959,Mary,5,1635,0.003
1960,Michael,1668,5,333.6
1960,Robert,1221,6,203.5
1960,Terry,290,69,4.203
1960,Chris,149,45,3.311
1960,Kelly,102,209,0.488
1960,Lee,98,25,3.92
1960,Shawn,52,24,2.167
1960,Kerry,44,27,1.63
1960,Dana,43,42,1.024
1960,Pat,42,22,1.909
1960,Kim,39,326,0.12
1960,Kyle,36,6,6.0
1960,Jody,35,132,0.265
1960,Tracy,34,126,0.27
1960,Leslie,32,87,0.368
1960,Robin,32,190,0.168
1960,Kris,21,45,0.467
1960,Jamie,18,29,0.621
1960,Lynn,18,304,0.059
1960,Jan,10,69,0.145
1960,Darcy,6,34,0.176
1960,Shannon,5,32,0.156
1961,John,1511,6,251.833
1961,James,1343,5,268.6
1961,Jeffrey,936,7,133.714
1961,Terry,261,68,3.838
1961,Chris,158,59,2.678
1961,Kelly,109,248,0.44
1961,Lee,92,27,3.407
1961,Shawn,79,34,2.324
1961,Dana,68,39,1.744
1961,Pat,47,16,2.938
1961,Kerry,41,23,1.783
1961,Leslie,36,74,0.486
1961,Kyle,35,5,7.0
1961,Tracy,35,158,0.222
1961,Jody,32,132,0.242
1961,Lonnie,28,7,4.0
1961,Robin,28,234,0.12
1961,Kim,27,304,0.089
1961,Lynn,26,272,0.096
1961,Kris,22,51,0.431
1961,Jamie,17,28,0.607
1961,Cary,14,5,2.8
1961,Jan,11,68,0.162
1961,Shannon,8,49,0.163
1961,Lauren,6,6,1.0
1962,Michael,1704,5,340.8
1962,Terry,235,49,4.796
1962,Chris,142,58,2.448
1962,Lee,98,22,4.455
1962,Shawn,82,39,2.103
1962,Kelly,74,297,0.249
1962,Tracy,53,166,0.319
1962,Kerry,51,21,2.429
1962,Pat,45,13,3.462
1962,Dana,35,52,0.673
1962,Kim,35,308,0.114
1962,Robin,32,231,0.139
1962,Jamie,30,33,0.909
1962,Lonnie,29,5,5.8
1962,Leslie,28,88,0.318
1962,Kris,27,46,0.587
1962,Lynn,15,269,0.056
1962,Jody,14,140,0.1
1962,Shannon,10,45,0.222
1962,Jan,6,41,0.146
1962,Leigh,5,8,0.625
1962,Stacy,5,70,0.071
1963,Terry,214,40,5.35
1963,Chris,149,49,3.041
1963,Lee,99,19,5.211
1963,Shawn,90,27,3.333
1963,Kelly,85,323,0.263
1963,Kyle,51,5,10.2
1963,Tracy,40,175,0.229
1963,Dana,37,71,0.521
1963,Leslie,36,84,0.429
1963,Pat,36,11,3.273
1963,Kerry,35,34,1.029
1963,Robin,31,191,0.162
1963,Jamie,27,29,0.931
1963,Jody,26,138,0.188
1963,Cary,25,5,5.0
1963,Cory,25,6,4.167
1963,Lynn,22,255,0.086
1963,Kim,21,280,0.075
1963,Kris,18,55,0.327
1963,Shannon,15,67,0.224
1963,Stacy,10,88,0.114
1963,Jan,7,51,0.137
1964,David,1649,6,274.833
1964,Michael,1642,7,234.571
1964,James,1245,5,249.0
1964,Steven,920,5,184.0
1964,Jeffrey,878,7,125.429
1964,Terry,196,42,4.667
1964,Chris,138,40,3.45
1964,Shawn,108,44,2.455
1964,Lee,81,17,4.765
1964,Kelly,74,336,0.22
1964,Tracy,41,184,0.223
1964,Dana,32,82,0.39
1964,Kerry,30,30,1.0
1964,Robin,30,189,0.159
1964,Lonnie,29,5,5.8
1964,Jody,28,105,0.267
1964,Jamie,25,26,0.962
1964,Lynn,24,230,0.104
1964,Pat,22,12,1.833
1964,Leslie,20,80,0.25
1964,Kim,17,293,0.058
1964,Shannon,14,63,0.222
1964,Kris,11,68,0.162
1964,Stacy,7,95,0.074
1964,Leigh,5,9,0.556
1965,Michael,1654,8,206.75
1965,David,1368,6,228.0
1965,Robert,910,5,182.0
1965,Terry,178,25,7.12
1965,Chris,147,32,4.594
1965,Shawn,127,51,2.49
1965,Lee,76,17,4.471
1965,Kelly,55,319,0.172
1965,Tracy,30,209,0.144
1965,Dana,27,75,0.36
1965,Kerry,25,14,1.786
1965,Leslie,23,65,0.354
1965,Lonnie,22,5,4.4
1965,Jamie,21,32,0.656
1965,Shannon,21,84,0.25
1965,Robin,19,160,0.119
1965,Jody,18,106,0.17
1965,Kim,15,219,0.068
1965,Lynn,15,201,0.075
1965,Kris,10,53,0.189
1965,Stacy,7,99,0.071
1965,Leigh,5,15,0.333
1965,Stacey,5,84,0.06
1966,Michael,1592,6,265.333
1966,John,1169,7,167.0
1966,Terry,135,16,8.438
1966,Chris,130,24,5.417
1966,Shawn,126,37,3.405
1966,Kelly,77,338,0.228
1966,Lee,64,25,2.56
1966,Tracy,42,238,0.176
1966,Jamie,24,28,0.857
1966,Kerry,24,26,0.923
1966,Shannon,22,102,0.216
1966,Leslie,20,65,0.308
1966,Jody,19,114,0.167
1966,Kris,18,36,0.5
1966,Dana,17,98,0.173
1966,Robin,14,106,0.132
1966,Lynn,12,188,0.064
1966,Kim,9,203,0.044
1966,Stacy,9,114,0.079
1966,Tracey,8,63,0.127
1966,Jean,7,141,0.05
1966,Carey,6,6,1.0
1966,Erin,5,26,0.192
1966,Julie,5,720,0.007
1967,David,1359,5,271.8
1967,Terry,152,20,7.6
1967,Shawn,143,45,3.178
1967,Chris,117,26,4.5
1967,Lee,101,11,9.182
1967,Kelly,98,355,0.276
1967,Jamie,30,43,0.698
1967,Tracy,30,211,0.142
1967,Shannon,29,123,0.236
1967,Stacy,26,126,0.206
1967,Leslie,22,59,0.373
1967,Pat,19,5,3.8
1967,Robin,18,94,0.191
1967,Jody,17,111,0.153
1967,Kerry,17,35,0.486
1967,Dana,16,85,0.188
1967,Noel,14,5,2.8
1967,Stacey,10,92,0.109
1967,Kris,9,43,0.209
1967,Lynn,9,181,0.05
1967,Kim,8,146,0.055
1967,Carey,7,9,0.778
1967,Darcy,5,34,0.147
1967,Michelle,5,744,0.007
1967,Tracey,5,58,0.086
1968,Michael,1577,7,225.286
1968,Mark,943,5,188.6
1968,Shawn,198,40,4.95
1968,Terry,138,9,15.333
1968,Chris,129,27,4.778
1968,Kelly,88,429,0.205
1968,Lee,80,19,4.211
1968,Corey,58,5,11.6
1968,Jamie,41,36,1.139
1968,Tracy,41,248,0.165
1968,Stacy,37,175,0.211
1968,Lonnie,36,6,6.0
1968,Shannon,34,149,0.228
1968,Dana,28,72,0.389
1968,Jody,27,120,0.225
1968,Robin,23,87,0.264
1968,Leslie,16,75,0.213
1968,Kerry,12,53,0.226
1968,Stacey,12,116,0.103
1968,Lynn,11,186,0.059
1968,Kim,10,118,0.085
1968,Kris,8,33,0.242
1968,Lisa,6,1111,0.005
1968,Jan,5,22,0.227
1968,Leigh,5,13,0.385
1969,Michael,1622,6,270.333
1969,David,1223,8,152.875
1969,Scott,957,9,106.333
1969,Jason,643,5,128.6
1969,Shawn,225,41,5.488
1969,Terry,127,12,10.583
1969,Chris,98,11,8.909
1969,Lee,82,11,7.455
1969,Kelly,62,424,0.146
1969,Shannon,43,228,0.189
1969,Jamie,39,35,1.114
1969,Jody,32,118,0.271
1969,Tracy,29,296,0.098
1969,Kris,21,42,0.5
1969,Dana,20,105,0.19
1969,Stacy,17,215,0.079
1969,Kerry,13,34,0.382
1969,Leslie,11,76,0.145
1969,Lynn,8,167,0.048
1969,Robin,8,93,0.086
1969,Stacey,8,108,0.074
1969,Carey,6,6,1.0
1969,Jennifer,5,768,0.007
1969,Kim,5,111,0.045
1969,Leigh,5,12,0.417
1970,Michael,1568,5,313.6
1970,John,949,6,158.167
1970,James,882,5,176.4
1970,Shawn,278,30,9.267
1970,Chris,115,11,10.455
1970,Terry,115,15,7.667
1970,Jamie,92,49,1.878
1970,Lee,84,11,7.636
1970,Kelly,71,369,0.192
1970,Shannon,49,297,0.165
1970,Dana,27,81,0.333
1970,Tracy,27,353,0.076
1970,Kerry,21,48,0.438
1970,Jody,19,118,0.161
1970,Kris,16,30,0.533
1970,Leslie,15,66,0.227
1970,Robin,14,92,0.152
1970,Stacy,10,251,0.04
1970,Lynn,9,149,0.06
1970,Tracey,8,80,0.1
1970,Carey,6,10,0.6
1970,Erin,6,62,0.097
1970,Stacey,6,116,0.052
1970,Jan,5,11,0.455
1970,Jean,5,73,0.068
1970,Michelle,5,829,0.006
1971,Michael,1346,6,224.333
1971,Jason,1235,6,205.833
1971,Robert,683,5,136.6
1971,Jeffrey,651,6,108.5
1971,Troy,377,6,62.833
1971,Shawn,276,53,5.208
1971,Jamie,100,46,2.174
1971,Chris,99,14,7.071
1971,Terry,94,10,9.4
1971,Kelly,89,325,0.274
1971,Lee,70,15,4.667
1971,Shannon,59,305,0.193
1971,Dana,42,128,0.328
1971,Tracy,32,246,0.13
1971,Jody,24,116,0.207
1971,Kerry,24,38,0.632
1971,Robin,20,84,0.238
1971,Kris,19,16,1.188
1971,Leslie,17,79,0.215
1971,Erin,8,96,0.083
1971,Jennifer,8,1282,0.006
1971,Jessie,6,11,0.545
1971,Tracey,6,55,0.109
1971,Darcy,5,40,0.125
1971,Jade,5,5,1.0
1971,Leigh,5,10,0.5
1971,Lisa,5,678,0.007
1972,Jason,1268,7,181.143
1972,David,761,8,95.125
1972,James,574,5,114.8
1972,Thomas,389,5,77.8
1972,Shawn,270,36,7.5
1972,Cory,139,5,27.8
1972,Jamie,107,40,2.675
1972,Chris,88,10,8.8
1972,Terry,75,7,10.714
1972,Kelly,60,270,0.222
1972,Shannon,58,260,0.223
1972,Lee,55,12,4.583
1972,Tracy,29,214,0.136
1972,Dana,27,86,0.314
1972,Kris,19,10,1.9
1972,Jody,18,108,0.167
1972,Kerry,14,40,0.35
1972,Leslie,14,45,0.311
1972,Stacy,14,263,0.053
1972,Erin,12,62,0.194
1972,Robin,11,68,0.162
1972,Cary,8,6,1.333
1972,Kim,7,50,0.14
1972,Lynn,7,89,0.079
1972,Courtney,5,8,0.625
1972,Jessie,5,10,0.5
1972,Stacey,5,103,0.049
1973,Jason,1320,8,165.0
1973,Michael,1125,5,225.0
1973,Brian,731,5,146.2
1973,Matthew,674,5,134.8
1973,Shawn,275,22,12.5
1973,Jamie,147,34,4.324
1973,Corey,109,5,21.8
1973,Terry,75,5,15.0
1973,Kelly,57,254,0.224
1973,Shannon,41,232,0.177
1973,Dana,30,86,0.349
1973,Tracy,30,217,0.138
1973,Kris,19,13,1.462
1973,Casey,12,7,1.714
1973,Jody,12,97,0.124
1973,Joey,10,7,1.429
1973,Erin,9,85,0.106
1973,Robin,9,51,0.176
1973,Kim,8,45,0.178
1973,Lynn,8,70,0.114
1973,Tracey,7,33,0.212
1973,Leslie,6,36,0.167
1973,Cary,5,7,0.714
1973,Jennifer,5,1372,0.004
1973,Kerry,5,35,0.143
1973,Stacy,5,205,0.024
1974,Jason,1273,6,212.167
1974,Michael,1140,13,87.692
1974,Daniel,570,5,114.0
1974,John,531,8,66.375
1974,Shawn,275,29,9.483
1974,Jesse,171,6,28.5
1974,Jamie,126,47,2.681
1974,Kelly,60,292,0.205
1974,Lee,56,7,8.0
1974,Chris,55,7,7.857
1974,Shannon,44,235,0.187
1974,Christian,43,5,8.6
1974,Casey,28,7,4.0
1974,Dana,26,80,0.325
1974,Kerry,17,44,0.386
1974,Kris,17,10,1.7
1974,Jody,16,77,0.208
1974,Tracy,14,190,0.074
1974,Joey,13,6,2.167
1974,Robin,10,53,0.189
1974,Erin,9,133,0.068
1974,Jayme,9,7,1.286
1974,Jennifer,9,1387,0.006
1974,Leslie,8,54,0.148
1974,Robyn,6,44,0.136
1974,Stacy,6,212,0.028
1974,Courtney,5,25,0.2
1974,Jessie,5,10,0.5
1974,Kim,5,31,0.161
1974,Lynn,5,55,0.091
1974,Noel,5,9,0.556
1975,Michael,1181,8,147.625
1975,Christopher,822,5,164.4
1975,Brian,670,5,134.0
1975,Shawn,329,30,10.967
1975,William,267,5,53.4
1975,Cory,156,6,26.0
1975,Jamie,144,76,1.895
1975,Corey,131,7,18.714
1975,Kelly,56,338,0.166
1975,Lee,45,6,7.5
1975,Casey,44,20,2.2
1975,Shannon,39,218,0.179
1975,Dana,27,74,0.365
1975,Jessie,13,15,0.867
1975,Kris,12,8,1.5
1975,Tracy,11,204,0.054
1975,Erin,8,188,0.043
1975,Jody,8,89,0.09
1975,Jade,7,6,1.167
1975,Kerry,7,24,0.292
1975,Stacy,7,219,0.032
1975,Leslie,6,36,0.167
1975,Jaime,5,17,0.294
1975,Jennifer,5,1322,0.004
1975,Stacey,5,109,0.046
1976,Michael,1143,5,228.6
1976,Jason,1119,11,101.727
1976,Matthew,916,5,183.2
1976,Daniel,610,5,122.0
1976,David,596,5,119.2
1976,John,434,5,86.8
1976,Shawn,281,13,21.615
1976,Jesse,247,7,35.286
1976,Corey,144,6,24.0
1976,Jamie,143,235,0.609
1976,Kelly,59,318,0.186
1976,Casey,49,22,2.227
1976,Lee,41,5,8.2
1976,Shannon,31,307,0.101
1976,Dana,23,82,0.28
1976,Jessie,14,19,0.737
1976,Dallas,12,5,2.4
1976,Kerry,11,36,0.306
1976,Jaime,10,126,0.079
1976,Erin,8,212,0.038
1976,Leslie,8,41,0.195
1976,Courtney,7,46,0.152
1976,Stacy,7,212,0.033
1976,Ashley,6,7,0.857
1976,Robin,6,57,0.105
1976,Jayme,5,9,0.556
1976,Jody,5,71,0.07
1976,Michelle,5,412,0.012
1976,Tracy,5,135,0.037
1977,Michael,1198,5,239.6
1977,Brian,732,6,122.0
1977,Daniel,710,6,118.333
1977,David,601,6,100.167
1977,Aaron,389,6,64.833
1977,Shawn,259,11,23.545
1977,Cory,198,5,39.6
1977,Corey,158,7,22.571
1977,Jamie,123,228,0.539
1977,Lee,50,8,6.25
1977,Casey,44,17,2.588
1977,Kelly,44,505,0.087
1977,Shannon,30,262,0.115
1977,Chris,27,5,5.4
1977,Dana,24,85,0.282
1977,Joey,19,7,2.714
1977,Courtney,12,42,0.286
1977,Jessie,12,25,0.48
1977,Jody,11,74,0.149
1977,Kris,11,6,1.833
1977,Erin,10,263,0.038
1977,Cary,9,7,1.286
1977,Kerry,9,16,0.562
1977,Carey,8,11,0.727
1977,Jaime,8,103,0.078
1977,Jayme,8,8,1.0
1977,Tracy,8,138,0.058
1977,Jean,5,29,0.172
1977,Leslie,5,28,0.179
1978,Jason,1038,6,173.0
1978,Ryan,865,10,86.5
1978,Christopher,763,6,127.167
1978,Joshua,692,6,115.333
1978,Jeffrey,482,5,96.4
1978,Shawn,225,12,18.75
1978,Travis,214,6,35.667
1978,Cory,151,8,18.875
1978,Jamie,95,215,0.442
1978,Casey,79,18,4.389
1978,Lee,50,7,7.143
1978,Kelly,43,476,0.09
1978,Cody,38,5,7.6
1978,Shannon,17,222,0.077
1978,Dana,16,74,0.216
1978,Devin,15,7,2.143
1978,Jessie,13,31,0.419
1978,Kris,12,9,1.333
1978,Erin,11,310,0.035
1978,Jody,11,71,0.155
1978,Kasey,11,9,1.222
1978,Courtney,8,50,0.16
1978,Kerry,7,25,0.28
1978,Robin,7,51,0.137
1978,Jaime,6,69,0.087
1978,Jayme,6,10,0.6
1978,Elizabeth,5,343,0.015
1978,Leslie,5,43,0.116
1978,Tracy,5,141,0.035
1979,Michael,1204,5,240.8
1979,Ryan,828,11,75.273
1979,Nicholas,761,5,152.2
1979,Andrew,740,6,123.333
1979,Joseph,623,5,124.6
1979,Jeremy,577,8,72.125
1979,Timothy,442,6,73.667
1979,Jesse,310,8,38.75
1979,Shawn,183,14,13.071
1979,Casey,88,30,2.933
1979,Jamie,81,224,0.362
1979,Lee,55,10,5.5
1979,Jordan,38,8,4.75
1979,Kelly,36,459,0.078
1979,Dana,26,85,0.306
1979,Shannon,22,222,0.099
1979,Jessie,17,37,0.459
1979,Bobby,13,6,2.167
1979,Erin,11,289,0.038
1979,Courtney,9,63,0.143
1979,Jody,9,42,0.214
1979,Jaime,8,73,0.11
1979,Jayme,7,8,0.875
1979,Ashley,6,17,0.353
1979,Kris,6,7,0.857
1979,Leslie,6,61,0.098
1979,Brooke,5,59,0.085
1979,Jade,5,12,0.417
1979,Robin,5,53,0.094
1980,Michael,1351,9,150.111
1980,Matthew,1099,12,91.583
1980,Joshua,981,8,122.625
1980,Ryan,887,9,98.556
1980,Christopher,837,5,167.4
1980,Andrew,783,5,156.6
1980,Joseph,719,6,119.833
1980,Eric,588,5,117.6
1980,Jeremy,477,5,95.4
1980,Jesse,400,19,21.053
1980,Anthony,351,8,43.875
1980,Shawn,196,13,15.077
1980,Jamie,84,257,0.327
1980,Casey,69,21,3.286
1980,Lee,49,5,9.8
1980,Jordan,37,13,2.846
1980,Kelly,33,396,0.083
1980,Dallas,22,6,3.667
1980,Shannon,19,211,0.09
1980,Dana,18,76,0.237
1980,Joey,16,5,3.2
1980,Jessie,15,29,0.517
1980,Courtney,11,67,0.164
1980,Morgan,9,15,0.6
1980,Leslie,8,43,0.186
1980,Jade,7,8,0.875
1980,Jaime,7,70,0.1
1980,Jayme,7,12,0.583
1980,Ashley,6,44,0.136
1980,Erin,6,366,0.016
1980,Kasey,6,8,0.75
1980,Kerry,6,24,0.25
1980,Robin,6,29,0.207
1980,Devon,5,9,0.556
1980,Jennifer,5,1147,0.004
1980,Quinn,5,5,1.0
1981,Michael,1372,13,105.538
1981,Matthew,1233,7,176.143
1981,Joshua,963,7,137.571
1981,Ryan,944,15,62.933
1981,Justin,643,6,107.167
1981,Benjamin,560,5,112.0
1981,Jesse,436,17,25.647
1981,Anthony,396,5,79.2
1981,Shawn,168,6,28.0
1981,Casey,91,43,2.116
1981,Jordan,85,8,10.625
1981,Jamie,73,236,0.309
1981,Lee,65,12,5.417
1981,Terry,32,7,4.571
1981,Kelly,24,339,0.071
1981,Dana,15,96,0.156
1981,Taylor,15,9,1.667
1981,Morgan,13,27,0.481
1981,Shannon,12,191,0.063
1981,Jayme,9,14,0.643
1981,Jessie,9,63,0.143
1981,Jaime,8,51,0.157
1981,Kasey,8,15,0.533
1981,Blair,7,6,1.167
1981,Robin,7,40,0.175
1981,Ashley,5,75,0.067
1981,Jade,5,5,1.0
1981,Seng,5,5,1.0
1982,Christopher,965,6,160.833
1982,Joshua,927,6,154.5
1982,Ryan,850,15,56.667
1982,Jason,719,5,143.8
1982,Nicholas,679,6,113.167
1982,Justin,665,6,110.833
1982,Eric,483,5,96.6
1982,Jesse,345,14,24.643
1982,Dustin,327,5,65.4
1982,Kyle,264,6,44.0
1982,Shawn,127,8,15.875
1982,Corey,102,5,20.4
1982,Casey,93,31,3.0
1982,Jordan,88,9,9.778
1982,Cody,68,9,7.556
1982,Lee,67,8,8.375
1982,Jamie,61,256,0.238
1982,Kelly,34,372,0.091
1982,Taylor,29,11,2.636
1982,Dana,19,74,0.257
1982,Jessie,17,40,0.425
1982,Shannon,14,174,0.08
1982,Blair,11,6,1.833
1982,Baby,10,8,1.25
1982,Tristan,10,6,1.667
1982,Morgan,9,22,0.409
1982,Quinn,9,5,1.8
1982,Ashley,8,138,0.058
1982,Robin,8,54,0.148
1982,Kasey,7,10,0.7
1982,Erin,6,396,0.015
1982,Jade,6,9,0.667
1982,Jaime,6,44,0.136
1982,Lane,6,5,1.2
1982,Jayme,5,13,0.385
1982,Kerry,5,14,0.357
1982,Sarah,5,894,0.006
1983,Matthew,1261,6,210.167
1983,Michael,1225,6,204.167
1983,Ryan,831,12,69.25
1983,Adam,809,6,134.833
1983,Joseph,739,5,147.8
1983,James,413,6,68.833
1983,Jesse,307,7,43.857
1983,Shawn,133,5,26.6
1983,Jordan,123,7,17.571
1983,Casey,75,39,1.923
1983,Jamie,39,252,0.155
1983,Taylor,37,15,2.467
1983,Kelly,32,363,0.088
1983,Dana,17,68,0.25
1983,Devin,14,6,2.333
1983,Jessie,10,28,0.357
1983,Shannon,10,172,0.058
1983,Cassidy,9,6,1.5
1983,Robin,9,35,0.257
1983,Devon,8,10,0.8
1983,Nicole,7,626,0.011
1983,Jaime,6,37,0.162
1983,Baby,5,8,0.625
1983,Kao,5,5,1.0
1983,Kris,5,5,1.0
1983,Lisa,5,287,0.017
1984,Matthew,1245,8,155.625
1984,Michael,1209,8,151.125
1984,Daniel,897,7,128.143
1984,Ryan,871,7,124.429
1984,Andrew,863,6,143.833
1984,Adam,839,8,104.875
1984,Joshua,837,5,167.4
1984,Nicholas,689,5,137.8
1984,Kyle,364,5,72.8
1984,Jesse,237,11,21.545
1984,Shawn,128,6,21.333
1984,Jordan,126,8,15.75
1984,Casey,71,29,2.448
1984,Jamie,46,207,0.222
1984,Taylor,30,6,5.0
1984,Kelly,27,357,0.076
1984,Dana,17,70,0.243
1984,Shannon,11,135,0.081
1984,Jessie,10,26,0.385
1984,Jaime,9,32,0.281
1984,Kasey,9,16,0.562
1984,Jennifer,6,1052,0.006
1984,Morgan,6,28,0.214
1984,Robin,6,23,0.261
1984,Ashley,5,691,0.007
1984,Blair,5,7,0.714
1984,Devon,5,5,1.0
1985,Matthew,1235,6,205.833
1985,Michael,1146,9,127.333
1985,Andrew,989,9,109.889
1985,Joshua,866,6,144.333
1985,Ryan,806,11,73.273
1985,Christopher,794,9,88.222
1985,Joseph,726,5,145.2
1985,Nicholas,713,5,142.6
1985,Kyle,444,8,55.5
1985,Tyler,355,7,50.714
1985,Jesse,270,12,22.5
1985,Shawn,133,7,19.0
1985,Jordan,119,11,10.818
1985,Casey,63,41,1.537
1985,Lee,61,6,10.167
1985,Taylor,45,22,2.045
1985,Devin,33,5,6.6
1985,Jamie,21,255,0.082
1985,Kelly,19,287,0.066
1985,Terry,18,5,3.6
1985,Morgan,14,22,0.636
1985,Jessie,13,28,0.464
1985,Devon,12,6,2.0
1985,Dana,11,60,0.183
1985,Shannon,11,139,0.079
1985,Robin,9,27,0.333
1985,Jessica,8,800,0.01
1985,Kerry,8,10,0.8
1985,Kasey,7,11,0.636
1985,Erin,6,294,0.02
1985,Jade,6,6,1.0
1985,Jayme,5,11,0.455
1985,Rachel,5,395,0.013
1986,Michael,1142,5,228.4
1986,Andrew,1097,5,219.4
1986,Ryan,796,5,159.2
1986,Kyle,500,5,100.0
1986,Eric,456,5,91.2
1986,Jesse,272,11,24.727
1986,Jordan,186,28,6.643
1986,Shawn,131,6,21.833
1986,Brett,125,5,25.0
1986,Casey,86,43,2.0
1986,Taylor,52,24,2.167
1986,Devin,31,6,5.167
1986,Jamie,29,224,0.129
1986,Kelly,26,292,0.089
1986,Dana,16,65,0.246
1986,Jessie,14,31,0.452
1986,Kasey,8,30,0.267
1986,Mackenzie,8,25,0.32
1986,Dominique,7,18,0.389
1986,Jessica,6,852,0.007
1986,Blair,5,15,0.333
1986,Erin,5,212,0.024
1986,Kendall,5,5,1.0
1986,Noel,5,6,0.833
1987,Andrew,1095,8,136.875
1987,Matthew,990,8,123.75
1987,Christopher,694,5,138.8
1987,Ryan,658,5,131.6
1987,Kyle,508,8,63.5
1987,Eric,419,5,83.8
1987,Alexander,345,5,69.0
1987,James,342,6,57.0
1987,Timothy,306,5,61.2
1987,Aaron,295,5,59.0
1987,Jordan,227,17,13.353
1987,Paul,218,6,36.333
1987,Jesse,187,5,37.4
1987,Alex,161,5,32.2
1987,Casey,84,45,1.867
1987,Taylor,57,29,1.966
1987,Lee,56,10,5.6
1987,Devin,43,9,4.778
1987,Jamie,42,154,0.273
1987,Kelly,28,276,0.101
1987,Riley,15,5,3.0
1987,Jessie,14,23,0.609
1987,Devon,9,6,1.5
1987,Jaime,8,28,0.286
1987,Mackenzie,7,18,0.389
1987,Morgan,7,29,0.241
1987,Robin,7,13,0.538
1987,Jayme,6,16,0.375
1987,Kerry,6,10,0.6
1987,Dana,5,71,0.07
1987,Erin,5,229,0.022
1987,Kasey,5,28,0.179
1987,Kelsey,5,249,0.02
1988,Michael,1096,6,182.667
1988,Matthew,1078,9,119.778
1988,Ryan,665,5,133.0
1988,Justin,579,5,115.8
1988,Kyle,521,7,74.429
1988,Anthony,474,6,79.0
1988,Cody,247,8,30.875
1988,Jordan,225,27,8.333
1988,Alex,200,8,25.0
1988,Jesse,191,8,23.875
1988,Cory,169,5,33.8
1988,Corey,138,9,15.333
1988,Casey,98,49,2.0
1988,Taylor,91,45,2.022
1988,Devin,39,8,4.875
1988,Jamie,36,146,0.247
1988,Kelly,24,266,0.09
1988,Mackenzie,12,40,0.3
1988,Jessie,11,23,0.478
1988,Dana,10,54,0.185
1988,Adrian,8,6,1.333
1988,Courtney,7,167,0.042
1988,Kasey,7,29,0.241
1988,Morgan,7,45,0.156
1988,Devon,6,6,1.0
1988,Kelsey,6,276,0.022
1988,Ali,5,7,0.714
1988,Ashton,5,6,0.833
1988,Blair,5,11,0.455
1988,Elizabeth,5,412,0.012
1988,Jade,5,12,0.417
1988,Kendall,5,10,0.5
1988,Noel,5,10,0.5
1988,Sue,5,5,1.0
1989,Jordan,283,67,4.224
1989,Cody,266,5,53.2
1989,Jesse,240,6,40.0
1989,Alex,204,6,34.0
1989,Taylor,120,59,2.034
1989,Logan,86,8,10.75
1989,Casey,79,46,1.717
1989,Lee,48,5,9.6
1989,Jamie,42,160,0.262
1989,Devin,39,7,5.571
1989,Devon,29,11,2.636
1989,Unknown,22,20,1.1
1989,Kelly,17,206,0.083
1989,Blair,10,6,1.667
1989,Dominique,9,6,1.5
1989,Jessie,9,16,0.562
1989,Mackenzie,9,27,0.333
1989,Shannon,7,95,0.074
1989,Dana,6,53,0.113
1989,Kendall,6,7,0.857
1989,Kerry,6,9,0.667
1989,Erin,5,192,0.026
1989,Kasey,5,22,0.227
1989,Robin,5,27,0.185
1990,Tyler,642,6,107.0
1990,Jordan,435,116,3.75
1990,Jesse,243,5,48.6
1990,Alex,225,5,45.0
1990,Taylor,176,113,1.558
1990,Casey,99,57,1.737
1990,Devin,66,10,6.6
1990,Drew,55,5,11.0
1990,Jamie,36,129,0.279
1990,Devon,24,15,1.6
1990,Dakota,21,6,3.5
1990,Kelly,18,203,0.089
1990,Jessie,16,14,1.143
1990,Mackenzie,14,49,0.286
1990,Skyler,13,6,2.167
1990,Morgan,11,76,0.145
1990,Blair,9,8,1.125
1990,Ashton,8,10,0.8
1990,Dominique,8,6,1.333
1990,Jaime,8,26,0.308
1990,Kasey,6,27,0.222
1990,Kelsey,6,336,0.018
1990,Shannon,5,104,0.048
1991,Cody,495,6,82.5
1991,Kyle,487,6,81.167
1991,Jordan,399,105,3.8
1991,Alex,212,11,19.273
1991,Taylor,212,200,1.06
1991,Cory,127,6,21.167
1991,Casey,106,48,2.208
1991,Logan,89,9,9.889
1991,Devin,62,17,3.647
1991,Riley,43,10,4.3
1991,Jamie,36,120,0.3
1991,Devon,34,12,2.833
1991,Dakota,31,6,5.167
1991,Mackenzie,16,72,0.222
1991,Jessie,14,23,0.609
1991,Dominique,12,14,0.857
1991,Kelly,12,185,0.065
1991,Ashton,10,9,1.111
1991,Tristan,9,5,1.8
1991,Morgan,7,76,0.092
1991,Kasey,6,24,0.25
1991,Leslie,6,21,0.286
1991,Paris,6,9,0.667
1991,Shelby,6,163,0.037
1991,Ali,5,14,0.357
1991,Bailey,5,64,0.078
1991,Jade,5,31,0.161
1991,Jaime,5,15,0.333
1991,Robin,5,15,0.333
1991,Tracy,5,13,0.385
1992,Tyler,791,8,98.875
1992,Ryan,605,5,121.0
1992,Jordan,394,100,3.94
1992,Alex,249,8,31.125
1992,Taylor,206,269,0.766
1992,Jesse,184,5,36.8
1992,Logan,107,6,17.833
1992,Cameron,103,5,20.6
1992,Devin,74,15,4.933
1992,Casey,65,45,1.444
1992,Riley,45,12,3.75
1992,Devon,43,14,3.071
1992,Dakota,42,6,7.0
1992,Jamie,29,71,0.408
1992,Lee,21,7,3.0
1992,Mackenzie,21,100,0.21
1992,Dominique,14,19,0.737
1992,Kelly,13,172,0.076
1992,Jessie,11,23,0.478
1992,Kasey,11,25,0.44
1992,Morgan,11,116,0.095
1992,Harley,8,5,1.6
1992,Blair,7,10,0.7
1992,Angel,5,10,0.5
1992,Chandler,5,6,0.833
1992,Robin,5,12,0.417
1992,Skylar,5,6,0.833
1992,Tayler,5,18,0.278
1993,Tyler,783,11,71.182
1993,Cody,484,5,96.8
1993,Jordan,387,100,3.87
1993,Taylor,202,385,0.525
1993,Logan,143,8,17.875
1993,Devin,87,6,14.5
1993,Dakota,77,9,8.556
1993,Riley,68,19,3.579
1993,Casey,56,42,1.333
1993,Devon,46,14,3.286
1993,Skyler,18,6,3.0
1993,Devan,17,7,2.429
1993,Jamie,15,71,0.211
1993,Avery,12,6,2.0
1993,Kelly,12,138,0.087
1993,Tayler,12,23,0.522
1993,Darian,11,9,1.222
1993,Angel,10,14,0.714
1993,Mackenzie,10,111,0.09
1993,Morgan,10,137,0.073
1993,Chandler,9,7,1.286
1993,Jessie,9,22,0.409
1993,Kendall,9,19,0.474
1993,Tristan,9,5,1.8
1993,Ali,8,14,0.571
1993,Dana,7,50,0.14
1993,Jade,7,32,0.219
1993,Kasey,7,17,0.412
1993,Payton,7,7,1.0
1993,Sage,7,6,1.167
1993,Skylar,7,7,1.0
1993,Dominique,6,18,0.333
1993,Sidney,6,7,0.857
1993,Ariel,5,23,0.217
1993,Blair,5,6,0.833
1993,Jaime,5,13,0.385
1993,Shelby,5,157,0.032
1994,Tyler,726,10,72.6
1994,Jordan,381,135,2.822
1994,Alex,207,12,17.25
1994,Taylor,183,428,0.428
1994,Connor,167,5,33.4
1994,Logan,156,9,17.333
1994,Dakota,88,13,6.769
1994,Devin,84,10,8.4
1994,Hunter,83,8,10.375
1994,Riley,75,17,4.412
1994,Gabriel,70,5,14.0
1994,Casey,53,38,1.395
1994,Devon,50,5,10.0
1994,Avery,29,10,2.9
1994,Mackenzie,27,107,0.252
1994,Quinn,25,7,3.571
1994,Dallas,21,5,4.2
1994,Jamie,21,88,0.239
1994,Lee,20,5,4.0
1994,Morgan,16,208,0.077
1994,Dominique,15,21,0.714
1994,Skylar,14,12,1.167
1994,Jade,13,45,0.289
1994,Dakotah,12,5,2.4
1994,Harley,11,11,1.0
1994,Darian,10,8,1.25
1994,Devan,10,6,1.667
1994,Jessie,8,18,0.444
1994,Dana,7,33,0.212
1994,Justice,6,8,0.75
1994,Shay,6,5,1.2
1994,Shelby,6,121,0.05
1994,Sidney,6,10,0.6
1994,Addison,5,6,0.833
1994,Angel,5,20,0.25
1994,Ashton,5,8,0.625
1994,Bailey,5,79,0.063
1994,Brook,5,9,0.556
1994,Kasey,5,15,0.333
1994,Kelly,5,114,0.044
1994,Kerry,5,6,0.833
1994,Tayler,5,25,0.2
1995,Tyler,703,11,63.909
1995,Austin,550,8,68.75
1995,Jordan,362,131,2.763
1995,Cody,356,5,71.2
1995,Logan,220,17,12.941
1995,Alex,214,11,19.455
1995,Jesse,166,8,20.75
1995,Taylor,143,394,0.363
1995,Hunter,122,13,9.385
1995,Riley,104,19,5.474
1995,Cameron,92,5,18.4
1995,Devin,92,10,9.2
1995,Drew,77,8,9.625
1995,Dakota,73,9,8.111
1995,Casey,58,37,1.568
1995,Devon,53,9,5.889
1995,Dallas,30,6,5.0
1995,Chandler,29,5,5.8
1995,Bailey,28,134,0.209
1995,Micah,27,5,5.4
1995,Quinn,27,8,3.375
1995,Mackenzie,24,153,0.157
1995,Morgan,23,182,0.126
1995,Jamie,21,66,0.318
1995,Avery,20,7,2.857
1995,Skyler,14,5,2.8
1995,Corbin,12,5,2.4
1995,Justice,12,9,1.333
1995,Darian,10,8,1.25
1995,Devan,10,6,1.667
1995,Jaden,10,6,1.667
1995,Ashton,9,10,0.9
1995,Dominique,9,18,0.5
1995,Kendall,9,10,0.9
1995,Alexis,8,177,0.045
1995,Blair,7,6,1.167
1995,Jade,7,41,0.171
1995,Jessie,7,14,0.5
1995,Devyn,6,6,1.0
1995,Shelby,6,125,0.048
1995,Tayler,6,23,0.261
1995,Ali,5,14,0.357
1995,Angel,5,14,0.357
1995,Jaime,5,12,0.417
1995,Montana,5,5,1.0
1996,Jordan,315,118,2.669
1996,Logan,239,9,26.556
1996,Alex,209,12,17.417
1996,Hunter,196,6,32.667
1996,Taylor,136,353,0.385
1996,Riley,122,27,4.519
1996,Devin,101,5,20.2
1996,Cameron,75,5,15.0
1996,Dakota,73,12,6.083
1996,Casey,57,35,1.629
1996,Bailey,45,118,0.381
1996,Devon,43,7,6.143
1996,Dallas,30,5,6.0
1996,Quinn,29,8,3.625
1996,Skyler,26,12,2.167
1996,Avery,18,12,1.5
1996,Morgan,16,164,0.098
1996,Justice,15,13,1.154
1996,Payton,15,28,0.536
1996,Skylar,14,17,0.824
1996,Devyn,13,6,2.167
1996,Harley,13,7,1.857
1996,Mackenzie,12,146,0.082
1996,Ali,11,13,0.846
1996,Angel,10,23,0.435
1996,Dakotah,10,5,2.0
1996,Jaden,10,5,2.0
1996,Tayler,9,22,0.409
1996,Charlie,8,10,0.8
1996,Jamie,8,67,0.119
1996,Kasey,8,21,0.381
1996,Shelby,8,151,0.053
1996,Corbin,7,5,1.4
1996,Shea,7,6,1.167
1996,Jessie,6,15,0.4
1996,Addison,5,8,0.625
1996,Alexis,5,266,0.019
1996,Darian,5,8,0.625
1996,Madison,5,293,0.017
1996,Peyton,5,18,0.278
1996,Reilly,5,8,0.625
1997,Tyler,504,8,63.0
1997,Ryan,401,6,66.833
1997,Jordan,310,122,2.541
1997,Logan,289,16,18.062
1997,Hunter,214,6,35.667
1997,Devin,132,6,22.0
1997,Riley,130,33,3.939
1997,Taylor,127,352,0.361
1997,Jesse,115,7,16.429
1997,Cameron,95,7,13.571
1997,Dakota,94,15,6.267
1997,Bailey,56,154,0.364
1997,Devon,54,5,10.8
1997,Casey,49,25,1.96
1997,Skyler,31,11,2.818
1997,Jaden,24,5,4.8
1997,Avery,20,16,1.25
1997,Quinn,19,11,1.727
1997,Payton,17,29,0.586
1997,Alexis,16,253,0.063
1997,Jamie,15,49,0.306
1997,Peyton,15,18,0.833
1997,Angel,14,18,0.778
1997,Darian,14,16,0.875
1997,Mackenzie,14,120,0.117
1997,Morgan,13,212,0.061
1997,Skylar,13,8,1.625
1997,Tristin,13,5,2.6
1997,Jayden,12,8,1.5
1997,Dakotah,10,8,1.25
1997,Devyn,10,7,1.429
1997,Justice,10,11,0.909
1997,Dominique,8,28,0.286
1997,Jaime,7,10,0.7
1997,Addison,6,8,0.75
1997,Jade,6,46,0.13
1997,Jessie,6,10,0.6
1997,Reilly,6,8,0.75
1997,Sidney,6,25,0.24
1997,Tayler,6,15,0.4
1997,Tracy,6,12,0.5
1997,Ali,5,8,0.625
1997,Jordyn,5,49,0.102
1997,Sage,5,9,0.556
1997,Shea,5,7,0.714
1998,Tyler,526,8,65.75
1998,Ryan,421,9,46.778
1998,Jordan,278,115,2.417
1998,Hunter,262,13,20.154
1998,Logan,250,7,35.714
1998,Alex,162,7,23.143
1998,Riley,138,47,2.936
1998,Cameron,132,12,11.0
1998,Devin,113,8,14.125
1998,Parker,89,5,17.8
1998,Taylor,88,349,0.252
1998,Dakota,73,11,6.636
1998,Devon,67,8,8.375
1998,Bailey,58,129,0.45
1998,Drew,55,10,5.5
1998,Casey,47,26,1.808
1998,Quinn,34,13,2.615
1998,Peyton,33,29,1.138
1998,Avery,28,14,2.0
1998,Skyler,28,11,2.545
1998,Jaden,26,8,3.25
1998,Angel,23,27,0.852
1998,Jayden,23,8,2.875
1998,Payton,18,43,0.419
1998,Ashton,16,6,2.667
1998,Dakotah,14,8,1.75
1998,Harley,14,7,2.0
1998,Darian,11,7,1.571
1998,Morgan,11,262,0.042
1998,Alexis,9,317,0.028
1998,Jamie,9,52,0.173
1998,Sage,9,15,0.6
1998,Kasey,8,18,0.444
1998,Kelly,7,73,0.096
1998,Skylar,7,36,0.194
1998,Blair,6,7,0.857
1998,Mackenzie,6,127,0.047
1998,Rylee,6,13,0.462
1998,Addison,5,9,0.556
1998,Kendall,5,20,0.25
1998,Tayler,5,16,0.312
1999,Ryan,420,6,70.0
1999,Logan,321,11,29.182
1999,Hunter,293,11,26.636
1999,Jordan,249,96,2.594
1999,Riley,153,50,3.06
1999,Cameron,132,13,10.154
1999,Devin,120,5,24.0
1999,Gabriel,91,5,18.2
1999,Taylor,74,326,0.227
1999,Dakota,66,21,3.143
1999,Devon,62,7,8.857
1999,Drew,58,5,11.6
1999,Bailey,57,111,0.514
1999,Carson,54,6,9.0
1999,Casey,42,27,1.556
1999,Jaden,39,10,3.9
1999,Avery,34,25,1.36
1999,Peyton,33,23,1.435
1999,Payton,30,46,0.652
1999,Jayden,28,10,2.8
1999,Quinn,27,11,2.455
1999,Skyler,22,13,1.692
1999,Angel,18,33,0.545
1999,Morgan,15,245,0.061
1999,Skylar,13,53,0.245
1999,Justice,12,9,1.333
1999,Mackenzie,10,131,0.076
1999,Alexis,8,310,0.026
1999,Sage,7,8,0.875
1999,Tayler,7,11,0.636
1999,Ali,5,7,0.714
1999,Darian,5,6,0.833
1999,Devyn,5,7,0.714
1999,Jamie,5,33,0.152
1999,Rylee,5,17,0.294
2000,Tyler,452,8,56.5
2000,Hunter,314,10,31.4
2000,Logan,298,10,29.8
2000,Jordan,217,83,2.614
2000,Cameron,157,8,19.625
2000,Riley,136,38,3.579
2000,Devin,125,5,25.0
2000,Taylor,76,269,0.283
2000,Devon,71,6,11.833
2000,Carson,67,9,7.444
2000,Dakota,66,8,8.25
2000,Drew,65,7,9.286
2000,Aidan,56,5,11.2
2000,Peyton,55,45,1.222
2000,Bailey,49,106,0.462
2000,Casey,49,21,2.333
2000,Hayden,48,5,9.6
2000,Payton,48,60,0.8
2000,Jaden,45,17,2.647
2000,Jayden,43,13,3.308
2000,Micah,39,5,7.8
2000,Quinn,37,11,3.364
2000,Avery,35,35,1.0
2000,Angel,28,36,0.778
2000,Reese,25,5,5.0
2000,Sawyer,22,5,4.4
2000,Skyler,22,23,0.957
2000,Alexis,21,295,0.071
2000,Skylar,17,26,0.654
2000,Ashton,16,11,1.455
2000,Jaime,15,9,1.667
2000,Morgan,14,226,0.062
2000,Tenzin,11,5,2.2
2000,Jade,10,54,0.185
2000,Addison,9,18,0.5
2000,Darian,9,7,1.286
2000,Jaiden,9,11,0.818
2000,Devyn,8,9,0.889
2000,Kasey,8,8,1.0
2000,Sage,8,13,0.615
2000,Dominique,6,7,0.857
2000,Jamie,6,39,0.154
2000,Kendall,5,18,0.278
2000,Tayler,5,11,0.455
2001,Tyler,430,7,61.429
2001,Logan,352,9,39.111
2001,Hunter,294,6,49.0
2001,Jordan,167,75,2.227
2001,Riley,154,61,2.525
2001,Parker,146,6,24.333
2001,Cameron,126,9,14.0
2001,Devin,120,6,20.0
2001,Carson,78,5,15.6
2001,Jaden,71,23,3.087
2001,Aidan,64,5,12.8
2001,Dakota,61,5,12.2
2001,Taylor,54,238,0.227
2001,Jayden,53,20,2.65
2001,Peyton,49,40,1.225
2001,Drew,47,6,7.833
2001,Avery,45,40,1.125
2001,Casey,40,13,3.077
2001,Quinn,37,13,2.846
2001,Payton,35,56,0.625
2001,Angel,34,31,1.097
2001,Ashton,34,11,3.091
2001,Alexis,26,309,0.084
2001,Bailey,17,85,0.2
2001,Skyler,17,17,1.0
2001,Morgan,16,230,0.07
2001,Reese,15,5,3.0
2001,Dallas,14,7,2.0
2001,Skylar,13,34,0.382
2001,Addison,11,21,0.524
2001,Ali,10,6,1.667
2001,Harley,10,10,1.0
2001,Devyn,8,9,0.889
2001,Jamie,8,37,0.216
2001,Justice,8,12,0.667
2001,Jaiden,7,13,0.538
2001,Rylee,6,24,0.25
2001,Kelly,5,35,0.143
2001,London,5,6,0.833
2001,Sky,5,5,1.0
2002,Logan,390,7,55.714
2002,Austin,293,5,58.6
2002,Jordan,211,96,2.198
2002,Riley,202,65,3.108
2002,Cameron,122,7,17.429
2002,Parker,121,5,24.2
2002,Aidan,120,8,15.0
2002,Jaden,90,38,2.368
2002,Hayden,77,9,8.556
2002,Jayden,75,25,3.0
2002,Taylor,51,232,0.22
2002,Peyton,49,42,1.167
2002,Drew,48,8,6.0
2002,Dakota,44,16,2.75
2002,Angel,42,33,1.273
2002,Ashton,39,6,6.5
2002,Casey,38,12,3.167
2002,Payton,34,48,0.708
2002,Skyler,32,16,2.0
2002,Avery,29,61,0.475
2002,Reese,25,11,2.273
2002,Bailey,21,85,0.247
2002,Alexis,18,290,0.062
2002,Jaime,17,5,3.4
2002,Quinn,17,12,1.417
2002,Morgan,16,235,0.068
2002,Justice,15,16,0.938
2002,Tristen,14,6,2.333
2002,Ali,13,6,2.167
2002,Jaiden,10,11,0.909
2002,Skylar,9,29,0.31
2002,Rylee,8,33,0.242
2002,Sage,8,16,0.5
2002,Teagan,8,19,0.421
2002,Amari,7,8,0.875
2002,Jamie,7,37,0.189
2002,Rory,7,6,1.167
2002,Addison,6,27,0.222
2002,Kendall,6,19,0.316
2002,Kennedy,6,38,0.158
2002,Reilly,6,7,0.857
2002,Reagan,5,15,0.333
2002,Rowan,5,5,1.0
2002,Sidney,5,29,0.172
2003,Logan,362,7,51.714
2003,Michael,357,6,59.5
2003,Dylan,331,8,41.375
2003,Riley,213,71,3.0
2003,Gabriel,182,5,36.4
2003,Jordan,166,85,1.953
2003,Alex,163,5,32.6
2003,Cameron,132,5,26.4
2003,Carson,131,6,21.833
2003,Hayden,101,6,16.833
2003,Jaden,99,30,3.3
2003,Jayden,79,34,2.324
2003,Drew,64,5,12.8
2003,Avery,42,90,0.467
2003,Payton,42,52,0.808
2003,Keegan,40,5,8.0
2003,Taylor,39,216,0.181
2003,Angel,38,27,1.407
2003,Quinn,38,15,2.533
2003,Dakota,37,13,2.846
2003,Casey,30,12,2.5
2003,Peyton,27,46,0.587
2003,Skyler,23,20,1.15
2003,Bailey,20,85,0.235
2003,Reese,18,31,0.581
2003,Alexis,15,271,0.055
2003,Morgan,14,188,0.074
2003,Jaiden,11,16,0.688
2003,Addison,10,37,0.27
2003,Kendall,9,36,0.25
2003,Harley,8,8,1.0
2003,Jamie,7,29,0.241
2003,Emerson,6,9,0.667
2003,Jaime,6,8,0.75
2003,Jessie,6,8,0.75
2003,Sage,6,11,0.545
2003,Skylar,6,34,0.176
2003,Tenzin,6,10,0.6
2003,Baby,5,5,1.0
2003,Kelly,5,49,0.102
2003,Teagan,5,22,0.227
2004,Tyler,407,6,67.833
2004,Logan,344,8,43.0
2004,Ryan,312,7,44.571
2004,Dylan,311,5,62.2
2004,Hunter,229,5,45.8
2004,Riley,184,93,1.978
2004,Jordan,144,65,2.215
2004,Chase,119,6,19.833
2004,Cameron,112,13,8.615
2004,Parker,111,8,13.875
2004,Jayden,93,26,3.577
2004,Jaden,78,25,3.12
2004,Drew,64,6,10.667
2004,Peyton,58,54,1.074
2004,Angel,53,28,1.893
2004,Adrian,46,6,7.667
2004,Avery,45,104,0.433
2004,Quinn,41,21,1.952
2004,Taylor,39,182,0.214
2004,Alexis,37,274,0.135
2004,Dakota,32,11,2.909
2004,Payton,32,41,0.78
2004,Charlie,31,5,6.2
2004,Elliot,28,7,4.0
2004,Casey,26,10,2.6
2004,Kayden,21,8,2.625
2004,Reese,20,30,0.667
2004,Skyler,20,14,1.429
2004,Morgan,19,178,0.107
2004,Reece,19,7,2.714
2004,Rowan,14,7,2.0
2004,Bailey,13,64,0.203
2004,Ali,12,9,1.333
2004,Jaiden,12,12,1.0
2004,Teagan,12,17,0.706
2004,Harley,9,5,1.8
2004,Kasey,8,8,1.0
2004,Addison,7,47,0.149
2004,Rylee,7,60,0.117
2004,Justice,6,12,0.5
2004,Kelly,6,40,0.15
2004,Shea,6,5,1.2
2004,Skylar,6,40,0.15
2004,Finley,5,6,0.833
2005,Logan,358,9,39.778
2005,Riley,157,81,1.938
2005,Jordan,131,47,2.787
2005,Alex,130,7,18.571
2005,Cameron,123,14,8.786
2005,Jayden,120,30,4.0
2005,Parker,120,5,24.0
2005,Hayden,107,19,5.632
2005,Drew,81,7,11.571
2005,Angel,72,34,2.118
2005,Jaden,64,24,2.667
2005,Peyton,61,57,1.07
2005,Dakota,54,23,2.348
2005,Taylor,47,154,0.305
2005,Avery,45,139,0.324
2005,Payton,41,58,0.707
2005,Kayden,32,6,5.333
2005,Reese,31,27,1.148
2005,Quinn,27,18,1.5
2005,Casey,22,8,2.75
2005,Morgan,22,162,0.136
2005,Skyler,21,23,0.913
2005,Alexis,18,234,0.077
2005,Rowan,16,9,1.778
2005,Kasey,14,9,1.556
2005,Skylar,13,30,0.433
2005,Ali,11,5,2.2
2005,Jaiden,11,13,0.846
2005,Jamie,11,16,0.688
2005,Harley,10,9,1.111
2005,Ryley,10,7,1.429
2005,Kendall,9,48,0.188
2005,Tenzin,9,5,1.8
2005,Joey,8,5,1.6
2005,Addison,7,55,0.127
2005,Emerson,7,17,0.412
2005,Harper,7,8,0.875
2005,Reagan,7,30,0.233
2005,Rylee,7,36,0.194
2005,Teagan,7,33,0.212
2005,Tegan,6,5,1.2
2005,Dakotah,5,5,1.0
2005,Jadyn,5,33,0.152
2005,Kennedy,5,48,0.104
2005,Marley,5,7,0.714
2006,Logan,411,6,68.5
2006,Tyler,319,5,63.8
2006,Dylan,268,9,29.778
2006,Ryan,254,7,36.286
2006,Alex,168,6,28.0
2006,Riley,168,61,2.754
2006,Cameron,136,12,11.333
2006,Jayden,134,33,4.061
2006,Parker,133,10,13.3
2006,Hayden,111,9,12.333
2006,Jordan,108,48,2.25
2006,Angel,68,34,2.0
2006,Jaden,67,16,4.188
2006,Sawyer,63,9,7.0
2006,Peyton,60,60,1.0
2006,Avery,58,143,0.406
2006,Quinn,45,23,1.957
2006,Dakota,37,23,1.609
2006,Taylor,29,165,0.176
2006,Casey,27,11,2.455
2006,Skyler,22,12,1.833
2006,Alexis,21,197,0.107
2006,Payton,20,40,0.5
2006,Reese,20,54,0.37
2006,Rowan,18,17,1.059
2006,Ali,17,11,1.545
2006,Jaiden,17,13,1.308
2006,Emerson,16,29,0.552
2006,Kayden,15,10,1.5
2006,Morgan,15,173,0.087
2006,Harley,14,7,2.0
2006,Finley,12,10,1.2
2006,Justice,10,5,2.0
2006,Rory,9,6,1.5
2006,Rylee,9,44,0.205
2006,Teagan,9,29,0.31
2006,Bailey,8,47,0.17
2006,Harper,8,14,0.571
2006,Jaime,8,5,1.6
2006,Kasey,8,7,1.143
2006,Sage,8,10,0.8
2006,Skylar,8,39,0.205
2006,Campbell,7,5,1.4
2006,Phoenix,7,6,1.167
2006,Jamie,6,18,0.333
2006,Reagan,6,24,0.25
2006,Jessie,5,7,0.714
2006,Skye,5,11,0.455
2007,Evan,282,6,47.0
2007,Dylan,258,5,51.6
2007,Ryan,240,5,48.0
2007,Jayden,185,30,6.167
2007,Riley,149,73,2.041
2007,Cameron,134,12,11.167
2007,Jordan,127,33,3.848
2007,Parker,97,7,13.857
2007,Hayden,96,32,3.0
2007,Peyton,87,45,1.933
2007,Jaden,66,13,5.077
2007,Devin,63,5,12.6
2007,Angel,53,31,1.71
2007,Elliot,49,5,9.8
2007,Avery,43,147,0.293
2007,Quinn,43,26,1.654
2007,Rylan,37,6,6.167
2007,Dakota,36,23,1.565
2007,Payton,34,43,0.791
2007,Rowan,28,23,1.217
2007,Kayden,26,6,4.333
2007,Alexis,24,196,0.122
2007,Skyler,24,14,1.714
2007,Jaiden,21,14,1.5
2007,Casey,20,6,3.333
2007,Reece,20,6,3.333
2007,Taylor,20,173,0.116
2007,Reese,19,54,0.352
2007,Morgan,14,148,0.095
2007,Ali,12,5,2.4
2007,Teagan,12,33,0.364
2007,Emerson,10,19,0.526
2007,Finley,10,6,1.667
2007,Zion,10,5,2.0
2007,Elisha,8,5,1.6
2007,Kasey,8,9,0.889
2007,Sage,8,16,0.5
2007,Ariel,7,15,0.467
2007,Jadyn,7,23,0.304
2007,Phoenix,7,7,1.0
2007,Skylar,7,33,0.212
2007,Addison,6,349,0.017
2007,Jamie,6,19,0.316
2007,Marley,6,16,0.375
2007,Campbell,5,9,0.556
2007,Kendall,5,42,0.119
2007,Lyric,5,7,0.714
2007,Reagan,5,42,0.119
2007,Ryley,5,6,0.833
2008,Logan,364,6,60.667
2008,Jayden,207,27,7.667
2008,Cameron,140,17,8.235
2008,Riley,140,74,1.892
2008,Parker,137,7,19.571
2008,Hayden,94,56,1.679
2008,Jordan,91,30,3.033
2008,Sawyer,79,7,11.286
2008,Jaden,70,13,5.385
2008,Angel,63,26,2.423
2008,Peyton,62,82,0.756
2008,Elliot,47,5,9.4
2008,Kayden,44,13,3.385
2008,Charlie,42,7,6.0
2008,Quinn,38,21,1.81
2008,Avery,33,158,0.209
2008,Rowan,33,11,3.0
2008,Taylor,32,185,0.173
2008,Payton,31,66,0.47
2008,Casey,30,8,3.75
2008,Skyler,24,7,3.429
2008,Dakota,18,17,1.059
2008,Emerson,18,31,0.581
2008,Reese,18,46,0.391
2008,Phoenix,17,9,1.889
2008,Alexis,15,180,0.083
2008,Emery,14,12,1.167
2008,Morgan,14,134,0.104
2008,Tenzin,12,5,2.4
2008,Rylee,11,57,0.193
2008,Teagan,11,41,0.268
2008,Addison,10,250,0.04
2008,Jaiden,10,11,0.909
2008,Justice,9,7,1.286
2008,Amari,8,11,0.727
2008,Harley,8,8,1.0
2008,Sage,8,16,0.5
2008,Devyn,7,6,1.167
2008,Jamie,7,14,0.5
2008,Ryley,7,9,0.778
2008,Ali,6,13,0.462
2008,Darby,6,5,1.2
2008,Finley,6,12,0.5
2008,Payten,6,9,0.667
2008,Reagan,6,28,0.214
2008,Rory,6,6,1.0
2008,Sidney,6,11,0.545
2008,Skylar,6,25,0.24
2008,Tegan,6,10,0.6
2008,Kendall,5,55,0.091
2008,Rayan,5,12,0.417
2008,Shay,5,5,1.0
2008,Tatum,5,29,0.172
2009,Jayden,172,30,5.733
2009,Chase,151,5,30.2
2009,Parker,141,13,10.846
2009,Riley,138,77,1.792
2009,Cameron,124,11,11.273
2009,Alex,116,5,23.2
2009,Jordan,108,25,4.32
2009,Hayden,76,48,1.583
2009,Charlie,75,8,9.375
2009,Ayden,70,5,14.0
2009,Peyton,65,100,0.65
2009,Angel,62,31,2.0
2009,Quinn,56,17,3.294
2009,Avery,54,199,0.271
2009,Jaden,51,7,7.286
2009,Rylan,51,8,6.375
2009,Kayden,39,6,6.5
2009,August,34,7,4.857
2009,Casey,27,11,2.455
2009,Rowan,27,8,3.375
2009,Skyler,27,13,2.077
2009,Brecken,25,5,5.0
2009,Taylor,23,181,0.127
2009,Reece,21,7,3.0
2009,Reese,21,59,0.356
2009,Elliott,20,5,4.0
2009,Dakota,19,26,0.731
2009,Jaiden,18,8,2.25
2009,Harley,16,5,3.2
2009,Rory,16,6,2.667
2009,Alexis,14,195,0.072
2009,Ali,14,11,1.273
2009,Kieran,14,6,2.333
2009,Payton,14,99,0.141
2009,Harper,13,50,0.26
2009,Teagan,13,37,0.351
2009,Finley,12,20,0.6
2009,Justice,11,7,1.571
2009,Leighton,11,18,0.611
2009,Morgan,11,107,0.103
2009,Skylar,11,27,0.407
2009,Amari,10,12,0.833
2009,Phoenix,10,7,1.429
2009,Rylee,10,41,0.244
2009,Emery,9,16,0.562
2009,London,9,19,0.474
2009,River,9,7,1.286
2009,Sage,9,10,0.9
2009,Emerson,8,33,0.242
2009,Kendall,8,55,0.145
2009,Tenzin,8,6,1.333
2009,Devyn,7,5,1.4
2009,Raven,7,5,1.4
2009,Ryley,7,7,1.0
2009,Tatum,7,13,0.538
2009,Tegan,7,5,1.4
2009,Kasey,6,7,0.857
2009,Sidney,6,12,0.5
2009,Jamie,5,7,0.714
2009,Kennedy,5,52,0.096
2010,Logan,317,10,31.7
2010,Jayden,156,22,7.091
2010,Parker,117,10,11.7
2010,Riley,110,59,1.864
2010,Cameron,101,5,20.2
2010,Sawyer,92,11,8.364
2010,Jordan,90,24,3.75
2010,Hayden,76,45,1.689
2010,Charlie,67,15,4.467
2010,Elliot,63,7,9.0
2010,Peyton,55,103,0.534
2010,Angel,51,26,1.962
2010,Jaden,42,7,6.0
2010,Rowan,42,15,2.8
2010,Quinn,41,38,1.079
2010,Rylan,41,5,8.2
2010,Avery,39,198,0.197
2010,Kayden,37,5,7.4
2010,Skyler,24,8,3.0
2010,Leighton,20,17,1.176
2010,Payton,19,64,0.297
2010,Reese,19,63,0.302
2010,Teagan,19,56,0.339
2010,Finley,18,23,0.783
2010,Reece,17,6,2.833
2010,Harley,15,7,2.143
2010,Ari,14,5,2.8
2010,Taylor,13,126,0.103
2010,Alexis,11,163,0.067
2010,Ali,11,12,0.917
2010,Dakota,11,22,0.5
2010,Rory,11,9,1.222
2010,Harper,10,71,0.141
2010,Phoenix,10,5,2.0
2010,Skylar,9,32,0.281
2010,Amari,8,8,1.0
2010,Emerson,8,11,0.727
2010,Emery,8,10,0.8
2010,Morgan,8,100,0.08
2010,Tegan,8,5,1.6
2010,Justice,7,6,1.167
2010,Sidney,7,7,1.0
2010,Charley,6,7,0.857
2010,Rylee,6,56,0.107
2010,Rylie,6,28,0.214
2010,Sage,6,13,0.462
2010,Tatum,6,19,0.316
2010,Addison,5,247,0.02
2010,Kendall,5,52,0.096
2010,Kennedy,5,53,0.094
2010,Lyric,5,7,0.714
2010,Rayan,5,8,0.625
2010,Skye,5,9,0.556
2011,Logan,319,5,63.8
2011,Jayden,174,14,12.429
2011,Parker,157,11,14.273
2011,Bentley,116,7,16.571
2011,Riley,113,61,1.852
2011,Cameron,101,9,11.222
2011,Jordan,82,14,5.857
2011,Sawyer,81,7,11.571
2011,Charlie,69,18,3.833
2011,Hayden,68,32,2.125
2011,Peyton,57,93,0.613
2011,Avery,53,175,0.303
2011,Kayden,46,9,5.111
2011,Elliot,39,5,7.8
2011,Rowan,33,11,3.0
2011,Quinn,32,77,0.416
2011,Angel,29,16,1.812
2011,Skyler,23,8,2.875
2011,Payton,20,69,0.29
2011,Finley,19,39,0.487
2011,Ali,15,15,1.0
2011,Casey,15,7,2.143
2011,Emerson,15,18,0.833
2011,Reese,15,48,0.312
2011,Dakota,14,18,0.778
2011,Jaiden,13,5,2.6
2011,Ari,12,5,2.4
2011,Taylor,12,91,0.132
2011,Alexis,11,144,0.076
2011,Morgan,11,87,0.126
2011,Sage,11,14,0.786
2011,Amari,10,6,1.667
2011,Harper,10,138,0.072
2011,Leighton,10,14,0.714
2011,River,10,5,2.0
2011,Harley,9,9,1.0
2011,Skylar,9,38,0.237
2011,Teagan,8,48,0.167
2011,Justice,7,6,1.167
2011,Tenzin,7,9,0.778
2011,Emery,6,14,0.429
2011,London,6,18,0.333
2011,Lyric,6,9,0.667
2011,Rylee,6,31,0.194
2011,Tatum,6,17,0.353
2011,Ariel,5,25,0.2
2011,Blair,5,5,1.0
2011,Jamie,5,11,0.455
2011,Jessie,5,8,0.625
2011,Marley,5,16,0.312
2011,Reagan,5,30,0.167
2011,Sidney,5,12,0.417
2012,Logan,254,11,23.091
2012,Blake,181,8,22.625
2012,Parker,164,11,14.909
2012,Jayden,150,8,18.75
2012,Dylan,147,15,9.8
2012,Ryan,147,9,16.333
2012,Bentley,123,5,24.6
2012,Sawyer,100,16,6.25
2012,Jordan,89,18,4.944
2012,Riley,83,52,1.596
2012,Charlie,75,21,3.571
2012,Elliot,74,12,6.167
2012,Hayden,62,32,1.938
2012,Avery,56,281,0.199
2012,Keegan,53,5,10.6
2012,Drew,45,7,6.429
2012,Angel,39,16,2.438
2012,Rowan,33,18,1.833
2012,Peyton,31,84,0.369
2012,Quinn,31,72,0.431
2012,Elliott,29,7,4.143
2012,Skyler,23,16,1.438
2012,Jaylen,21,6,3.5
2012,Ari,19,6,3.167
2012,Finley,19,16,1.188
2012,Emerson,18,18,1.0
2012,Rory,17,7,2.429
2012,Reese,16,70,0.229
2012,Dakota,15,12,1.25
2012,Taylor,14,59,0.237
2012,Casey,13,6,2.167
2012,Leighton,13,13,1.0
2012,Payton,13,70,0.186
2012,Tatum,13,13,1.0
2012,Harley,11,9,1.222
2012,Ali,10,5,2.0
2012,River,10,9,1.111
2012,Alexis,9,107,0.084
2012,Rylee,9,34,0.265
2012,Skylar,9,39,0.231
2012,Emery,8,21,0.381
2012,Harper,8,203,0.039
2012,Justice,8,6,1.333
2012,Zion,8,7,1.143
2012,Amari,7,5,1.4
2012,Layne,7,5,1.4
2012,Morgan,7,77,0.091
2012,Reagan,7,59,0.119
2012,Camdyn,6,5,1.2
2012,Courtney,6,15,0.4
2012,London,6,22,0.273
2012,Rayan,5,15,0.333
2012,Teagan,5,42,0.119
2013,Logan,305,8,38.125
2013,Blake,188,8,23.5
2013,Parker,172,10,17.2
2013,Jayden,159,15,10.6
2013,Dylan,132,8,16.5
2013,Ryan,115,10,11.5
2013,Sawyer,95,19,5.0
2013,Jordan,90,11,8.182
2013,Charlie,74,32,2.312
2013,Elliot,65,6,10.833
2013,Ezra,60,6,10.0
2013,Riley,60,71,0.845
2013,Avery,50,209,0.239
2013,Drew,47,8,5.875
2013,Elliott,42,5,8.4
2013,Peyton,41,93,0.441
2013,Hayden,37,48,0.771
2013,Angel,35,17,2.059
2013,Rowan,33,14,2.357
2013,Emerson,26,30,0.867
2013,Rory,23,7,3.286
2013,Skyler,23,13,1.769
2013,Quinn,21,104,0.202
2013,Taylor,21,62,0.339
2013,Finley,17,43,0.395
2013,Ari,14,5,2.8
2013,Payton,14,70,0.2
2013,Phoenix,13,8,1.625
2013,Reese,13,39,0.333
2013,Ali,12,9,1.333
2013,Dakota,12,10,1.2
2013,Harper,12,215,0.056
2013,River,12,8,1.5
2013,Tatum,12,17,0.706
2013,Skylar,11,55,0.2
2013,Justice,9,10,0.9
2013,Lennon,9,5,1.8
2013,Tenzin,9,5,1.8
2013,Leighton,8,26,0.308
2013,Finnley,7,6,1.167
2013,Shiloh,7,10,0.7
2013,Teegan,7,5,1.4
2013,Alexis,6,117,0.051
2013,Harley,6,7,0.857
2013,London,6,19,0.316
2013,Presley,6,23,0.261
2013,Reagan,6,51,0.118
2013,Sidney,6,10,0.6
2013,Teagan,6,27,0.222
2013,Blair,5,9,0.556
2013,Monroe,5,6,0.833
2013,Morgan,5,78,0.064
2013,Sage,5,11,0.455
2013,Sutton,5,6,0.833
2014,Logan,258,6,43.0
2014,Blake,163,13,12.538
2014,Parker,161,19,8.474
2014,Dylan,135,12,11.25
2014,Jayden,118,7,16.857
2014,Sawyer,116,26,4.462
2014,Ryan,104,9,11.556
2014,Charlie,84,25,3.36
2014,Jordan,83,11,7.545
2014,Elliot,82,9,9.111
2014,Riley,78,54,1.444
2014,Avery,54,218,0.248
2014,Elliott,54,8,6.75
2014,Rowan,44,25,1.76
2014,Hayden,40,43,0.93
2014,Finley,38,51,0.745
2014,Spencer,35,5,7.0
2014,Peyton,31,83,0.373
2014,Angel,30,17,1.765
2014,Quinn,22,101,0.218
2014,Ari,21,7,3.0
2014,Rory,21,7,3.0
2014,Emerson,20,33,0.606
2014,Phoenix,18,6,3.0
2014,River,17,11,1.545
2014,Zion,16,6,2.667
2014,Dakota,15,20,0.75
2014,Reece,15,7,2.143
2014,Skyler,14,16,0.875
2014,Ali,12,8,1.5
2014,Lennon,12,15,0.8
2014,Emery,11,31,0.355
2014,Leighton,11,14,0.786
2014,Morgan,11,75,0.147
2014,Oakley,11,6,1.833
2014,Payton,11,42,0.262
2014,Remy,11,7,1.571
2014,Tatum,11,12,0.917
2014,Taylor,10,66,0.152
2014,Harley,8,11,0.727
2014,Justice,8,5,1.6
2014,Alexis,7,81,0.086
2014,London,7,37,0.189
2014,Rayan,7,16,0.438
2014,Reese,7,63,0.111
2014,Sage,7,16,0.438
2014,Lyric,6,6,1.0
2014,Rylee,6,47,0.128
2014,Skylar,6,52,0.115
2014,Teagan,6,37,0.162
2014,Blair,5,7,0.714
2014,Grey,5,5,1.0
2015,Logan,216,10,21.6
2015,Lincoln,189,8,23.625
2015,Parker,136,28,4.857
2015,Sawyer,132,20,6.6
2015,Bennett,130,6,21.667
2015,Cameron,128,7,18.286
2015,Dylan,118,10,11.8
2015,Blake,113,15,7.533
2015,Jayden,104,10,10.4
2015,August,72,6,12.0
2015,Elliot,72,8,9.0
2015,Jordan,71,11,6.455
2015,Hayden,65,50,1.3
2015,Charlie,64,26,2.462
2015,Rowan,52,16,3.25
2015,Riley,50,61,0.82
2015,Jude,49,6,8.167
2015,Finley,48,44,1.091
2015,Elliott,41,7,5.857
2015,Avery,40,167,0.24
2015,Rylan,37,6,6.167
2015,Angel,33,18,1.833
2015,Emerson,33,27,1.222
2015,Peyton,28,57,0.491
2015,Rory,24,10,2.4
2015,Lennon,23,19,1.211
2015,Drew,22,5,4.4
2015,River,22,22,1.0
2015,Oakley,21,17,1.235
2015,Skyler,19,17,1.118
2015,Ellis,16,8,2.0
2015,Quinn,16,106,0.151
2015,Remington,16,5,3.2
2015,Leighton,15,22,0.682
2015,Emery,14,40,0.35
2015,Tatum,13,20,0.65
2015,Morgan,12,66,0.182
2015,Remy,12,5,2.4
2015,Dakota,11,20,0.55
2015,Lennox,11,5,2.2
2015,Rylee,9,49,0.184
2015,Alexis,8,85,0.094
2015,Harley,8,18,0.444
2015,Phoenix,8,10,0.8
2015,Sage,8,20,0.4
2015,Skylar,8,52,0.154
2015,Amari,7,15,0.467
2015,Ariel,7,18,0.389
2015,Harper,7,236,0.03
2015,Payton,7,37,0.189
2015,Reagan,7,48,0.146
2015,Reese,7,39,0.179
2015,Taylor,7,51,0.137
2015,Tenzin,7,9,0.778
2015,Rayan,6,17,0.353
2015,Briar,5,12,0.417
2015,London,5,30,0.167
2015,Monroe,5,10,0.5
2015,Shea,5,7,0.714
2016,Logan,205,15,13.667
2016,Cameron,132,5,26.4
2016,Sawyer,131,27,4.852
2016,Parker,126,23,5.478
2016,Jayden,105,6,17.5
2016,Ezra,102,5,20.4
2016,Dylan,94,15,6.267
2016,Ryan,94,8,11.75
2016,Elliot,85,23,3.696
2016,Blake,84,21,4.0
2016,Charlie,82,23,3.565
2016,Austin,79,6,13.167
2016,Jordan,69,12,5.75
2016,Elliott,59,10,5.9
2016,Rowan,57,31,1.839
2016,Alex,52,5,10.4
2016,Riley,52,95,0.547
2016,Avery,45,168,0.268
2016,Finley,34,55,0.618
2016,Quinn,34,133,0.256
2016,Hayden,33,28,1.179
2016,Rory,31,16,1.938
2016,Ellis,30,10,3.0
2016,Angel,29,17,1.706
2016,Emerson,29,38,0.763
2016,Rylan,25,5,5.0
2016,Peyton,22,60,0.367
2016,Remy,22,8,2.75
2016,River,22,29,0.759
2016,Reese,21,38,0.553
2016,Remington,21,10,2.1
2016,Finnley,19,7,2.714
2016,Oakley,19,8,2.375
2016,Phoenix,19,5,3.8
2016,Sage,16,20,0.8
2016,Leighton,14,24,0.583
2016,Harley,13,21,0.619
2016,Royal,11,5,2.2
2016,Skyler,11,13,0.846
2016,Lennox,10,6,1.667
2016,Tenzin,10,7,1.429
2016,Alexis,9,55,0.164
2016,Dakota,9,22,0.409
2016,Justice,9,6,1.5
2016,Taylor,9,46,0.196
2016,Landry,8,5,1.6
2016,Lennon,8,20,0.4
2016,Morgan,8,60,0.133
2016,Rowen,8,6,1.333
2016,Jamie,7,8,0.875
2016,Joey,7,6,1.167
2016,Remi,7,26,0.269
2016,Tatum,7,11,0.636
2016,Teagan,7,45,0.156
2016,Eden,6,54,0.111
2016,Murphy,6,5,1.2
2016,Rayan,6,14,0.429
2016,Ariel,5,15,0.333
2016,Azariah,5,7,0.714
2016,Ramsey,5,7,0.714
2016,Shiloh,5,6,0.833
2017,Logan,240,13,18.462
2017,Carter,170,5,34.0
2017,Bennett,158,5,31.6
2017,Sawyer,132,40,3.3
2017,Cameron,117,11,10.636
2017,Dylan,105,14,7.5
2017,Elliot,104,19,5.474
2017,Parker,95,26,3.654
2017,Jayden,94,8,11.75
2017,Ryan,84,6,14.0
2017,Blake,76,23,3.304
2017,Rowan,75,35,2.143
2017,Charlie,71,42,1.69
2017,Jordan,63,11,5.727
2017,Finley,57,57,1.0
2017,Luca,56,5,11.2
2017,Ashton,55,6,9.167
2017,Elliott,55,12,4.583
2017,Avery,46,154,0.299
2017,Riley,41,93,0.441
2017,Emerson,38,22,1.727
2017,Kayden,37,7,5.286
2017,Hayden,36,29,1.241
2017,Rory,32,14,2.286
2017,Angel,28,15,1.867
2017,Phoenix,27,9,3.0
2017,Rylan,25,5,5.0
2017,Remy,24,9,2.667
2017,Remington,23,7,3.286
2017,River,22,17,1.294
2017,Quinn,21,133,0.158
2017,Oakley,19,16,1.188
2017,Karter,18,6,3.0
2017,Amari,17,6,2.833
2017,Peyton,16,60,0.267
2017,Dakota,15,18,0.833
2017,Finnley,14,7,2.0
2017,Leighton,13,14,0.929
2017,Lennon,13,26,0.5
2017,Tatum,13,17,0.765
2017,Reese,12,49,0.245
2017,Taylor,12,50,0.24
2017,Emery,11,48,0.229
2017,Ariel,10,25,0.4
2017,Lennox,10,13,0.769
2017,Casey,9,5,1.8
2017,Harley,9,22,0.409
2017,Sage,9,8,1.125
2017,Tenzin,8,7,1.143
2017,Alexis,7,42,0.167
2017,London,7,29,0.241
2017,Skyler,7,11,0.636
2017,Cedar,6,5,1.2
2017,Jamie,6,6,1.0
2017,Sutton,6,6,1.0
2017,Bailey,5,36,0.139
2017,Kennedy,5,78,0.064
2017,Lyric,5,9,0.556
2017,Payton,5,39,0.128
2017,Reagan,5,53,0.094
2017,Remi,5,23,0.217
2017,Rylee,5,54,0.093
2017,Shiloh,5,8,0.625
2018,Logan,194,18,10.778
2018,Sawyer,123,30,4.1
2018,Ezra,106,10,10.6
2018,Parker,98,26,3.769
2018,Cameron,92,12,7.667
2018,Ryan,86,9,9.556
2018,Dylan,84,8,10.5
2018,Jayden,76,6,12.667
2018,Elliot,67,11,6.091
2018,Charlie,66,27,2.444
2018,Jordan,66,11,6.0
2018,Rowan,64,49,1.306
2018,Blake,63,30,2.1
2018,Elliott,54,12,4.5
2018,Ashton,51,5,10.2
2018,Finley,49,45,1.089
2018,Angel,37,16,2.312
2018,Ellis,37,12,3.083
2018,Riley,34,88,0.386
2018,Hayden,32,32,1.0
2018,Rory,32,15,2.133
2018,Avery,30,149,0.201
2018,Oakley,28,21,1.333
2018,River,28,31,0.903
2018,Rylan,25,5,5.0
2018,Remington,24,6,4.0
2018,Phoenix,23,14,1.643
2018,Emerson,22,35,0.629
2018,Remy,22,10,2.2
2018,Quinn,20,106,0.189
2018,Sage,16,13,1.231
2018,Amari,15,15,1.0
2018,Lennox,15,10,1.5
2018,Ari,14,7,2.0
2018,Emery,14,45,0.311
2018,Peyton,14,65,0.215
2018,Kyrie,13,5,2.6
2018,Justice,10,7,1.429
2018,Sutton,10,9,1.111
2018,Dakota,9,17,0.529
2018,Harley,9,20,0.45
2018,Lennon,9,27,0.333
2018,Leighton,8,20,0.4
2018,Skylar,8,38,0.211
2018,Tatum,8,15,0.533
2018,Reese,7,39,0.179
2018,Taylor,7,41,0.171
2018,Alexis,6,40,0.15
2018,Cedar,6,5,1.2
2018,Elisha,6,5,1.2
2018,Jamie,6,5,1.2
2018,Shiloh,6,9,0.667
2018,Amen,5,6,0.833
2018,Eden,5,51,0.098
2018,Genesis,5,16,0.312
2018,Kirby,5,5,1.0
2018,Reagan,5,54,0.093
2018,Remi,5,24,0.208
2019,Carter,147,9,16.333
2019,Logan,142,16,8.875
2019,Sawyer,108,25,4.32
2019,Parker,98,26,3.769
2019,Rowan,88,33,2.667
2019,Dylan,79,12,6.583
2019,Charlie,77,33,2.333
2019,Ryan,77,8,9.625
2019,Luca,74,6,12.333
2019,Bentley,63,6,10.5
2019,Jordan,63,14,4.5
2019,Elliot,60,8,7.5
2019,Blake,57,39,1.462
2019,Elliott,49,14,3.5
2019,Hayden,49,20,2.45
2019,Finley,47,42,1.119
2019,Riley,42,85,0.494
2019,Avery,38,139,0.273
2019,Angel,35,9,3.889
2019,Ellis,33,6,5.5
2019,River,28,22,1.273
2019,Emerson,27,26,1.038
2019,Lennox,26,12,2.167
2019,Oakley,22,20,1.1
2019,Remington,22,10,2.2
2019,Phoenix,19,12,1.583
2019,Rory,19,16,1.188
2019,Rylan,18,6,3.0
2019,Peyton,17,75,0.227
2019,Remy,17,13,1.308
2019,Quinn,16,111,0.144
2019,Dakota,15,21,0.714
2019,Leighton,12,20,0.6
2019,Amari,11,17,0.647
2019,Sage,11,17,0.647
2019,Murphy,10,6,1.667
2019,Skyler,10,12,0.833
2019,Sutton,10,10,1.0
2019,Monroe,9,16,0.562
2019,Rayan,9,15,0.6
2019,Ari,8,9,0.889
2019,Baylor,8,9,0.889
2019,Morgan,8,51,0.157
2019,Taylor,8,50,0.16
2019,Eden,7,49,0.143
2019,Emery,7,61,0.115
2019,Palmer,7,16,0.438
2019,Amen,6,6,1.0
2019,Genesis,6,28,0.214
2019,Harley,6,19,0.316
2019,Reign,6,7,0.857
2019,Shiloh,6,10,0.6
2019,Tenzin,6,5,1.2
2019,Ariel,5,15,0.333
2019,Jamie,5,9,0.556
2019,Lennon,5,35,0.143
2019,Lyric,5,8,0.625
2019,Reese,5,45,0.111
2019,Remi,5,42,0.119
2019,Tatum,5,20,0.25
2020,Noah,217,6,36.167
2020,Logan,144,13,11.077
2020,Ezra,127,8,15.875
2020,Carter,125,6,20.833
2020,Sawyer,106,24,4.417
2020,Cameron,104,7,14.857
2020,August,89,6,14.833
2020,Parker,82,31,2.645
2020,Jayden,80,7,11.429
2020,Rowan,71,28,2.536
2020,Charlie,68,52,1.308
2020,Elliot,63,13,4.846
2020,Elliott,53,16,3.312
2020,Jordan,50,8,6.25
2020,Max,49,5,9.8
2020,Finley,44,38,1.158
2020,Hayden,43,41,1.049
2020,Blake,40,31,1.29
2020,River,40,15,2.667
2020,Angel,37,8,4.625
2020,Rory,32,17,1.882
2020,Emerson,31,33,0.939
2020,Paxton,30,6,5.0
2020,Phoenix,30,18,1.667
2020,Remington,30,5,6.0
2020,Avery,29,123,0.236
2020,Riley,27,81,0.333
2020,Ari,23,9,2.556
2020,Remy,21,8,2.625
2020,Quinn,20,103,0.194
2020,Dakota,17,15,1.133
2020,Drew,16,6,2.667
2020,Oakley,16,16,1.0
2020,Lennox,14,12,1.167
2020,Peyton,14,58,0.241
2020,Baylor,13,6,2.167
2020,Rylan,13,7,1.857
2020,Amari,12,12,1.0
2020,Armani,12,5,2.4
2020,Finnley,12,6,2.0
2020,Layne,12,9,1.333
2020,Skyler,12,6,2.0
2020,Sutton,12,25,0.48
2020,Rayan,10,15,0.667
2020,Tatum,10,14,0.714
2020,Tenzin,10,5,2.0
2020,Lennon,9,35,0.257
2020,Murphy,9,8,1.125
2020,Taylor,9,19,0.474
2020,Cedar,8,6,1.333
2020,Harley,8,15,0.533
2020,Landry,8,8,1.0
2020,Reese,8,45,0.178
2020,Genesis,7,26,0.269
2020,Jamie,7,10,0.7
2020,Legacy,7,8,0.875
2020,Nova,7,59,0.119
2020,Harlow,6,24,0.25
2020,Lyric,6,5,1.2
2020,Palmer,6,13,0.462
2020,Wren,6,48,0.125
2020,Alexis,5,12,0.417
2020,Ariel,5,12,0.417
2020,Briar,5,14,0.357
2020,Laine,5,6,0.833
2020,Laken,5,6,0.833
2020,Leighton,5,20,0.25
2020,Morgan,5,36,0.139
2020,Remi,5,42,0.119
2020,Robin,5,6,0.833
2021,Noah,223,5,44.6
2021,Logan,180,14,12.857
2021,Ezra,134,5,26.8
2021,Carter,110,6,18.333
2021,Cameron,106,9,11.778
2021,Rowan,97,38,2.553
2021,Luca,93,6,15.5
2021,August,92,6,15.333
2021,Sawyer,78,38,2.053
2021,Charlie,70,34,2.059
2021,Parker,70,48,1.458
2021,Dylan,61,6,10.167
2021,Elliot,59,9,6.556
2021,Blake,53,32,1.656
2021,Elliott,48,9,5.333
2021,Ryan,46,10,4.6
2021,Jordan,43,10,4.3
2021,River,41,31,1.323
2021,Hayden,38,26,1.462
2021,Rory,37,22,1.682
2021,Angel,33,15,2.2
2021,Finley,33,38,0.868
2021,Avery,28,118,0.237
2021,Ellis,27,9,3.0
2021,Oakley,26,23,1.13
2021,Riley,26,72,0.361
2021,Remy,25,17,1.471
2021,Emerson,24,36,0.667
2021,Remington,24,11,2.182
2021,Ari,23,7,3.286
2021,Phoenix,23,13,1.769
2021,Finnley,20,5,4.0
2021,Quinn,19,109,0.174
2021,Dakota,17,19,0.895
2021,Rylan,17,6,2.833
2021,Spencer,17,5,3.4
2021,Lennon,16,59,0.271
2021,Drew,15,6,2.5
2021,Layne,15,5,3.0
2021,Peyton,15,49,0.306
2021,Royal,14,5,2.8
2021,Tatum,14,20,0.7
2021,Amari,13,12,1.083
2021,Lennox,13,12,1.083
2021,Palmer,11,23,0.478
2021,Sage,11,25,0.44
2021,Shiloh,11,11,1.0
2021,Armani,10,5,2.0
2021,Azariah,10,7,1.429
2021,Baylor,10,8,1.25
2021,Genesis,10,20,0.5
2021,Murphy,10,12,0.833
2021,Briar,9,14,0.643
2021,Reese,9,50,0.18
2021,Sutton,9,32,0.281
2021,Emery,8,45,0.178
2021,Leighton,8,20,0.4
2021,Morgan,8,29,0.276
2021,Ocean,8,5,1.6
2021,Taylor,8,29,0.276
2021,Tenzin,8,6,1.333
2021,Ariel,7,14,0.5
2021,Aspen,7,40,0.175
2021,Jamie,7,5,1.4
2021,Madden,7,9,0.778
2021,Remi,7,42,0.167
2021,Robin,7,9,0.778
2021,Scout,7,9,0.778
2021,Alexis,6,20,0.3
2021,Bellamy,6,5,1.2
2021,Eden,6,55,0.109
2021,Rayan,6,16,0.375
2021,Artemis,5,7,0.714
2021,Rylee,5,72,0.069
