YOB,Name,mFrequency,fFrequency,mForF
1917,Laverne,8,7,1.143
1917,Marion,5,58,0.086
1920,John,299,10,29.9
1920,Arthur,115,5,23.0
1920,Laverne,5,26,0.192
1921,Merle,9,6,1.5
1922,Merle,14,7,2.0
1923,Laverne,10,15,0.667
1924,Robert,328,5,65.6
1924,George,127,5,25.4
1924,Merle,14,7,2.0
1924,Laverne,12,25,0.48
1925,Merle,11,7,1.571
1925,Laverne,8,25,0.32
1925,Lavern,7,6,1.167
1925,Marion,7,52,0.135
1926,Donald,232,7,33.143
1926,Raymond,126,5,25.2
1926,Laverne,6,24,0.25
1926,Marion,6,43,0.14
1927,Merle,18,6,3.0
1927,Lavern,14,5,2.8
1927,Laverne,5,29,0.172
1928,Raymond,112,7,16.0
1928,Laverne,13,23,0.565
1929,John,213,8,26.625
1929,Laverne,9,27,0.333
1930,Robert,324,5,64.8
1930,Ardell,8,7,1.143
1930,Lavern,8,5,1.6
1930,Laverne,7,12,0.583
1931,Laverne,13,16,0.812
1932,Laverne,7,17,0.412
1932,Ardell,5,5,1.0
1933,Laverne,9,19,0.474
1934,Merle,21,5,4.2
1934,Laverne,7,13,0.538
1935,Laverne,8,13,0.615
1935,Pat,6,8,0.75
1935,Jackie,5,5,1.0
1936,Marlyn,9,6,1.5
1936,Laverne,8,16,0.5
1937,Laverne,9,9,1.0
1937,Marion,5,15,0.333
1938,Ardell,8,6,1.333
1938,Laverne,6,18,0.333
1938,Jackie,5,9,0.556
1939,Jackie,5,6,0.833
1941,Pat,8,14,0.571
1941,Laverne,7,13,0.538
1943,Laverne,9,6,1.5
1944,Leslie,20,7,2.857
1944,Lynn,18,6,3.0
1944,Laverne,6,8,0.75
1945,Lynn,12,5,2.4
1945,Laverne,6,8,0.75
1946,Terry,85,7,12.143
1946,Leslie,23,6,3.833
1946,Lynn,22,9,2.444
1947,Terry,96,9,10.667
1947,Lynn,37,14,2.643
1947,Leslie,23,13,1.769
1948,Terry,91,9,10.111
1948,Leslie,29,5,5.8
1948,Lynn,27,17,1.588
1949,Terry,76,8,9.5
1949,Lynn,30,13,2.308
1949,Leslie,27,9,3.0
1949,Lee,19,9,2.111
1949,Kerry,13,8,1.625
1950,Terry,95,17,5.588
1950,Lynn,25,14,1.786
1950,Leslie,24,8,3.0
1950,Kerry,6,15,0.4
1950,Jackie,5,6,0.833
1951,Terry,78,11,7.091
1951,Lynn,26,21,1.238
1951,Leslie,23,7,3.286
1951,Kerry,12,10,1.2
1951,Gale,6,6,1.0
1951,Robin,5,6,0.833
1952,Terry,102,8,12.75
1952,Leslie,36,15,2.4
1952,Kim,30,9,3.333
1952,Lynn,26,21,1.238
1952,Kerry,7,7,1.0
1953,Terry,100,11,9.091
1953,Lynn,35,24,1.458
1953,Kim,32,10,3.2
1953,Leslie,27,11,2.455
1953,Lee,21,7,3.0
1953,Kerry,8,8,1.0
1953,Dana,6,5,1.2
1953,Robin,5,11,0.455
1954,Terry,106,14,7.571
1954,Kim,44,15,2.933
1954,Leslie,32,7,4.571
1954,Lynn,30,26,1.154
1954,Lee,27,5,5.4
1954,Kerry,13,9,1.444
1954,Robin,12,19,0.632
1954,Jan,8,24,0.333
1955,Terry,87,14,6.214
1955,Kim,51,29,1.759
1955,Lee,31,11,2.818
1955,Lynn,27,39,0.692
1955,Leslie,26,11,2.364
1955,Robin,17,18,0.944
1955,Jan,7,22,0.318
1955,Darcy,5,10,0.5
1955,Tracy,5,6,0.833
1956,Terry,116,9,12.889
1956,Kim,59,46,1.283
1956,Kelly,30,5,6.0
1956,Lynn,28,21,1.333
1956,Leslie,24,6,4.0
1956,Lee,21,6,3.5
1956,Robin,18,16,1.125
1956,Tracy,8,15,0.533
1957,Terry,87,12,7.25
1957,Kim,50,66,0.758
1957,Lee,30,5,6.0
1957,Lynn,29,27,1.074
1957,Kelly,26,8,3.25
1957,Leslie,22,19,1.158
1957,Robin,20,23,0.87
1957,Dana,8,8,1.0
1957,Tracy,8,9,0.889
1957,Jamie,5,5,1.0
1958,Terry,105,11,9.545
1958,Kelly,30,16,1.875
1958,Lee,26,5,5.2
1958,Leslie,25,15,1.667
1958,Kim,23,58,0.397
1958,Lynn,17,16,1.062
1958,Dana,16,5,3.2
1958,Robin,16,17,0.941
1958,Tracy,12,11,1.091
1958,Jamie,8,6,1.333
1958,Kerry,8,5,1.6
1958,Jan,5,18,0.278
1958,Jody,5,16,0.312
1959,Terry,79,15,5.267
1959,Kelly,45,36,1.25
1959,Lee,28,6,4.667
1959,Leslie,19,16,1.188
1959,Robin,18,29,0.621
1959,Lynn,17,22,0.773
1959,Kim,16,66,0.242
1959,Shawn,15,6,2.5
1959,Dana,11,5,2.2
1959,Jody,10,13,0.769
1959,Tracy,8,25,0.32
1959,Kerry,7,7,1.0
1959,Darcy,5,9,0.556
1960,Terry,86,9,9.556
1960,Dale,76,5,15.2
1960,Kelly,50,58,0.862
1960,Kim,21,62,0.339
1960,Leslie,21,12,1.75
1960,Tracy,18,40,0.45
1960,Jody,16,23,0.696
1960,Kerry,11,7,1.571
1960,Lynn,11,25,0.44
1960,Robin,10,58,0.172
1960,Darcy,7,6,1.167
1960,Jamie,5,12,0.417
1961,Terry,69,13,5.308
1961,Kelly,58,45,1.289
1961,Kerry,18,5,3.6
1961,Kim,15,67,0.224
1961,Shawn,14,7,2.0
1961,Lynn,13,23,0.565
1961,Dana,11,6,1.833
1961,Tracy,11,33,0.333
1961,Jamie,10,7,1.429
1961,Jody,10,16,0.625
1961,Robin,10,34,0.294
1961,Leslie,9,17,0.529
1961,Darcy,7,12,0.583
1961,Kris,6,6,1.0
1962,Terry,66,18,3.667
1962,Kelly,47,44,1.068
1962,Tracy,21,38,0.553
1962,Leslie,17,16,1.062
1962,Robin,15,49,0.306
1962,Lynn,14,24,0.583
1962,Kim,12,52,0.231
1962,Shannon,9,5,1.8
1962,Dana,7,14,0.5
1962,Darcy,6,8,0.75
1962,Jamie,6,13,0.462
1963,Terry,55,10,5.5
1963,Kelly,49,49,1.0
1963,Lynn,14,20,0.7
1963,Robin,13,30,0.433
1963,Tracy,13,34,0.382
1963,Lee,12,5,2.4
1963,Leslie,11,19,0.579
1963,Jody,10,23,0.435
1963,Shannon,9,15,0.6
1963,Dana,8,6,1.333
1963,Kim,8,46,0.174
1963,Darcy,7,17,0.412
1963,Jamie,7,8,0.875
1963,Stacy,5,15,0.333
1964,Terry,47,5,9.4
1964,Kelly,39,36,1.083
1964,Kerry,15,5,3.0
1964,Leslie,15,11,1.364
1964,Jamie,12,12,1.0
1964,Lynn,12,21,0.571
1964,Tracy,9,34,0.265
1964,Tracey,6,11,0.545
1964,Dana,5,18,0.278
1964,Robin,5,44,0.114
1964,Shannon,5,17,0.294
1965,Terry,46,5,9.2
1965,Shawn,35,5,7.0
1965,Kelly,28,36,0.778
1965,Chris,16,6,2.667
1965,Tracy,15,37,0.405
1965,Leslie,14,10,1.4
1965,Kerry,13,11,1.182
1965,Shannon,12,18,0.667
1965,Jamie,9,5,1.8
1965,Lynn,8,19,0.421
1965,Robin,8,33,0.242
1965,Dana,7,11,0.636
1965,Darcy,5,14,0.357
1965,Jody,5,20,0.25
1965,Kim,5,51,0.098
1966,Kelly,31,38,0.816
1966,Dana,14,9,1.556
1966,Kerry,12,7,1.714
1966,Lynn,10,12,0.833
1966,Leslie,9,7,1.286
1966,Kim,8,31,0.258
1966,Shannon,8,18,0.444
1966,Robin,7,29,0.241
1966,Stacey,6,18,0.333
1966,Stacy,6,18,0.333
1966,Tracy,6,46,0.13
1966,Kris,5,8,0.625
1967,Shawn,38,11,3.455
1967,Kelly,37,33,1.121
1967,Lee,21,5,4.2
1967,Tracy,17,38,0.447
1967,Stacy,15,35,0.429
1967,Shannon,13,12,1.083
1967,Leslie,11,12,0.917
1967,Dana,10,13,0.769
1967,Jody,9,16,0.562
1967,Stacey,9,23,0.391
1967,Robin,7,16,0.438
1967,Jamie,6,5,1.2
1967,Kerry,6,6,1.0
1968,Kelly,41,42,0.976
1968,Shawn,39,6,6.5
1968,Stacy,21,32,0.656
1968,Shannon,17,29,0.586
1968,Tracy,13,41,0.317
1968,Lynn,12,16,0.75
1968,Jamie,9,9,1.0
1968,Dana,8,8,1.0
1968,Jody,8,16,0.5
1968,Leslie,7,10,0.7
1968,Stacey,7,20,0.35
1969,Shawn,57,7,8.143
1969,Kelly,33,39,0.846
1969,Jamie,15,6,2.5
1969,Shannon,15,35,0.429
1969,Stacy,14,32,0.438
1969,Dana,12,9,1.333
1969,Jody,11,14,0.786
1969,Lee,11,7,1.571
1969,Tracy,10,56,0.179
1969,Lynn,8,14,0.571
1969,Darcy,6,10,0.6
1969,Robin,6,15,0.4
1969,Leslie,5,15,0.333
1970,Shawn,71,7,10.143
1970,Kelly,46,42,1.095
1970,Jamie,18,9,2.0
1970,Shannon,18,40,0.45
1970,Lynn,15,20,0.75
1970,Jody,12,22,0.545
1970,Leslie,8,13,0.615
1970,Tracy,6,52,0.115
1970,Stacy,5,41,0.122
1971,Shawn,78,6,13.0
1971,Jamie,33,8,4.125
1971,Kelly,25,34,0.735
1971,Shannon,22,57,0.386
1971,Jody,12,22,0.545
1971,Lynn,10,8,1.25
1971,Tracy,9,46,0.196
1971,Stacy,8,46,0.174
1971,Dana,7,16,0.438
1972,Shawn,79,7,11.286
1972,Shannon,23,43,0.535
1972,Tracy,16,53,0.302
1972,Kelly,15,28,0.536
1972,Terry,14,5,2.8
1972,Jody,11,19,0.579
1972,Dana,8,19,0.421
1972,Lynn,7,10,0.7
1972,Leslie,6,16,0.375
1973,Shawn,59,7,8.429
1973,Jamie,36,9,4.0
1973,Kelly,26,26,1.0
1973,Shannon,17,38,0.447
1973,Tracy,17,40,0.425
1973,Dana,13,17,0.765
1973,Chris,8,6,1.333
1973,Lynn,8,12,0.667
1973,Stacy,7,33,0.212
1973,Jody,5,13,0.385
1973,Robin,5,10,0.5
1974,Jamie,44,13,3.385
1974,Kelly,28,26,1.077
1974,Shannon,13,40,0.325
1974,Dana,5,8,0.625
1974,Jody,5,15,0.333
1975,Jamie,36,5,7.2
1975,Kelly,26,22,1.182
1975,Shannon,20,38,0.526
1975,Tracy,11,44,0.25
1975,Dana,9,13,0.692
1975,Jody,5,13,0.385
1975,Robin,5,21,0.238
1976,Jamie,33,38,0.868
1976,Kelly,26,40,0.65
1976,Shannon,10,58,0.172
1976,Stacey,6,25,0.24
1976,Dana,5,10,0.5
1976,Jody,5,7,0.714
1977,Jesse,61,5,12.2
1977,Kelly,32,66,0.485
1977,Jamie,29,45,0.644
1977,Shannon,14,55,0.255
1977,Dana,8,12,0.667
1977,Courtney,6,6,1.0
1977,Tracy,5,25,0.2
1978,Shawn,53,6,8.833
1978,Casey,34,8,4.25
1978,Kelly,28,56,0.5
1978,Jamie,21,36,0.583
1978,Shannon,10,34,0.294
1978,Leslie,6,12,0.5
1978,Dana,5,13,0.385
1978,Jessie,5,8,0.625
1979,Michael,210,5,42.0
1979,Casey,29,12,2.417
1979,Jamie,26,42,0.619
1979,Kelly,23,51,0.451
1979,Shannon,11,40,0.275
1979,Dana,9,22,0.409
1980,Casey,41,7,5.857
1980,Kelly,22,54,0.407
1980,Jamie,18,55,0.327
1980,Lee,14,5,2.8
1980,Dana,12,16,0.75
1980,Shannon,7,26,0.269
1980,Courtney,6,16,0.375
1981,Jesse,87,5,17.4
1981,Casey,44,11,4.0
1981,Kelly,24,39,0.615
1981,Jamie,16,54,0.296
1981,Shannon,7,28,0.25
1982,Ryan,180,5,36.0
1982,Casey,50,7,7.143
1982,Jamie,18,44,0.409
1982,Kelly,18,43,0.419
1982,Dana,7,13,0.538
1982,Shannon,7,28,0.25
1983,Casey,40,10,4.0
1983,Kelly,20,32,0.625
1983,Jamie,15,47,0.319
1983,Kasey,5,5,1.0
1984,Cody,73,5,14.6
1984,Casey,57,11,5.182
1984,Kelly,15,31,0.484
1984,Jamie,12,23,0.522
1984,Dana,8,15,0.533
1984,Shannon,8,34,0.235
1985,Casey,39,9,4.333
1985,Jamie,14,49,0.286
1985,Kelly,12,30,0.4
1985,Morgan,6,9,0.667
1985,Dana,5,8,0.625
1985,Kelsey,5,24,0.208
1985,Shannon,5,26,0.192
1986,Jordan,83,8,10.375
1986,Casey,42,19,2.211
1986,Kelly,21,33,0.636
1986,Dana,5,9,0.556
1986,Jade,5,5,1.0
1986,Jamie,5,30,0.167
1986,Kasey,5,7,0.714
1987,Jordan,82,8,10.25
1987,Casey,50,10,5.0
1987,Jamie,9,26,0.346
1987,Kelly,9,20,0.45
1988,Casey,44,16,2.75
1988,Taylor,18,7,2.571
1988,Kelly,11,16,0.688
1988,Dana,5,10,0.5
1988,Jamie,5,21,0.238
1989,Jordan,94,15,6.267
1989,Casey,41,11,3.727
1989,Taylor,25,10,2.5
1989,Kelly,9,12,0.75
1989,Mackenzie,8,5,1.6
1989,Jamie,7,23,0.304
1989,Dana,6,10,0.6
1990,Jordan,92,19,4.842
1990,Taylor,36,23,1.565
1990,Jamie,12,25,0.48
1990,Kasey,7,10,0.7
1990,Kelly,7,12,0.583
1990,Devon,6,5,1.2
1991,Jordan,97,15,6.467
1991,Taylor,51,29,1.759
1991,Casey,41,5,8.2
1991,Kasey,5,6,0.833
1992,Jordan,95,10,9.5
1992,Taylor,54,56,0.964
1992,Casey,35,6,5.833
1992,Shelby,7,55,0.127
1992,Jade,6,12,0.5
1992,Kelly,6,13,0.462
1992,Skyler,6,6,1.0
1993,Jordan,81,24,3.375
1993,Taylor,51,70,0.729
1993,Casey,37,9,4.111
1993,Riley,12,6,2.0
1993,Jamie,6,14,0.429
1993,Skylar,5,5,1.0
1994,Jordan,73,21,3.476
1994,Taylor,51,94,0.543
1994,Riley,20,9,2.222
1994,Jamie,10,10,1.0
1995,Jordan,67,20,3.35
1995,Taylor,34,72,0.472
1995,Casey,16,6,2.667
1995,Riley,14,5,2.8
1995,Jayden,9,5,1.8
1995,Jade,6,12,0.5
1995,Ashton,5,6,0.833
1996,Jordan,61,22,2.773
1996,Hunter,40,6,6.667
1996,Taylor,36,77,0.468
1996,Riley,23,7,3.286
1996,Casey,19,8,2.375
1996,Jayden,15,6,2.5
1996,Bailey,12,24,0.5
1996,Payton,8,6,1.333
1996,Mackenzie,6,17,0.353
1996,Morgan,5,36,0.139
1997,Jordan,66,18,3.667
1997,Bryce,20,5,4.0
1997,Taylor,18,64,0.281
1997,Bailey,15,18,0.833
1997,Jayden,15,7,2.143
1997,Payton,7,9,0.778
1997,Jade,5,10,0.5
1997,Tayler,5,8,0.625
1998,Jordan,40,24,1.667
1998,Riley,23,8,2.875
1998,Taylor,20,72,0.278
1998,Skyler,15,5,3.0
1998,Casey,14,7,2.0
1998,Bailey,9,35,0.257
1998,Dakota,7,5,1.4
1998,Peyton,6,8,0.75
1999,Jordan,44,13,3.385
1999,Riley,28,9,3.111
1999,Taylor,21,69,0.304
1999,Jaden,18,7,2.571
1999,Casey,16,5,3.2
1999,Jayden,11,11,1.0
2000,Jordan,31,14,2.214
2000,Jayden,21,6,3.5
2000,Taylor,21,54,0.389
2000,Payton,11,12,0.917
2000,Bailey,10,21,0.476
2000,Morgan,6,43,0.14
2000,Ashton,5,5,1.0
2000,Avery,5,7,0.714
2001,Logan,40,5,8.0
2001,Jayden,22,6,3.667
2001,Jordan,22,10,2.2
2001,Riley,22,7,3.143
2001,Jaden,13,7,1.857
2001,Peyton,11,10,1.1
2001,Taylor,11,41,0.268
2001,Quinn,9,7,1.286
2001,Skyler,7,5,1.4
2001,Bailey,5,20,0.25
2001,Payton,5,12,0.417
2002,Riley,31,7,4.429
2002,Jordan,27,13,2.077
2002,Jaden,22,6,3.667
2002,Taylor,7,37,0.189
2002,Angel,6,7,0.857
2002,Payton,6,10,0.6
2002,Bailey,5,15,0.333
2003,Jayden,23,9,2.556
2003,Riley,23,9,2.556
2003,Jaden,20,7,2.857
2003,Jordan,19,20,0.95
2003,Taylor,11,42,0.262
2003,Peyton,8,11,0.727
2003,Avery,7,15,0.467
2003,Harley,5,6,0.833
2004,Riley,30,9,3.333
2004,Jayden,20,5,4.0
2004,Jordan,18,5,3.6
2004,Peyton,15,11,1.364
2004,Avery,10,18,0.556
2004,Payton,10,9,1.111
2004,Taylor,10,30,0.333
2005,Riley,28,12,2.333
2005,Jordan,24,5,4.8
2005,Peyton,20,11,1.818
2005,Jayden,19,11,1.727
2005,Jaden,16,6,2.667
2005,Reese,9,5,1.8
2005,Taylor,9,25,0.36
2005,Payton,8,10,0.8
2005,Avery,7,24,0.292
2006,Riley,24,10,2.4
2006,Jordan,23,5,4.6
2006,Jayden,18,8,2.25
2006,Taylor,14,31,0.452
2006,Payton,13,7,1.857
2006,Peyton,10,5,2.0
2006,Avery,9,33,0.273
2006,Morgan,5,19,0.263
2006,Reese,5,12,0.417
2007,Jayden,31,7,4.429
2007,Hayden,25,5,5.0
2007,Riley,23,12,1.917
2007,Peyton,18,13,1.385
2007,Avery,13,21,0.619
2007,Payton,9,6,1.5
2007,Taylor,9,40,0.225
2007,Quinn,7,6,1.167
2007,Reese,6,12,0.5
2008,Jayden,30,5,6.0
2008,Riley,28,8,3.5
2008,Hayden,23,12,1.917
2008,Jordan,19,8,2.375
2008,Peyton,17,16,1.062
2008,Payton,9,13,0.692
2008,Avery,6,29,0.207
2008,Taylor,6,20,0.3
2008,Addison,5,50,0.1
2008,Reese,5,9,0.556
2008,Rylee,5,17,0.294
2009,Hayden,23,10,2.3
2009,Riley,20,10,2.0
2009,Peyton,18,19,0.947
2009,Avery,9,25,0.36
2009,Payton,9,9,1.0
2009,Reese,6,7,0.857
2009,Taylor,6,43,0.14
2009,Angel,5,5,1.0
2009,Quinn,5,5,1.0
2010,Jayden,27,5,5.4
2010,Riley,21,17,1.235
2010,Hayden,14,13,1.077
2010,Jordan,12,8,1.5
2010,Sawyer,12,5,2.4
2010,Peyton,9,28,0.321
2010,Avery,7,23,0.304
2010,Reese,7,13,0.538
2010,Quinn,5,10,0.5
2011,Parker,39,5,7.8
2011,Jayden,21,5,4.2
2011,Hayden,19,9,2.111
2011,Riley,19,10,1.9
2011,Payton,8,9,0.889
2011,Peyton,8,21,0.381
2011,Avery,5,39,0.128
2011,Reese,5,8,0.625
2011,Tatum,5,5,1.0
2012,Riley,20,12,1.667
2012,Jayden,19,5,3.8
2012,Sawyer,14,8,1.75
2012,Hayden,12,9,1.333
2012,Avery,9,42,0.214
2012,Charlie,8,6,1.333
2012,Taylor,6,12,0.5
2012,Reese,5,10,0.5
2013,Sawyer,22,8,2.75
2013,Jayden,18,5,3.6
2013,Charlie,13,10,1.3
2013,Riley,13,8,1.625
2013,Hayden,12,9,1.333
2013,Avery,8,41,0.195
2013,Quinn,6,17,0.353
2014,Parker,38,6,6.333
2014,Blake,28,6,4.667
2014,Sawyer,25,8,3.125
2014,Riley,18,22,0.818
2014,Charlie,16,7,2.286
2014,Hayden,13,16,0.812
2014,Peyton,10,14,0.714
2014,Avery,9,49,0.184
2014,Oakley,7,5,1.4
2014,River,7,6,1.167
2014,Dakota,5,7,0.714
2014,Emery,5,9,0.556
2014,Payton,5,12,0.417
2015,Parker,27,5,5.4
2015,Sawyer,26,6,4.333
2015,Blake,24,8,3.0
2015,Riley,15,10,1.5
2015,Charlie,14,15,0.933
2015,Elliot,13,5,2.6
2015,Hayden,12,9,1.333
2015,Peyton,11,15,0.733
2015,Avery,10,43,0.233
2015,Finley,8,8,1.0
2015,Teagan,8,8,1.0
2015,Oakley,6,6,1.0
2015,Rowan,6,9,0.667
2016,Sawyer,30,15,2.0
2016,Blake,22,7,3.143
2016,Hayden,15,5,3.0
2016,Charlie,13,12,1.083
2016,Finley,12,9,1.333
2016,Riley,12,16,0.75
2016,Avery,10,35,0.286
2016,Rowan,10,9,1.111
2016,Remington,8,6,1.333
2016,Quinn,7,26,0.269
2016,Reese,6,7,0.857
2016,Emerson,5,7,0.714
2016,Peyton,5,15,0.333
2017,Sawyer,30,7,4.286
2017,Rowan,20,8,2.5
2017,Parker,17,8,2.125
2017,Blake,11,11,1.0
2017,Hayden,11,13,0.846
2017,Charlie,9,8,1.125
2017,Finley,9,11,0.818
2017,Avery,7,25,0.28
2017,Dakota,7,9,0.778
2017,Dylan,6,7,0.857
2017,Emerson,6,7,0.857
2017,Riley,5,18,0.278
2018,Logan,45,5,9.0
2018,Sawyer,24,5,4.8
2018,Blake,19,12,1.583
2018,Rowan,17,12,1.417
2018,Parker,16,6,2.667
2018,Avery,12,30,0.4
2018,Riley,11,7,1.571
2018,Charlie,10,9,1.111
2018,Dylan,9,7,1.286
2018,Emerson,9,5,1.8
2018,Finley,5,13,0.385
2018,Lennon,5,6,0.833
2018,Remington,5,6,0.833
2018,River,5,6,0.833
2019,Carter,45,5,9.0
2019,Logan,39,5,7.8
2019,Sawyer,30,9,3.333
2019,Parker,23,12,1.917
2019,River,16,9,1.778
2019,Rowan,14,6,2.333
2019,Hayden,11,5,2.2
2019,Sutton,11,7,1.571
2019,Blake,10,11,0.909
2019,Finley,7,8,0.875
2019,Riley,7,11,0.636
2019,Emerson,6,6,1.0
2020,Carter,23,5,4.6
2020,Sawyer,21,11,1.909
2020,Rowan,16,6,2.667
2020,Parker,14,13,1.077
2020,Blake,11,11,1.0
2020,Riley,9,15,0.6
2020,Charlie,8,15,0.533
2020,Hayden,8,8,1.0
2020,Emerson,7,8,0.875
2020,Briar,6,9,0.667
2020,Phoenix,6,5,1.2
2020,River,6,9,0.667
2020,Avery,5,18,0.278
2020,Sage,5,9,0.556
2020,Taylor,5,5,1.0
2021,Noah,34,5,6.8
2021,Sawyer,27,15,1.8
2021,River,19,11,1.727
2021,Parker,18,6,3.0
2021,Rowan,13,7,1.857
2021,Blake,11,11,1.0
2021,Charlie,11,15,0.733
2021,Elliot,11,5,2.2
2021,Hayden,11,7,1.571
2021,Avery,8,16,0.5
2021,Finley,6,6,1.0
2021,Phoenix,6,5,1.2
2021,Tatum,6,7,0.857
2021,Emerson,5,7,0.714
2021,Riley,5,11,0.455
2021,Rory,5,5,1.0
