YOB,Name,mFrequency,fFrequency,mForF
1910,Marion,6,10,0.6
1912,Merle,12,8,1.5
1912,Marion,9,14,0.643
1912,Fay,6,6,1.0
1913,Marion,14,18,0.778
1913,Merle,9,6,1.5
1914,Francis,58,5,11.6
1914,Marion,29,14,2.071
1914,Merle,26,5,5.2
1914,Laverne,8,19,0.421
1914,Jean,7,27,0.259
1914,Carol,6,10,0.6
1915,Merle,33,5,6.6
1915,Marion,24,23,1.043
1915,Laverne,7,11,0.636
1915,Fay,6,5,1.2
1915,Carol,5,13,0.385
1915,Cleo,5,11,0.455
1915,Jean,5,48,0.104
1916,Francis,70,6,11.667
1916,Merle,29,6,4.833
1916,Marion,26,30,0.867
1916,Laverne,11,19,0.579
1916,Gail,8,7,1.143
1916,Joy,6,7,0.857
1916,Jean,5,62,0.081
1917,Harold,295,5,59.0
1917,Merle,44,9,4.889
1917,Marion,22,33,0.667
1917,Lavern,14,8,1.75
1917,Laverne,9,22,0.409
1917,Cleo,7,14,0.5
1917,Jean,7,80,0.088
1917,Fay,5,7,0.714
1917,Gail,5,5,1.0
1918,Merle,37,7,5.286
1918,Marion,33,48,0.688
1918,Lavern,22,8,2.75
1918,Laverne,20,32,0.625
1918,Gail,9,6,1.5
1918,Fay,8,7,1.143
1918,Cleo,5,12,0.417
1918,Jean,5,90,0.056
1918,Joy,5,9,0.556
1919,Francis,70,5,14.0
1919,Merle,36,6,6.0
1919,Marion,24,34,0.706
1919,Laverne,18,28,0.643
1919,Fay,10,6,1.667
1919,Cleo,9,17,0.529
1919,Beryl,5,8,0.625
1920,Francis,100,9,11.111
1920,Merle,45,8,5.625
1920,Marion,29,49,0.592
1920,Lavern,26,5,5.2
1920,Laverne,20,24,0.833
1920,Cleo,7,24,0.292
1920,Fay,7,9,0.778
1920,Jean,7,120,0.058
1920,Carol,5,25,0.2
1921,Merle,40,9,4.444
1921,Marion,31,45,0.689
1921,Lavern,30,8,3.75
1921,Laverne,19,24,0.792
1921,Billie,7,8,0.875
1922,Marion,32,34,0.941
1922,Lavern,28,9,3.111
1922,Laverne,21,22,0.955
1922,Jean,8,138,0.058
1922,Joy,7,14,0.5
1922,Fay,6,7,0.857
1922,Cleo,5,14,0.357
1923,Merle,46,6,7.667
1923,Leslie,35,5,7.0
1923,Marion,24,39,0.615
1923,Laverne,16,22,0.727
1923,Billie,8,10,0.8
1923,Jean,5,113,0.044
1924,Marion,17,37,0.459
1924,Laverne,13,27,0.481
1924,Billie,9,9,1.0
1924,Jean,8,134,0.06
1924,Cleo,7,9,0.778
1924,Betty,6,671,0.009
1924,Beryl,5,5,1.0
1925,William,422,8,52.75
1925,James,345,6,57.5
1925,Gene,58,5,11.6
1925,Merle,43,7,6.143
1925,Marion,21,26,0.808
1925,Laverne,18,15,1.2
1925,Billie,12,8,1.5
1925,Cleo,6,9,0.667
1925,Gail,6,5,1.2
1925,Jean,6,130,0.046
1925,Shirley,6,180,0.033
1925,Carol,5,41,0.122
1926,Robert,881,8,110.125
1926,Donald,513,7,73.286
1926,Merle,37,6,6.167
1926,Lavern,25,6,4.167
1926,Marion,20,34,0.588
1926,Laverne,14,12,1.167
1926,Jackie,9,7,1.286
1926,Billie,7,13,0.538
1926,Jean,6,153,0.039
1927,Robert,864,5,172.8
1927,Richard,414,5,82.8
1927,Gene,94,6,15.667
1927,Merle,39,5,7.8
1927,Jerry,31,7,4.429
1927,Marion,25,32,0.781
1927,Billie,16,10,1.6
1927,Laverne,16,10,1.6
1927,Jackie,8,6,1.333
1927,Joy,5,16,0.312
1928,Robert,839,10,83.9
1928,William,394,5,78.8
1928,Marion,33,30,1.1
1928,Laverne,21,10,2.1
1928,Jackie,11,6,1.833
1928,Billie,10,16,0.625
1928,Gail,5,5,1.0
1928,Jean,5,137,0.036
1929,William,391,5,78.2
1929,Jerry,57,7,8.143
1929,Marion,28,30,0.933
1929,Billie,19,8,2.375
1929,Laverne,14,11,1.273
1929,Jackie,13,11,1.182
1929,Carol,6,72,0.083
1929,Betty,5,532,0.009
1929,Joy,5,19,0.263
1930,Robert,815,7,116.429
1930,James,385,5,77.0
1930,Jerry,95,6,15.833
1930,Lee,30,6,5.0
1930,Marion,15,26,0.577
1930,Billie,14,11,1.273
1930,Laverne,13,13,1.0
1930,Jackie,8,13,0.615
1930,Jean,7,124,0.056
1930,Connie,6,11,0.545
1930,Pat,6,16,0.375
1931,Robert,826,11,75.091
1931,Marion,17,19,0.895
1931,Laverne,15,12,1.25
1931,Jackie,14,11,1.273
1931,Billie,9,10,0.9
1932,Robert,777,6,129.5
1932,Lee,32,10,3.2
1932,Merle,27,7,3.857
1932,Jackie,22,15,1.467
1932,Lavern,20,5,4.0
1932,Marion,17,19,0.895
1932,Billie,10,11,0.909
1932,Laverne,9,12,0.75
1932,Barbara,5,248,0.02
1932,Gayle,5,7,0.714
1932,Kay,5,6,0.833
1932,Mary,5,514,0.01
1932,Pat,5,21,0.238
1933,Robert,627,5,125.4
1933,Donald,522,5,104.4
1933,Lynn,17,5,3.4
1933,Marion,17,11,1.545
1933,Laverne,15,8,1.875
1933,Gayle,11,5,2.2
1933,Jackie,10,15,0.667
1933,Billie,6,12,0.5
1934,Robert,669,5,133.8
1934,Marion,19,9,2.111
1934,Jackie,16,23,0.696
1934,Laverne,11,6,1.833
1934,Pat,11,25,0.44
1934,Gayle,10,21,0.476
1934,Billie,9,7,1.286
1934,Gail,7,11,0.636
1934,Kay,5,33,0.152
1935,Jackie,21,14,1.5
1935,Marion,19,16,1.188
1935,Billie,12,9,1.333
1935,Gayle,12,6,2.0
1935,Laverne,9,5,1.8
1935,Gail,8,7,1.143
1935,Pat,8,37,0.216
1935,Shirley,7,612,0.011
1935,Gerry,5,5,1.0
1936,Jerry,198,7,28.286
1936,Marion,16,14,1.143
1936,Jackie,15,26,0.577
1936,Gayle,10,23,0.435
1936,Laverne,10,5,2.0
1936,Gail,9,10,0.9
1936,Pat,8,33,0.242
1936,Billie,7,8,0.875
1936,Kay,5,66,0.076
1937,Jerry,185,7,26.429
1937,Gayle,16,11,1.455
1937,Pat,16,18,0.889
1937,Jackie,15,15,1.0
1937,Marion,10,11,0.909
1937,Gail,9,9,1.0
1937,Billie,8,12,0.667
1937,Kay,6,78,0.077
1937,Mary,5,466,0.011
1938,Jackie,20,22,0.909
1938,Marion,12,8,1.5
1938,Laverne,10,5,2.0
1938,Gail,8,20,0.4
1938,Carol,7,191,0.037
1938,Gayle,6,12,0.5
1939,Jerry,215,7,30.714
1939,Lynn,23,5,4.6
1939,Gale,16,5,3.2
1939,Gail,14,12,1.167
1939,Jackie,13,12,1.083
1939,Gayle,8,6,1.333
1939,Marion,7,12,0.583
1939,Pat,7,25,0.28
1939,Carol,6,206,0.029
1939,Kay,5,83,0.06
1940,James,422,6,70.333
1940,Lynn,26,10,2.6
1940,Jackie,13,20,0.65
1940,Laverne,9,5,1.8
1940,Gail,7,18,0.389
1940,Gayle,7,10,0.7
1940,Marion,7,11,0.636
1940,Jan,6,5,1.2
1940,Pat,6,27,0.222
1941,Lynn,33,7,4.714
1941,Jackie,15,14,1.071
1941,Jan,9,5,1.8
1941,Gayle,8,11,0.727
1941,Marion,7,8,0.875
1942,Lynn,28,10,2.8
1942,Leslie,16,6,2.667
1942,Jackie,13,14,0.929
1942,Gayle,10,9,1.111
1942,Marion,9,10,0.9
1942,Pat,9,28,0.321
1942,Jan,8,10,0.8
1942,Gail,7,22,0.318
1943,Terry,82,8,10.25
1943,Lynn,37,8,4.625
1943,Leslie,22,9,2.444
1943,Jackie,13,11,1.182
1943,Marion,13,8,1.625
1943,Carol,6,306,0.02
1943,Gail,5,14,0.357
1944,Leslie,31,13,2.385
1944,Lynn,31,14,2.214
1944,Marion,12,9,1.333
1944,Jackie,8,12,0.667
1944,Gayle,7,14,0.5
1944,Billie,5,11,0.455
1945,Terry,118,11,10.727
1945,Leslie,32,15,2.133
1945,Lynn,27,17,1.588
1945,Gayle,14,17,0.824
1945,Jackie,9,18,0.5
1945,Jan,6,11,0.545
1945,Billie,5,10,0.5
1945,Carol,5,307,0.016
1945,Dana,5,5,1.0
1945,Gail,5,11,0.455
1946,Terry,169,13,13.0
1946,Lynn,31,23,1.348
1946,Leslie,23,18,1.278
1946,Gayle,10,25,0.4
1946,Dana,6,7,0.857
1946,Jackie,6,12,0.5
1946,Judy,5,293,0.017
1946,Pat,5,18,0.278
1946,Patricia,5,380,0.013
1947,Terry,238,21,11.333
1947,Lynn,36,45,0.8
1947,Leslie,35,13,2.692
1947,Jackie,12,18,0.667
1947,Gail,9,32,0.281
1947,Pat,9,24,0.375
1947,Marion,8,5,1.6
1947,Gayle,6,27,0.222
1947,Gerry,6,6,1.0
1947,Jan,6,11,0.545
1947,Linda,5,1055,0.005
1948,Terry,228,32,7.125
1948,Lee,47,6,7.833
1948,Lynn,41,31,1.323
1948,Leslie,26,11,2.364
1948,Gail,13,32,0.406
1948,Gayle,10,18,0.556
1948,Jackie,8,15,0.533
1948,Marion,8,7,1.143
1948,Jan,6,14,0.429
1948,Robin,6,9,0.667
1948,Pat,5,12,0.417
1949,Terry,201,17,11.824
1949,Lee,34,11,3.091
1949,Lynn,32,48,0.667
1949,Leslie,26,17,1.529
1949,Kerry,12,11,1.091
1949,Gail,10,27,0.37
1949,Mickey,7,6,1.167
1949,Gayle,6,29,0.207
1949,Jackie,6,16,0.375
1949,Billie,5,10,0.5
1949,Robin,5,11,0.455
1950,Terry,199,21,9.476
1950,Lynn,55,34,1.618
1950,Leslie,30,27,1.111
1950,Dana,14,9,1.556
1950,Robin,13,5,2.6
1950,Mickey,10,5,2.0
1950,Gayle,9,23,0.391
1950,Gail,8,41,0.195
1950,Pat,7,7,1.0
1950,Billie,6,9,0.667
1950,Jan,6,16,0.375
1950,Marion,6,6,1.0
1951,Terry,217,31,7.0
1951,Lynn,39,43,0.907
1951,Lee,37,7,5.286
1951,Leslie,36,21,1.714
1951,Kim,20,7,2.857
1951,Kerry,18,7,2.571
1951,Gayle,14,40,0.35
1951,Gale,13,5,2.6
1951,Dana,11,6,1.833
1951,Jan,9,22,0.409
1951,Robin,8,19,0.421
1951,Gail,6,69,0.087
1952,Terry,176,18,9.778
1952,Lynn,47,44,1.068
1952,Leslie,44,31,1.419
1952,Kim,38,9,4.222
1952,Lee,29,7,4.143
1952,Chris,18,7,2.571
1952,Dana,13,5,2.6
1952,Kerry,12,7,1.714
1952,Jackie,10,17,0.588
1952,Gail,9,62,0.145
1952,Marion,9,5,1.8
1952,Gayle,8,32,0.25
1952,Jan,8,21,0.381
1952,Robin,7,14,0.5
1953,Terry,163,12,13.583
1953,Lynn,42,33,1.273
1953,Kim,39,18,2.167
1953,Lonnie,35,6,5.833
1953,Lee,29,5,5.8
1953,Leslie,22,21,1.048
1953,Robin,20,26,0.769
1953,Gale,13,5,2.6
1953,Kerry,12,6,2.0
1953,Jan,7,22,0.318
1953,Gail,6,48,0.125
1954,Terry,181,35,5.171
1954,Kim,56,22,2.545
1954,Lynn,34,50,0.68
1954,Kelly,25,5,5.0
1954,Lee,24,13,1.846
1954,Leslie,24,29,0.828
1954,Kerry,18,8,2.25
1954,Robin,17,57,0.298
1954,Gale,12,6,2.0
1954,Jan,10,35,0.286
1954,Gayle,7,37,0.189
1954,Jackie,6,21,0.286
1954,Gail,5,68,0.074
1954,Kimberly,5,23,0.217
1955,Terry,197,22,8.955
1955,Kim,59,56,1.054
1955,Leslie,34,29,1.172
1955,Chris,28,6,4.667
1955,Lynn,25,48,0.521
1955,Lee,23,8,2.875
1955,Robin,22,58,0.379
1955,Dana,16,12,1.333
1955,Jan,16,44,0.364
1955,Kerry,16,14,1.143
1955,Gale,11,9,1.222
1955,Gail,7,55,0.127
1955,Tracy,7,13,0.538
1955,Gayle,5,36,0.139
1956,Terry,182,24,7.583
1956,Kim,46,106,0.434
1956,Kelly,38,13,2.923
1956,Lee,35,8,4.375
1956,Lynn,32,65,0.492
1956,Chris,23,10,2.3
1956,Leslie,23,19,1.211
1956,Robin,21,71,0.296
1956,Kerry,15,15,1.0
1956,Dana,14,12,1.167
1956,Gale,9,9,1.0
1956,Jan,9,29,0.31
1956,Tracy,7,10,0.7
1956,Kimberly,6,117,0.051
1956,Shawn,6,5,1.2
1957,Terry,184,27,6.815
1957,Kelly,39,30,1.3
1957,Lynn,34,42,0.81
1957,Kim,33,114,0.289
1957,Lee,32,11,2.909
1957,Leslie,31,35,0.886
1957,Chris,29,9,3.222
1957,Robin,20,61,0.328
1957,Dana,16,7,2.286
1957,Kerry,15,9,1.667
1957,Tracy,12,25,0.48
1957,Shawn,9,7,1.286
1957,Gale,8,6,1.333
1957,Jan,6,37,0.162
1957,Pat,6,6,1.0
1957,Gail,5,46,0.109
1958,Michael,726,5,145.2
1958,Terry,165,23,7.174
1958,Kelly,64,53,1.208
1958,Chris,39,15,2.6
1958,Lee,32,8,4.0
1958,Leslie,29,33,0.879
1958,Lynn,24,40,0.6
1958,Kim,23,110,0.209
1958,Marty,18,5,3.6
1958,Pat,16,10,1.6
1958,Tracy,16,25,0.64
1958,Shawn,13,7,1.857
1958,Dana,12,7,1.714
1958,Kerry,9,14,0.643
1958,Jamie,8,12,0.667
1958,Jody,8,42,0.19
1958,Gale,5,9,0.556
1958,Kelley,5,10,0.5
1958,Robin,5,58,0.086
1959,Terry,171,36,4.75
1959,Chris,50,20,2.5
1959,Kelly,44,78,0.564
1959,Lee,34,13,2.615
1959,Lynn,24,47,0.511
1959,Tracy,21,29,0.724
1959,Kerry,16,11,1.455
1959,Leslie,14,31,0.452
1959,Robin,14,67,0.209
1959,Shawn,14,8,1.75
1959,Dana,13,20,0.65
1959,Kim,13,119,0.109
1959,Pat,13,9,1.444
1959,Jody,12,24,0.5
1959,Jan,6,33,0.182
1960,Terry,162,27,6.0
1960,Chris,62,18,3.444
1960,Kelly,38,105,0.362
1960,Lee,31,5,6.2
1960,Tracy,28,46,0.609
1960,Lynn,25,49,0.51
1960,Shawn,22,18,1.222
1960,Kerry,18,8,2.25
1960,Kim,17,132,0.129
1960,Robin,17,83,0.205
1960,Pat,16,11,1.455
1960,Leslie,15,34,0.441
1960,Jody,13,29,0.448
1960,Dana,11,13,0.846
1961,Terry,170,14,12.143
1961,Chris,62,22,2.818
1961,Kelly,42,112,0.375
1961,Tracy,29,59,0.492
1961,Lee,26,14,1.857
1961,Dana,23,15,1.533
1961,Leslie,19,32,0.594
1961,Kerry,17,14,1.214
1961,Shawn,15,14,1.071
1961,Kyle,14,7,2.0
1961,Lynn,13,56,0.232
1961,Pat,12,6,2.0
1961,Robin,12,90,0.133
1961,Kim,10,104,0.096
1961,Kris,7,7,1.0
1961,Jamie,6,18,0.333
1961,Jody,6,39,0.154
1962,Terry,150,16,9.375
1962,Chris,75,28,2.679
1962,Kelly,43,142,0.303
1962,Shawn,40,12,3.333
1962,Lee,37,6,6.167
1962,Tracy,28,69,0.406
1962,Lynn,21,54,0.389
1962,Dana,18,26,0.692
1962,Leslie,17,35,0.486
1962,Kerry,16,12,1.333
1962,Jamie,11,20,0.55
1962,Tracey,8,23,0.348
1962,Jan,7,19,0.368
1962,Kim,7,106,0.066
1962,Jody,5,31,0.161
1962,Robin,5,83,0.06
1962,Stacey,5,21,0.238
1963,Terry,135,13,10.385
1963,Chris,72,24,3.0
1963,Kelly,41,140,0.293
1963,Shawn,40,13,3.077
1963,Dana,21,17,1.235
1963,Tracy,20,102,0.196
1963,Lee,18,8,2.25
1963,Kerry,16,11,1.455
1963,Leslie,16,42,0.381
1963,Robin,12,103,0.117
1963,Lynn,9,34,0.265
1963,Kim,8,111,0.072
1963,Jody,7,34,0.206
1963,Kris,7,15,0.467
1963,Jan,6,19,0.316
1963,Jamie,5,30,0.167
1963,Stacey,5,25,0.2
1964,Terry,136,8,17.0
1964,Kelly,52,108,0.481
1964,Chris,47,20,2.35
1964,Shawn,43,16,2.688
1964,Tracy,22,83,0.265
1964,Leslie,20,26,0.769
1964,Kerry,17,14,1.214
1964,Lynn,16,48,0.333
1964,Dana,15,33,0.455
1964,Robin,12,88,0.136
1964,Jamie,11,14,0.786
1964,Shannon,11,31,0.355
1964,Jody,10,36,0.278
1964,Kim,10,72,0.139
1964,Kris,6,13,0.462
1964,Jan,5,11,0.455
1965,Shawn,59,19,3.105
1965,Chris,48,15,3.2
1965,Kelly,35,120,0.292
1965,Lee,28,7,4.0
1965,Tracy,22,93,0.237
1965,Lynn,20,31,0.645
1965,Leslie,15,25,0.6
1965,Dana,13,27,0.481
1965,Kerry,11,12,0.917
1965,Kim,10,104,0.096
1965,Stacy,9,28,0.321
1965,Shannon,8,19,0.421
1965,Kris,7,14,0.5
1965,Robin,7,79,0.089
1965,Jody,6,37,0.162
1965,Stacey,6,35,0.171
1965,Jamie,5,25,0.2
1966,Shawn,82,13,6.308
1966,Terry,80,6,13.333
1966,Chris,57,16,3.562
1966,Kelly,40,114,0.351
1966,Kerry,17,15,1.133
1966,Tracy,16,96,0.167
1966,Leslie,15,28,0.536
1966,Lynn,12,47,0.255
1966,Jamie,9,23,0.391
1966,Jody,8,43,0.186
1966,Kris,8,11,0.727
1966,Robin,8,55,0.145
1966,Dana,7,31,0.226
1966,Tracey,7,22,0.318
1966,Shannon,6,35,0.171
1966,Kim,5,74,0.068
1967,Terry,71,8,8.875
1967,Shawn,66,13,5.077
1967,Kelly,50,128,0.391
1967,Chris,47,10,4.7
1967,Tracy,27,89,0.303
1967,Lee,20,5,4.0
1967,Stacy,14,33,0.424
1967,Dana,11,29,0.379
1967,Kerry,10,18,0.556
1967,Lynn,10,19,0.526
1967,Shannon,8,27,0.296
1967,Jamie,7,23,0.304
1967,Robin,7,39,0.179
1967,Stacey,7,31,0.226
1967,Kim,6,70,0.086
1967,Jody,5,28,0.179
1967,Leslie,5,21,0.238
1968,Shawn,93,14,6.643
1968,Chris,48,11,4.364
1968,Kelly,44,108,0.407
1968,Shannon,21,37,0.568
1968,Tracy,17,84,0.202
1968,Dana,14,22,0.636
1968,Jamie,14,14,1.0
1968,Stacy,13,45,0.289
1968,Lynn,11,24,0.458
1968,Courtney,7,7,1.0
1968,Leslie,7,35,0.2
1968,Kerry,6,24,0.25
1968,Stacey,6,52,0.115
1968,Robin,5,55,0.091
1969,Shawn,90,18,5.0
1969,Kelly,44,109,0.404
1969,Chris,39,10,3.9
1969,Lee,24,5,4.8
1969,Shannon,22,79,0.278
1969,Tracy,18,125,0.144
1969,Dana,15,27,0.556
1969,Jamie,11,20,0.55
1969,Leslie,10,26,0.385
1969,Jody,9,37,0.243
1969,Kerry,8,22,0.364
1969,Kris,6,7,0.857
1969,Stacey,6,54,0.111
1969,Robin,5,44,0.114
1969,Stacy,5,69,0.072
1970,Shawn,110,18,6.111
1970,Kelly,35,99,0.354
1970,Dana,28,49,0.571
1970,Jamie,26,25,1.04
1970,Shannon,21,90,0.233
1970,Tracy,12,138,0.087
1970,Lynn,10,28,0.357
1970,Kerry,9,25,0.36
1970,Jody,8,31,0.258
1970,Leslie,8,27,0.296
1970,Robin,7,40,0.175
1970,Erin,6,27,0.222
1970,Stacey,6,53,0.113
1970,Stacy,6,84,0.071
1970,Kim,5,29,0.172
1971,William,165,5,33.0
1971,Shawn,131,18,7.278
1971,Kelly,37,113,0.327
1971,Dana,27,42,0.643
1971,Shannon,25,88,0.284
1971,Jamie,21,14,1.5
1971,Jody,13,30,0.433
1971,Lynn,10,27,0.37
1971,Kerry,9,27,0.333
1971,Tracy,8,121,0.066
1971,Stacy,7,100,0.07
1971,Leslie,6,24,0.25
1971,Baby,5,8,0.625
1971,Jackie,5,12,0.417
1971,Kelley,5,7,0.714
1972,Michael,479,8,59.875
1972,Shawn,115,22,5.227
1972,Terry,40,6,6.667
1972,Chris,33,9,3.667
1972,Kelly,32,78,0.41
1972,Tracy,31,83,0.373
1972,Jamie,30,29,1.034
1972,Shannon,22,86,0.256
1972,Casey,18,7,2.571
1972,Dana,14,34,0.412
1972,Kerry,11,14,0.786
1972,Erin,10,19,0.526
1972,Leslie,9,30,0.3
1972,Stacy,9,75,0.12
1972,Joey,7,5,1.4
1972,Robin,7,37,0.189
1972,Jody,6,19,0.316
1972,Jackie,5,6,0.833
1972,Tracey,5,10,0.5
1973,Shawn,130,14,9.286
1973,Jamie,36,18,2.0
1973,Shannon,24,72,0.333
1973,Tracy,19,98,0.194
1973,Kelly,17,94,0.181
1973,Casey,16,5,3.2
1973,Dana,15,31,0.484
1973,Kerry,9,18,0.5
1973,Lynn,8,14,0.571
1973,Jody,7,20,0.35
1973,Leslie,7,21,0.333
1973,Stacy,7,82,0.085
1973,Courtney,5,8,0.625
1974,Shawn,134,13,10.308
1974,Jamie,41,30,1.367
1974,Kelly,27,61,0.443
1974,Shannon,17,85,0.2
1974,Dana,15,35,0.429
1974,Stacy,10,77,0.13
1974,Tracy,10,79,0.127
1974,Jody,8,25,0.32
1974,Erin,6,56,0.107
1974,Leslie,5,29,0.172
1974,Lynn,5,15,0.333
1975,Cory,56,6,9.333
1975,Jamie,41,43,0.953
1975,Casey,34,5,6.8
1975,Kelly,29,98,0.296
1975,Dana,16,38,0.421
1975,Shannon,14,72,0.194
1975,Tracy,13,95,0.137
1975,Erin,9,72,0.125
1975,Kerry,6,25,0.24
1975,Lynn,6,12,0.5
1975,Stacey,6,53,0.113
1975,Stacy,5,89,0.056
1976,Shawn,125,8,15.625
1976,Jamie,38,153,0.248
1976,Casey,28,11,2.545
1976,Kelly,22,104,0.212
1976,Shannon,19,133,0.143
1976,Tracy,14,67,0.209
1976,Dana,9,32,0.281
1976,Jody,5,33,0.152
1976,Leslie,5,20,0.25
1977,Michael,408,6,68.0
1977,Casey,46,7,6.571
1977,Kelly,28,153,0.183
1977,Jamie,26,172,0.151
1977,Shannon,20,111,0.18
1977,Dana,14,23,0.609
1977,Leslie,10,27,0.37
1977,Tracy,10,39,0.256
1977,Jody,6,25,0.24
1978,Christopher,329,5,65.8
1978,Ryan,307,5,61.4
1978,Shawn,107,5,21.4
1978,Cory,61,5,12.2
1978,Casey,49,16,3.062
1978,Kelly,24,128,0.188
1978,Jamie,19,133,0.143
1978,Shannon,16,80,0.2
1978,Dana,14,14,1.0
1978,Jordan,10,7,1.429
1978,Kasey,8,8,1.0
1978,Tracy,7,54,0.13
1978,Ashley,6,27,0.222
1978,Jody,6,25,0.24
1978,Courtney,5,46,0.109
1978,Devin,5,5,1.0
1978,Stacy,5,69,0.072
1979,Michael,428,5,85.6
1979,Casey,59,10,5.9
1979,Jamie,27,126,0.214
1979,Kelly,13,139,0.094
1979,Shannon,12,90,0.133
1979,Jessie,9,12,0.75
1979,Dana,7,29,0.241
1979,Ashley,6,33,0.182
1979,Jody,5,26,0.192
1980,Michael,425,5,85.0
1980,Joshua,366,5,73.2
1980,Ryan,320,6,53.333
1980,Nicholas,257,5,51.4
1980,Casey,48,18,2.667
1980,Cory,39,6,6.5
1980,Jamie,25,119,0.21
1980,Kelly,20,114,0.175
1980,Dana,13,32,0.406
1980,Courtney,8,48,0.167
1980,Ashley,7,56,0.125
1980,Shannon,7,77,0.091
1980,Tracy,7,32,0.219
1980,Jessie,6,5,1.2
1980,Morgan,6,7,0.857
1980,Kasey,5,8,0.625
1981,Jesse,130,6,21.667
1981,Casey,61,9,6.778
1981,Corey,41,5,8.2
1981,Jordan,33,5,6.6
1981,Kelly,21,99,0.212
1981,Jamie,16,117,0.137
1981,Dana,9,23,0.391
1981,Taylor,8,6,1.333
1981,Jessie,6,15,0.4
1981,Morgan,6,16,0.375
1981,Shannon,6,75,0.08
1982,Matthew,430,8,53.75
1982,Ryan,301,6,50.167
1982,James,217,5,43.4
1982,Brian,174,6,29.0
1982,Dustin,158,6,26.333
1982,Jordan,50,7,7.143
1982,Shawn,43,5,8.6
1982,Casey,40,9,4.444
1982,Kelly,24,85,0.282
1982,Jamie,13,136,0.096
1982,Christian,12,6,2.0
1982,Dana,9,30,0.3
1982,Joey,7,5,1.4
1982,Kerry,7,12,0.583
1982,Jessie,6,15,0.4
1982,Shannon,6,69,0.087
1983,Matthew,438,5,87.6
1983,Jonathan,137,5,27.4
1983,Cody,61,5,12.2
1983,Casey,50,14,3.571
1983,Jordan,47,11,4.273
1983,Jamie,13,130,0.1
1983,Taylor,10,7,1.429
1983,Dana,7,21,0.333
1983,Kelly,7,62,0.113
1983,Shannon,7,58,0.121
1984,Michael,426,6,71.0
1984,Tyler,154,5,30.8
1984,Jordan,67,6,11.167
1984,Casey,45,15,3.0
1984,Jamie,11,86,0.128
1984,Kelly,11,71,0.155
1984,Dana,10,20,0.5
1984,Jessie,8,12,0.667
1984,Kelsey,5,36,0.139
1984,Shannon,5,57,0.088
1985,Jordan,64,13,4.923
1985,Casey,44,13,3.385
1985,Jamie,13,139,0.094
1985,Taylor,13,5,2.6
1985,Kelly,12,60,0.2
1985,Kasey,5,6,0.833
1986,Jordan,77,30,2.567
1986,Casey,39,17,2.294
1986,Taylor,17,13,1.308
1986,Jessie,13,19,0.684
1986,Jamie,10,79,0.127
1986,Kelly,10,77,0.13
1986,Dana,5,13,0.385
1986,Morgan,5,20,0.25
1987,Jordan,97,21,4.619
1987,Casey,39,21,1.857
1987,Taylor,31,12,2.583
1987,Morgan,9,30,0.3
1987,Kasey,7,12,0.583
1987,Kelly,7,54,0.13
1987,Jamie,6,74,0.081
1987,Jessie,6,7,0.857
1988,Jordan,104,38,2.737
1988,Taylor,49,25,1.96
1988,Casey,35,17,2.059
1988,Jamie,11,64,0.172
1988,Morgan,10,42,0.238
1988,Jessie,7,16,0.438
1988,Kelly,7,43,0.163
1988,Kasey,6,7,0.857
1988,Dana,5,16,0.312
1989,Jordan,150,56,2.679
1989,Taylor,66,37,1.784
1989,Casey,39,12,3.25
1989,Jamie,9,60,0.15
1989,Morgan,8,49,0.163
1989,Jessie,6,17,0.353
1989,Kendall,6,5,1.2
1989,Ashton,5,8,0.625
1989,Shannon,5,32,0.156
1990,Jordan,199,76,2.618
1990,Taylor,109,63,1.73
1990,Casey,37,12,3.083
1990,Devin,18,5,3.6
1990,Jamie,14,58,0.241
1990,Kasey,8,10,0.8
1990,Morgan,8,70,0.114
1990,Skylar,8,5,1.6
1990,Ashton,7,6,1.167
1990,Jessie,7,11,0.636
1990,Kelly,6,46,0.13
1990,Tracy,5,6,0.833
1991,Jordan,177,75,2.36
1991,Taylor,130,89,1.461
1991,Alex,85,7,12.143
1991,Logan,70,8,8.75
1991,Casey,32,18,1.778
1991,Devin,27,9,3.0
1991,Dakota,26,7,3.714
1991,Riley,18,7,2.571
1991,Adrian,10,5,2.0
1991,Devon,10,5,2.0
1991,Dominique,9,6,1.5
1991,Morgan,9,76,0.118
1991,Shelby,8,133,0.06
1991,Jamie,6,57,0.105
1991,Kasey,5,7,0.714
1991,Kelly,5,47,0.106
1992,Tyler,308,5,61.6
1992,Jordan,160,63,2.54
1992,Taylor,93,149,0.624
1992,Logan,66,7,9.429
1992,Casey,38,10,3.8
1992,Devin,37,9,4.111
1992,Dakota,26,7,3.714
1992,Devon,18,6,3.0
1992,Skyler,17,5,3.4
1992,Jamie,9,41,0.22
1992,Dominique,8,9,0.889
1992,Angel,7,8,0.875
1992,Morgan,7,97,0.072
1992,Ashton,5,6,0.833
1992,Dana,5,16,0.312
1992,Kelly,5,35,0.143
1993,Tyler,304,7,43.429
1993,Jordan,137,70,1.957
1993,Alex,81,8,10.125
1993,Logan,77,6,12.833
1993,Taylor,77,197,0.391
1993,Connor,69,6,11.5
1993,Dakota,37,8,4.625
1993,Casey,29,11,2.636
1993,Riley,21,9,2.333
1993,Devon,15,6,2.5
1993,Skyler,13,9,1.444
1993,Ashton,7,7,1.0
1993,Morgan,7,97,0.072
1993,Tayler,7,13,0.538
1993,Jamie,6,39,0.154
1993,Kasey,5,6,0.833
1994,Jordan,113,71,1.592
1994,Taylor,92,191,0.482
1994,Logan,75,9,8.333
1994,Alex,71,5,14.2
1994,Dakota,65,9,7.222
1994,Devin,44,6,7.333
1994,Riley,26,10,2.6
1994,Casey,19,9,2.111
1994,Skyler,12,9,1.333
1994,Avery,10,5,2.0
1994,Morgan,9,114,0.079
1994,Ashton,7,11,0.636
1994,Darian,7,7,1.0
1994,Jamie,7,33,0.212
1994,Chandler,5,7,0.714
1994,Dominique,5,5,1.0
1995,Tyler,225,6,37.5
1995,Jordan,114,67,1.701
1995,Logan,76,9,8.444
1995,Alex,59,7,8.429
1995,Dakota,59,13,4.538
1995,Taylor,54,162,0.333
1995,Hunter,51,8,6.375
1995,Cameron,45,5,9.0
1995,Devin,40,8,5.0
1995,Drew,33,5,6.6
1995,Riley,32,10,3.2
1995,Skyler,22,7,3.143
1995,Casey,19,18,1.056
1995,Chandler,18,6,3.0
1995,Dallas,17,5,3.4
1995,Micah,17,5,3.4
1995,Bailey,12,52,0.231
1995,Darian,6,13,0.462
1995,Jayden,6,5,1.2
1995,Mackenzie,6,45,0.133
1995,Morgan,6,109,0.055
1995,Ashton,5,11,0.455
1995,Jessie,5,8,0.625
1995,Justice,5,11,0.455
1995,Kelly,5,24,0.208
1995,Peyton,5,5,1.0
1996,Jordan,115,49,2.347
1996,Logan,80,11,7.273
1996,Alex,62,6,10.333
1996,Taylor,57,173,0.329
1996,Tristan,51,5,10.2
1996,Riley,48,18,2.667
1996,Dakota,44,5,8.8
1996,Devin,33,10,3.3
1996,Devon,26,8,3.25
1996,Bailey,17,79,0.215
1996,Casey,16,7,2.286
1996,Jaden,12,6,2.0
1996,Morgan,11,115,0.096
1996,Angel,10,12,0.833
1996,Payton,10,12,0.833
1996,Skylar,10,9,1.111
1996,Ashton,8,9,0.889
1996,Alexis,7,89,0.079
1996,Jessie,6,12,0.5
1996,Kelly,6,23,0.261
1996,Jaime,5,6,0.833
1997,Jordan,104,55,1.891
1997,Logan,92,12,7.667
1997,Dakota,52,7,7.429
1997,Cameron,50,5,10.0
1997,Taylor,47,161,0.292
1997,Riley,43,23,1.87
1997,Bailey,19,80,0.238
1997,Skyler,19,6,3.167
1997,Jaden,13,7,1.857
1997,Jayden,12,7,1.714
1997,Ashton,11,6,1.833
1997,Peyton,11,10,1.1
1997,Alexis,10,112,0.089
1997,Payton,10,19,0.526
1997,Avery,9,11,0.818
1997,Morgan,9,96,0.094
1997,Angel,8,8,1.0
1997,Justice,7,8,0.875
1997,Skylar,7,13,0.538
1997,Jadyn,5,8,0.625
1998,Tyler,190,5,38.0
1998,Jordan,100,58,1.724
1998,Logan,92,8,11.5
1998,Cameron,71,6,11.833
1998,Devin,58,6,9.667
1998,Alex,51,5,10.2
1998,Dakota,42,6,7.0
1998,Riley,41,16,2.562
1998,Taylor,31,134,0.231
1998,Peyton,26,12,2.167
1998,Bailey,22,71,0.31
1998,Jayden,17,7,2.429
1998,Jaden,16,6,2.667
1998,Payton,16,12,1.333
1998,Chandler,14,5,2.8
1998,Casey,12,9,1.333
1998,Justice,10,6,1.667
1998,Alexis,9,140,0.064
1998,Ashton,9,8,1.125
1998,Avery,9,13,0.692
1998,Morgan,9,103,0.087
1998,Skyler,9,8,1.125
1998,Angel,8,17,0.471
1998,Skylar,7,20,0.35
1998,Sidney,5,20,0.25
1999,Logan,104,9,11.556
1999,Hunter,90,9,10.0
1999,Jordan,88,30,2.933
1999,Cameron,74,13,5.692
1999,Riley,67,23,2.913
1999,Taylor,38,129,0.295
1999,Jaden,37,9,4.111
1999,Dakota,31,12,2.583
1999,Jayden,31,9,3.444
1999,Peyton,20,14,1.429
1999,Angel,16,17,0.941
1999,Bailey,15,87,0.172
1999,Payton,15,25,0.6
1999,Skyler,12,14,0.857
1999,Ashton,11,9,1.222
1999,Morgan,10,91,0.11
1999,Skylar,9,16,0.562
1999,Alexis,8,116,0.069
1999,Avery,8,11,0.727
1999,Harley,8,5,1.6
1999,Jadyn,8,10,0.8
1999,Casey,7,8,0.875
1999,Dominique,5,10,0.5
1999,Justice,5,7,0.714
1999,Shannon,5,14,0.357
2000,Logan,97,11,8.818
2000,Jordan,93,50,1.86
2000,Cameron,77,8,9.625
2000,Riley,76,29,2.621
2000,Jayden,46,14,3.286
2000,Carson,41,5,8.2
2000,Jaden,37,8,4.625
2000,Peyton,36,20,1.8
2000,Dakota,33,13,2.538
2000,Taylor,29,125,0.232
2000,Payton,24,34,0.706
2000,Angel,21,6,3.5
2000,Alexis,11,115,0.096
2000,Avery,11,17,0.647
2000,Skyler,11,10,1.1
2000,Casey,10,9,1.111
2000,Morgan,9,105,0.086
2000,Quinn,9,5,1.8
2000,Ashton,8,5,1.6
2000,Skylar,8,17,0.471
2000,Bailey,7,55,0.127
2000,Jaime,7,5,1.4
2000,Jadyn,6,12,0.5
2000,Ali,5,5,1.0
2000,Harley,5,5,1.0
2001,Logan,105,11,9.545
2001,Jordan,60,35,1.714
2001,Cameron,55,7,7.857
2001,Jayden,52,27,1.926
2001,Jaden,43,17,2.529
2001,Riley,43,25,1.72
2001,Dakota,29,10,2.9
2001,Angel,26,8,3.25
2001,Peyton,24,14,1.714
2001,Ashton,21,11,1.909
2001,Payton,18,36,0.5
2001,Skyler,17,14,1.214
2001,Alexis,15,110,0.136
2001,Taylor,14,118,0.119
2001,Bailey,11,61,0.18
2001,Morgan,9,99,0.091
2001,Harley,8,5,1.6
2001,Skylar,7,20,0.35
2001,Avery,6,25,0.24
2001,Sage,6,10,0.6
2001,Jaiden,5,9,0.556
2002,Logan,117,12,9.75
2002,Mason,86,5,17.2
2002,Gabriel,71,8,8.875
2002,Jordan,65,47,1.383
2002,Riley,56,33,1.697
2002,Jayden,52,16,3.25
2002,Angel,34,15,2.267
2002,Jaden,32,9,3.556
2002,Peyton,29,14,2.071
2002,Dakota,25,6,4.167
2002,Ashton,20,8,2.5
2002,Taylor,18,90,0.2
2002,Payton,16,25,0.64
2002,Morgan,13,83,0.157
2002,Alexis,12,120,0.1
2002,Casey,11,6,1.833
2002,Harley,8,7,1.143
2002,Justice,8,12,0.667
2002,Bailey,7,39,0.179
2002,Avery,6,24,0.25
2002,Jaiden,6,10,0.6
2002,Quinn,6,7,0.857
2002,Sage,6,8,0.75
2002,Skyler,6,14,0.429
2002,Jadyn,5,19,0.263
2002,Reese,5,7,0.714
2002,Skylar,5,21,0.238
2003,Dylan,125,5,25.0
2003,Logan,116,12,9.667
2003,Hunter,91,7,13.0
2003,Jordan,50,39,1.282
2003,Angel,48,17,2.824
2003,Jayden,48,22,2.182
2003,Riley,45,37,1.216
2003,Jaden,35,13,2.692
2003,Alexis,20,104,0.192
2003,Payton,18,17,1.059
2003,Peyton,18,11,1.636
2003,Dakota,17,13,1.308
2003,Taylor,16,93,0.172
2003,Reese,9,17,0.529
2003,Avery,8,47,0.17
2003,Jaiden,7,14,0.5
2003,Justice,7,7,1.0
2003,Harley,6,10,0.6
2003,Addison,5,35,0.143
2003,Jade,5,18,0.278
2003,Teagan,5,9,0.556
2004,Logan,111,7,15.857
2004,Ashton,60,6,10.0
2004,Jayden,47,17,2.765
2004,Jordan,46,29,1.586
2004,Angel,33,12,2.75
2004,Riley,28,50,0.56
2004,Jaden,26,16,1.625
2004,Payton,25,28,0.893
2004,Peyton,20,10,2.0
2004,Taylor,18,71,0.254
2004,Dakota,17,8,2.125
2004,Avery,12,49,0.245
2004,Morgan,12,63,0.19
2004,Alexis,10,106,0.094
2004,Quinn,10,6,1.667
2004,Addison,8,27,0.296
2004,Reese,8,19,0.421
2004,Tristen,8,5,1.6
2005,Jayden,64,16,4.0
2005,Cameron,59,11,5.364
2005,Riley,56,25,2.24
2005,Alex,49,5,9.8
2005,Jordan,46,20,2.3
2005,Angel,45,7,6.429
2005,Ashton,38,6,6.333
2005,Peyton,35,29,1.207
2005,Payton,24,18,1.333
2005,Taylor,16,81,0.198
2005,Avery,15,55,0.273
2005,Dakota,15,17,0.882
2005,Alexis,11,87,0.126
2005,Jaiden,10,7,1.429
2005,Morgan,8,54,0.148
2005,Skyler,8,11,0.727
2005,Harley,7,7,1.0
2005,Jadyn,7,14,0.5
2005,Skylar,7,13,0.538
2005,Phoenix,5,6,0.833
2006,Jordan,53,19,2.789
2006,Jayden,49,10,4.9
2006,Angel,47,5,9.4
2006,Riley,46,26,1.769
2006,Hayden,37,9,4.111
2006,Peyton,24,25,0.96
2006,Jaden,22,7,3.143
2006,Dakota,20,13,1.538
2006,Alexis,18,82,0.22
2006,Payton,18,21,0.857
2006,Taylor,15,70,0.214
2006,Avery,12,71,0.169
2006,Quinn,11,8,1.375
2006,Justice,9,5,1.8
2006,Skyler,9,6,1.5
2006,Morgan,8,66,0.121
2006,Emerson,7,6,1.167
2006,Rowan,6,5,1.2
2006,Rylee,6,29,0.207
2006,Ariel,5,8,0.625
2006,Harley,5,11,0.455
2006,Reagan,5,28,0.179
2006,Sage,5,13,0.385
2007,Logan,105,8,13.125
2007,Jayden,78,16,4.875
2007,Dylan,73,5,14.6
2007,Hayden,61,19,3.211
2007,Angel,55,12,4.583
2007,Jordan,55,24,2.292
2007,Cameron,52,5,10.4
2007,Riley,44,24,1.833
2007,Peyton,36,25,1.44
2007,Alexis,16,71,0.225
2007,Dakota,13,15,0.867
2007,Payton,11,24,0.458
2007,Teagan,11,10,1.1
2007,Reese,10,35,0.286
2007,Taylor,10,58,0.172
2007,Jaiden,9,7,1.286
2007,Rowan,8,7,1.143
2007,Skyler,8,7,1.143
2007,Skylar,7,15,0.467
2007,Avery,6,49,0.122
2007,Bailey,6,43,0.14
2007,Emerson,6,19,0.316
2007,Harper,6,8,0.75
2007,Jadyn,5,11,0.455
2007,Rylee,5,29,0.172
2007,Tatum,5,13,0.385
2008,Logan,125,11,11.364
2008,Jayden,71,20,3.55
2008,Dylan,65,5,13.0
2008,Parker,61,8,7.625
2008,Jordan,60,11,5.455
2008,Cameron,54,6,9.0
2008,Hayden,52,25,2.08
2008,Angel,51,11,4.636
2008,Riley,39,45,0.867
2008,Peyton,25,40,0.625
2008,Kayden,22,6,3.667
2008,Rylan,18,5,3.6
2008,Dakota,14,10,1.4
2008,Avery,12,57,0.211
2008,Quinn,11,8,1.375
2008,Skyler,11,5,2.2
2008,Payton,10,32,0.312
2008,Taylor,10,60,0.167
2008,Alexis,9,100,0.09
2008,Morgan,8,52,0.154
2008,Rylee,7,29,0.241
2008,Reece,6,6,1.0
2008,Rowan,6,7,0.857
2008,Teagan,6,10,0.6
2008,Emerson,5,20,0.25
2008,Harper,5,15,0.333
2009,Logan,118,5,23.6
2009,Jayden,67,18,3.722
2009,Jordan,41,18,2.278
2009,Angel,38,7,5.429
2009,Hayden,38,20,1.9
2009,Riley,37,30,1.233
2009,Peyton,32,38,0.842
2009,Rylan,31,6,5.167
2009,Kayden,22,5,4.4
2009,Payton,17,39,0.436
2009,Charlie,14,5,2.8
2009,Avery,10,69,0.145
2009,Sawyer,10,7,1.429
2009,Quinn,9,9,1.0
2009,River,9,5,1.8
2009,Skylar,9,13,0.692
2009,Skyler,9,5,1.8
2009,Alexis,8,85,0.094
2009,Rowan,8,8,1.0
2009,Taylor,8,62,0.129
2009,Dakota,7,9,0.778
2009,Emerson,7,18,0.389
2009,Harley,7,7,1.0
2009,Ali,6,6,1.0
2009,Camryn,6,14,0.429
2009,Teagan,6,15,0.4
2009,Jaiden,5,6,0.833
2009,Leighton,5,8,0.625
2010,Logan,83,5,16.6
2010,Jayden,56,6,9.333
2010,Parker,53,7,7.571
2010,Angel,40,6,6.667
2010,Jordan,40,13,3.077
2010,Hayden,35,22,1.591
2010,Riley,35,33,1.061
2010,Sawyer,22,6,3.667
2010,Alexis,16,72,0.222
2010,Charlie,16,8,2.0
2010,Avery,11,63,0.175
2010,Peyton,11,31,0.355
2010,Rowan,10,6,1.667
2010,Phoenix,9,7,1.286
2010,Reese,9,26,0.346
2010,Dakota,8,11,0.727
2010,Harper,8,47,0.17
2010,Skyler,8,5,1.6
2010,Taylor,8,40,0.2
2010,Teagan,8,15,0.533
2010,Ali,7,6,1.167
2010,Emerson,7,18,0.389
2010,Leighton,7,9,0.778
2010,Morgan,6,30,0.2
2011,Logan,95,8,11.875
2011,Ryan,68,6,11.333
2011,Bentley,60,5,12.0
2011,Jayden,59,8,7.375
2011,Parker,44,5,8.8
2011,Hayden,41,11,3.727
2011,Riley,38,26,1.462
2011,Angel,36,8,4.5
2011,Sawyer,23,14,1.643
2011,Peyton,18,47,0.383
2011,Taylor,16,37,0.432
2011,Emerson,12,13,0.923
2011,Avery,10,78,0.128
2011,Quinn,10,21,0.476
2011,Ali,8,9,0.889
2011,Dakota,7,12,0.583
2011,Leighton,7,9,0.778
2011,Payton,7,28,0.25
2011,Skyler,7,8,0.875
2011,Alexis,6,37,0.162
2011,Morgan,6,26,0.231
2011,Tatum,6,16,0.375
2011,Finley,5,10,0.5
2012,Logan,94,9,10.444
2012,Jayden,64,9,7.111
2012,Bentley,63,6,10.5
2012,Parker,54,10,5.4
2012,Blake,51,7,7.286
2012,Dylan,37,5,7.4
2012,Hayden,36,20,1.8
2012,Sawyer,33,8,4.125
2012,Jordan,27,5,5.4
2012,Rylan,24,7,3.429
2012,Riley,23,26,0.885
2012,Charlie,20,12,1.667
2012,Peyton,18,25,0.72
2012,Alexis,12,56,0.214
2012,Tatum,11,14,0.786
2012,Quinn,9,44,0.205
2012,Avery,7,73,0.096
2012,Reese,7,32,0.219
2012,Skyler,7,9,0.778
2012,Leighton,6,9,0.667
2012,Morgan,6,30,0.2
2012,Payton,6,20,0.3
2012,Rowan,6,11,0.545
2012,Dakota,5,11,0.455
2012,Reece,5,7,0.714
2013,Logan,84,5,16.8
2013,Bentley,66,6,11.0
2013,Jayden,50,7,7.143
2013,Parker,48,16,3.0
2013,Sawyer,34,10,3.4
2013,Angel,33,8,4.125
2013,Hayden,30,17,1.765
2013,Charlie,22,12,1.833
2013,Riley,17,36,0.472
2013,Avery,16,93,0.172
2013,Peyton,16,21,0.762
2013,Dakota,10,6,1.667
2013,Sutton,10,7,1.429
2013,Rowan,9,5,1.8
2013,Skyler,9,6,1.5
2013,Taylor,9,22,0.409
2013,Alexis,6,45,0.133
2013,Camryn,6,5,1.2
2013,Harper,6,97,0.062
2013,Oakley,6,6,1.0
2013,Finley,5,10,0.5
2013,Justice,5,8,0.625
2013,Lennon,5,6,0.833
2014,Logan,101,6,16.833
2014,Jayden,56,7,8.0
2014,Bentley,49,5,9.8
2014,Sawyer,42,15,2.8
2014,Jordan,38,10,3.8
2014,Parker,36,18,2.0
2014,Riley,21,17,1.235
2014,Elliot,20,8,2.5
2014,Hayden,19,17,1.118
2014,Charlie,18,24,0.75
2014,Avery,17,84,0.202
2014,Peyton,17,25,0.68
2014,Rowan,16,10,1.6
2014,Emerson,12,19,0.632
2014,Tatum,9,11,0.818
2014,Phoenix,8,6,1.333
2014,Quinn,8,38,0.211
2014,Lennox,7,6,1.167
2014,Rory,6,5,1.2
2014,Eden,5,16,0.312
2014,London,5,13,0.385
2014,Taylor,5,22,0.227
2015,Carter,97,5,19.4
2015,Logan,65,12,5.417
2015,Parker,58,15,3.867
2015,Dylan,56,6,9.333
2015,Sawyer,52,27,1.926
2015,Bentley,46,5,9.2
2015,Blake,36,13,2.769
2015,Angel,33,7,4.714
2015,Charlie,20,22,0.909
2015,Hayden,17,24,0.708
2015,Avery,16,70,0.229
2015,Riley,16,24,0.667
2015,Rylan,16,6,2.667
2015,Finley,13,26,0.5
2015,River,13,8,1.625
2015,Alexis,12,33,0.364
2015,Emerson,11,19,0.579
2015,Rowan,11,14,0.786
2015,Rory,10,7,1.429
2015,Dakota,8,10,0.8
2015,Oakley,7,6,1.167
2015,Remington,6,5,1.2
2015,Dallas,5,5,1.0
2015,Phoenix,5,10,0.5
2015,Quinn,5,43,0.116
2015,Tatum,5,13,0.385
2015,Taylor,5,19,0.263
2016,Carter,76,5,15.2
2016,Logan,59,8,7.375
2016,Bentley,47,5,9.4
2016,Angel,42,6,7.0
2016,Dylan,41,6,6.833
2016,Parker,39,15,2.6
2016,Sawyer,38,17,2.235
2016,Ryan,33,6,5.5
2016,Elliott,27,5,5.4
2016,Jordan,26,5,5.2
2016,Blake,24,11,2.182
2016,Hayden,20,14,1.429
2016,Finley,16,19,0.842
2016,Riley,16,42,0.381
2016,River,15,15,1.0
2016,Remington,14,5,2.8
2016,Rowan,14,13,1.077
2016,Charlie,13,23,0.565
2016,Avery,12,79,0.152
2016,Sage,12,6,2.0
2016,Lennox,10,5,2.0
2016,Rory,10,13,0.769
2016,Emerson,9,21,0.429
2016,Phoenix,9,9,1.0
2016,Alexis,7,22,0.318
2016,Leighton,7,16,0.438
2016,Oakley,7,10,0.7
2016,Quinn,7,43,0.163
2016,Baylor,6,8,0.75
2016,Sutton,6,10,0.6
2016,Ariel,5,7,0.714
2016,Dakota,5,8,0.625
2016,Eden,5,14,0.357
2016,Landry,5,6,0.833
2016,Skyler,5,6,0.833
2017,Logan,82,9,9.111
2017,Carter,71,6,11.833
2017,Parker,47,13,3.615
2017,Sawyer,42,17,2.471
2017,Dylan,39,7,5.571
2017,Elliott,28,5,5.6
2017,Rowan,28,14,2.0
2017,Jordan,26,6,4.333
2017,Hayden,22,12,1.833
2017,Blake,20,15,1.333
2017,Charlie,19,15,1.267
2017,Riley,17,34,0.5
2017,Emerson,16,18,0.889
2017,Remington,16,7,2.286
2017,Ashton,13,5,2.6
2017,River,13,5,2.6
2017,Avery,12,57,0.211
2017,Finley,12,24,0.5
2017,Phoenix,11,9,1.222
2017,Alexis,8,6,1.333
2017,Oakley,8,11,0.727
2017,Sage,8,5,1.6
2017,Tatum,8,10,0.8
2017,Eh,7,5,1.4
2017,Baylor,6,7,0.857
2017,Dakota,5,6,0.833
2017,Leighton,5,14,0.357
2017,Lennon,5,20,0.25
2017,Lennox,5,8,0.625
2017,Quinn,5,37,0.135
2017,Reese,5,21,0.238
2017,Sutton,5,11,0.455
2018,Logan,59,12,4.917
2018,Sawyer,37,22,1.682
2018,Dylan,32,8,4.0
2018,Parker,32,9,3.556
2018,River,28,12,2.333
2018,Angel,27,6,4.5
2018,Jordan,25,6,4.167
2018,Rowan,23,16,1.438
2018,Ryan,22,6,3.667
2018,August,21,6,3.5
2018,Elliott,21,5,4.2
2018,Charlie,16,18,0.889
2018,Elliot,16,7,2.286
2018,Hayden,16,14,1.143
2018,Blake,15,8,1.875
2018,Riley,13,25,0.52
2018,Dakota,12,5,2.4
2018,Rory,10,5,2.0
2018,Baylor,9,6,1.5
2018,Oakley,9,14,0.643
2018,Phoenix,9,5,1.8
2018,Avery,8,61,0.131
2018,Landry,8,10,0.8
2018,Amari,7,9,0.778
2018,Emerson,7,16,0.438
2018,Quinn,7,48,0.146
2018,Finnley,6,5,1.2
2018,Sutton,6,11,0.545
2018,Ariel,5,8,0.625
2018,Finley,5,20,0.25
2018,Leighton,5,8,0.625
2018,Remy,5,11,0.455
2019,Logan,48,8,6.0
2019,Sawyer,36,21,1.714
2019,Rowan,34,15,2.267
2019,Parker,32,14,2.286
2019,Charlie,23,22,1.045
2019,Jordan,22,5,4.4
2019,River,21,11,1.909
2019,Elliott,18,8,2.25
2019,Hayden,16,17,0.941
2019,Elliot,15,10,1.5
2019,Avery,14,60,0.233
2019,Quinn,13,31,0.419
2019,Remington,13,9,1.444
2019,Blake,12,20,0.6
2019,Lennox,12,7,1.714
2019,Riley,12,33,0.364
2019,Sutton,12,27,0.444
2019,Rory,11,5,2.2
2019,Lennon,8,7,1.143
2019,Skyler,8,5,1.6
2019,Ellis,7,5,1.4
2019,Phoenix,7,8,0.875
2019,Tatum,7,17,0.412
2019,Baylor,6,5,1.2
2019,Briar,6,10,0.6
2019,Finley,6,14,0.429
2019,Harley,6,10,0.6
2019,Oakley,6,12,0.5
2019,Peyton,6,15,0.4
2019,Dakota,5,5,1.0
2019,Emerson,5,17,0.294
2019,Emery,5,25,0.2
2020,Noah,83,6,13.833
2020,Carter,42,7,6.0
2020,Logan,42,7,6.0
2020,Ezra,39,6,6.5
2020,Rowan,37,18,2.056
2020,Dylan,31,6,5.167
2020,Parker,30,19,1.579
2020,Beckett,25,5,5.0
2020,Sawyer,25,19,1.316
2020,Blake,22,15,1.467
2020,Charlie,22,16,1.375
2020,Elliott,22,8,2.75
2020,River,22,6,3.667
2020,Elliot,21,5,4.2
2020,Jordan,20,8,2.5
2020,Atlas,17,5,3.4
2020,Hayden,17,11,1.545
2020,Baylor,16,6,2.667
2020,Ellis,15,5,3.0
2020,Remington,13,9,1.444
2020,Rory,13,8,1.625
2020,Emerson,12,16,0.75
2020,Phoenix,12,6,2.0
2020,Avery,9,48,0.188
2020,Madden,9,5,1.8
2020,Tatum,9,7,1.286
2020,Leighton,8,12,0.667
2020,Remy,8,7,1.143
2020,Sutton,7,15,0.467
2020,Alexis,6,9,0.667
2020,Dakota,6,6,1.0
2020,Finley,6,14,0.429
2020,Landry,6,5,1.2
2020,Layne,6,5,1.2
2020,Lennox,6,7,0.857
2020,Oakley,6,11,0.545
2020,Riley,6,23,0.261
2020,Rylan,6,8,0.75
2020,Lennon,5,25,0.2
2021,Noah,79,9,8.778
2021,Carter,53,8,6.625
2021,Dylan,33,8,4.125
2021,Hayes,28,5,5.6
2021,River,27,15,1.8
2021,Parker,26,20,1.3
2021,Sawyer,25,19,1.316
2021,Rowan,23,11,2.091
2021,Baylor,20,5,4.0
2021,Hayden,19,13,1.462
2021,Sterling,19,5,3.8
2021,Charlie,18,29,0.621
2021,Blake,16,11,1.455
2021,Elliot,13,6,2.167
2021,Avery,11,54,0.204
2021,Ellis,11,9,1.222
2021,Oakley,10,23,0.435
2021,Remington,10,17,0.588
2021,Finley,9,12,0.75
2021,Phoenix,8,6,1.333
2021,Quinn,8,26,0.308
2021,Riley,7,24,0.292
2021,Rory,7,6,1.167
2021,Sage,7,9,0.778
2021,Remy,6,5,1.2
2021,Sutton,6,23,0.261
2021,Palmer,5,11,0.455
2021,Tatum,5,15,0.333
2021,Wren,5,13,0.385
