YOB,Name,mFrequency,fFrequency,mForF
1920,Jean,8,14,0.571
1923,Jean,6,31,0.194
1924,Jean,7,36,0.194
1927,Jean,6,40,0.15
1928,Jean,5,44,0.114
1930,Jean,8,63,0.127
1931,Jean,5,46,0.109
1932,Jean,5,44,0.114
1933,Jean,5,38,0.132
1934,Jean,7,53,0.132
1935,Jean,5,40,0.125
1936,Jean,5,43,0.116
1937,Jean,6,31,0.194
1938,Jean,10,43,0.233
1939,Jean,6,38,0.158
1940,Jean,6,39,0.154
1941,Jean,7,43,0.163
1942,Terry,11,5,2.2
1942,Leslie,8,6,1.333
1943,Jean,7,21,0.333
1944,Dale,9,5,1.8
1944,Jean,9,39,0.231
1944,Leslie,8,7,1.143
1945,Jean,7,37,0.189
1945,Lee,7,6,1.167
1946,Terry,16,5,3.2
1946,Leslie,10,8,1.25
1946,Jean,6,27,0.222
1947,Terry,20,9,2.222
1947,Jean,13,46,0.283
1947,Leslie,10,13,0.769
1947,Lee,7,5,1.4
1948,Terry,22,6,3.667
1948,Dale,20,6,3.333
1948,Jean,7,36,0.194
1948,Lee,7,5,1.4
1948,Leslie,6,11,0.545
1949,Dale,9,7,1.286
1949,Leslie,8,8,1.0
1949,Terry,8,10,0.8
1949,Jean,5,33,0.152
1950,Dale,13,9,1.444
1950,Jean,10,35,0.286
1950,Terry,10,9,1.111
1950,Kerry,9,5,1.8
1950,Leslie,5,9,0.556
1951,Dale,10,5,2.0
1951,Terry,10,12,0.833
1952,Dale,29,11,2.636
1952,Terry,21,12,1.75
1952,Lee,8,6,1.333
1952,Leslie,7,7,1.0
1952,Jean,6,35,0.171
1952,Robin,5,17,0.294
1953,Terry,23,12,1.917
1953,Dale,19,8,2.375
1953,Robin,8,28,0.286
1954,Dale,23,10,2.3
1954,Terry,13,13,1.0
1954,Kim,11,9,1.222
1954,Jean,9,26,0.346
1954,Leslie,6,17,0.353
1954,Robin,5,43,0.116
1955,Terry,18,11,1.636
1955,Dale,15,6,2.5
1955,Kim,11,20,0.55
1955,Lee,9,13,0.692
1955,Jean,5,24,0.208
1956,Dale,23,7,3.286
1956,Leslie,12,8,1.5
1956,Terry,10,26,0.385
1956,Jean,8,28,0.286
1956,Kim,8,35,0.229
1956,Lee,5,9,0.556
1956,Robin,5,52,0.096
1957,Dale,28,7,4.0
1957,Terry,15,16,0.938
1957,Lee,11,7,1.571
1957,Leslie,11,16,0.688
1957,Jean,8,30,0.267
1957,Kim,8,35,0.229
1957,Robin,6,81,0.074
1958,Terry,13,23,0.565
1958,Lee,12,11,1.091
1958,Jean,11,28,0.393
1958,Kim,5,42,0.119
1958,Leslie,5,18,0.278
1958,Robin,5,48,0.104
1958,Tracy,5,8,0.625
1959,Lee,11,9,1.222
1959,Terry,9,24,0.375
1959,Tracy,8,11,0.727
1959,Robin,6,55,0.109
1959,Kerry,5,6,0.833
1960,Terry,14,16,0.875
1960,Tracy,14,12,1.167
1960,Lee,8,12,0.667
1960,Leslie,6,10,0.6
1961,Lee,12,9,1.333
1961,Tracy,10,36,0.278
1961,Terry,9,14,0.643
1961,Kelly,7,38,0.184
1961,Leslie,6,18,0.333
1961,Jean,5,19,0.263
1961,Robin,5,65,0.077
1962,Chris,10,5,2.0
1962,Tracy,10,40,0.25
1962,Lee,9,7,1.286
1962,Jamie,5,6,0.833
1962,Kerry,5,8,0.625
1962,Leslie,5,9,0.556
1962,Robin,5,63,0.079
1963,Terry,17,18,0.944
1963,Lee,14,6,2.333
1963,Jean,9,26,0.346
1963,Robin,7,78,0.09
1963,Kelly,6,53,0.113
1963,Kerry,6,9,0.667
1963,Tracy,6,44,0.136
1964,Terry,11,10,1.1
1964,Jean,7,10,0.7
1964,Lee,7,9,0.778
1964,Tracy,6,41,0.146
1964,Kelly,5,57,0.088
1965,Lee,12,6,2.0
1965,Kerry,6,8,0.75
1965,Jody,5,5,1.0
1966,Tracy,8,52,0.154
1966,Terry,7,7,1.0
1966,Jean,6,9,0.667
1967,Tracy,10,42,0.238
1967,Jean,9,7,1.286
1967,Kerry,9,6,1.5
1967,Jody,8,6,1.333
1967,Kelly,6,70,0.086
1967,Terry,6,6,1.0
1967,Stacy,5,8,0.625
1968,Shawn,58,5,11.6
1968,Jamie,5,7,0.714
1969,Lee,13,5,2.6
1969,Jody,9,10,0.9
1969,Shannon,7,19,0.368
1969,Terry,6,6,1.0
1970,Jody,6,8,0.75
1970,Lee,6,9,0.667
1970,Shannon,6,43,0.14
1970,Tracy,6,70,0.086
1970,Kerry,5,11,0.455
1971,Kelly,10,69,0.145
1971,Lee,8,6,1.333
1971,Shannon,7,35,0.2
1971,Jean,5,7,0.714
1972,Jamie,29,6,4.833
1972,Dana,22,9,2.444
1972,Shannon,10,37,0.27
1972,Jody,7,7,1.0
1972,Tracy,7,65,0.108
1973,Jamie,24,5,4.8
1973,Tracy,7,40,0.175
1974,Jamie,31,10,3.1
1974,Shannon,8,46,0.174
1975,Jamie,30,8,3.75
1975,Shannon,10,43,0.233
1976,Jamie,24,45,0.533
1976,Shannon,10,67,0.149
1976,Casey,8,5,1.6
1976,Jody,8,6,1.333
1976,Jaime,5,46,0.109
1977,Jamie,15,58,0.259
1978,Ryan,119,7,17.0
1978,Casey,16,5,3.2
1978,Jamie,16,45,0.356
1979,Casey,15,11,1.364
1979,Jamie,11,59,0.186
1980,Ryan,141,11,12.818
1980,Casey,17,5,3.4
1980,Jamie,16,59,0.271
1981,Ryan,175,8,21.875
1981,Jesse,76,5,15.2
1981,Jamie,22,47,0.468
1981,Casey,14,13,1.077
1981,Dana,7,5,1.4
1981,Morgan,5,8,0.625
1982,Ryan,149,6,24.833
1982,Jamie,13,51,0.255
1982,Casey,11,13,0.846
1982,Taylor,8,5,1.6
1983,Ryan,165,7,23.571
1983,Jamie,16,48,0.333
1983,Casey,15,8,1.875
1983,Dana,11,5,2.2
1983,Morgan,5,13,0.385
1984,Matthew,275,5,55.0
1984,Casey,19,17,1.118
1984,Jamie,13,40,0.325
1984,Taylor,7,5,1.4
1985,Ryan,204,6,34.0
1985,Casey,11,10,1.1
1985,Taylor,10,6,1.667
1986,Corey,56,5,11.2
1986,Jordan,27,11,2.455
1986,Casey,23,9,2.556
1986,Taylor,14,7,2.0
1986,Jamie,5,38,0.132
1987,Michael,315,7,45.0
1987,Jordan,34,8,4.25
1987,Casey,19,18,1.056
1987,Dana,16,6,2.667
1987,Taylor,13,11,1.182
1987,Jamie,11,36,0.306
1987,Devon,9,5,1.8
1987,Morgan,5,16,0.312
1988,Ryan,229,9,25.444
1988,Jordan,34,7,4.857
1988,Casey,18,12,1.5
1988,Taylor,18,17,1.059
1988,Unknown,17,14,1.214
1988,Dana,13,10,1.3
1988,Jamie,9,37,0.243
1988,Devon,6,5,1.2
1989,Baby,41,27,1.519
1989,Jordan,30,23,1.304
1989,Taylor,24,20,1.2
1989,Casey,21,16,1.312
1989,Jamie,11,30,0.367
1989,Dana,10,8,1.25
1989,Morgan,8,27,0.296
1990,Jesse,37,6,6.167
1990,Jordan,37,30,1.233
1990,Baby,27,24,1.125
1990,Taylor,27,20,1.35
1990,Devin,23,9,2.556
1990,Casey,20,18,1.111
1990,Devon,10,8,1.25
1990,Jamie,6,25,0.24
1991,Jordan,52,23,2.261
1991,Taylor,38,39,0.974
1991,Casey,23,21,1.095
1991,Colby,16,5,3.2
1991,Devin,14,8,1.75
1991,Baby,11,13,0.846
1991,Dana,7,8,0.875
1991,Morgan,7,35,0.2
1991,Mackenzie,5,15,0.333
1992,Tyler,207,5,41.4
1992,Cameron,61,5,12.2
1992,Jordan,38,25,1.52
1992,Taylor,31,50,0.62
1992,Devin,25,6,4.167
1992,Casey,16,17,0.941
1992,Dakota,7,6,1.167
1992,Baby,5,9,0.556
1992,Dana,5,5,1.0
1993,Jordan,40,29,1.379
1993,Taylor,37,66,0.561
1993,Devin,27,5,5.4
1993,Baby,19,17,1.118
1993,Logan,18,5,3.6
1993,Casey,15,11,1.364
1993,Devon,9,6,1.5
1993,Mackenzie,9,21,0.429
1993,Morgan,7,41,0.171
1993,Avery,5,5,1.0
1994,Jordan,44,24,1.833
1994,Taylor,29,69,0.42
1994,Casey,22,20,1.1
1994,Devon,19,6,3.167
1994,Baby,16,14,1.143
1994,Riley,14,5,2.8
1994,Mackenzie,7,25,0.28
1994,Jamie,6,19,0.316
1995,Jordan,47,26,1.808
1995,Riley,23,6,3.833
1995,Taylor,23,81,0.284
1995,Devon,20,7,2.857
1995,Baby,14,18,0.778
1995,Casey,14,11,1.273
1995,Dana,9,6,1.5
1995,Mackenzie,7,20,0.35
1995,Bailey,6,5,1.2
1996,Jordan,49,26,1.885
1996,Devon,22,7,3.143
1996,Taylor,21,76,0.276
1996,Baby,15,11,1.364
1996,Riley,15,5,3.0
1996,Casey,13,13,1.0
1996,Bailey,8,11,0.727
1997,Jordan,40,38,1.053
1997,Devon,25,5,5.0
1997,Dakota,24,10,2.4
1997,Taylor,21,67,0.313
1997,Riley,18,12,1.5
1997,Bailey,17,8,2.125
1997,Baby,14,16,0.875
1997,Casey,8,21,0.381
1997,Jamie,6,15,0.4
1997,Mackenzie,6,34,0.176
1997,Morgan,6,63,0.095
1998,Jordan,40,32,1.25
1998,Riley,32,14,2.286
1998,Baby,24,21,1.143
1998,Dakota,23,6,3.833
1998,Casey,17,11,1.545
1998,Taylor,15,81,0.185
1998,Bailey,8,13,0.615
1998,Avery,6,5,1.2
1998,Morgan,5,48,0.104
1999,Cameron,97,14,6.929
1999,Jordan,45,27,1.667
1999,Baby,24,12,2.0
1999,Dakota,18,9,2.0
1999,Riley,18,18,1.0
1999,Devon,16,6,2.667
1999,Avery,10,9,1.111
1999,Bailey,10,11,0.909
1999,Casey,10,9,1.111
1999,Taylor,10,50,0.2
1999,Mackenzie,8,47,0.17
1999,Angel,7,6,1.167
1999,Quinn,6,7,0.857
1999,Addison,5,5,1.0
1999,Skylar,5,12,0.417
2000,Cameron,104,5,20.8
2000,Jordan,35,17,2.059
2000,Riley,28,19,1.474
2000,Dakota,24,6,4.0
2000,Devon,15,6,2.5
2000,Baby,13,12,1.083
2000,Taylor,12,63,0.19
2000,Bailey,10,11,0.909
2000,Casey,10,9,1.111
2000,Quinn,7,6,1.167
2000,Avery,6,10,0.6
2001,Tyler,121,5,24.2
2001,Cameron,82,5,16.4
2001,Jordan,40,25,1.6
2001,Riley,26,16,1.625
2001,Dakota,22,8,2.75
2001,Taylor,13,50,0.26
2001,Baby,12,6,2.0
2001,Skyler,7,5,1.4
2001,Avery,6,14,0.429
2001,Bailey,6,16,0.375
2002,Cameron,67,5,13.4
2002,Riley,34,28,1.214
2002,Jordan,23,27,0.852
2002,Taylor,15,43,0.349
2002,Baby,11,5,2.2
2002,Jaden,11,7,1.571
2002,Casey,9,7,1.286
2002,Quinn,9,6,1.5
2002,Addison,5,7,0.714
2003,Riley,40,27,1.481
2003,Jordan,26,23,1.13
2003,Taylor,13,41,0.317
2003,Dakota,11,6,1.833
2003,Avery,10,14,0.714
2003,Jayden,10,7,1.429
2003,Quinn,9,5,1.8
2003,Bailey,8,12,0.667
2003,Casey,8,5,1.6
2003,Morgan,5,37,0.135
2004,Cameron,77,5,15.4
2004,Logan,65,5,13.0
2004,Riley,30,23,1.304
2004,Jordan,24,27,0.889
2004,Jayden,12,8,1.5
2004,Taylor,12,39,0.308
2004,Avery,7,20,0.35
2004,Casey,6,6,1.0
2004,Reagan,6,5,1.2
2004,Shea,6,5,1.2
2004,Morgan,5,37,0.135
2004,Peyton,5,6,0.833
2005,Cameron,71,6,11.833
2005,Riley,37,30,1.233
2005,Hayden,31,5,6.2
2005,Jordan,25,13,1.923
2005,Dakota,13,8,1.625
2005,Avery,8,31,0.258
2005,Taylor,8,35,0.229
2005,Peyton,7,11,0.636
2005,Quinn,7,6,1.167
2005,Payton,6,10,0.6
2005,Casey,5,5,1.0
2005,Skyler,5,5,1.0
2006,Jordan,32,15,2.133
2006,Riley,30,30,1.0
2006,Jayden,24,5,4.8
2006,Quinn,13,5,2.6
2006,Avery,10,29,0.345
2006,Casey,10,6,1.667
2006,Dakota,10,7,1.429
2006,Payton,5,5,1.0
2006,Peyton,5,7,0.714
2007,Ryan,100,5,20.0
2007,Jayden,32,8,4.0
2007,Hayden,27,13,2.077
2007,Riley,24,26,0.923
2007,Jordan,16,5,3.2
2007,Dakota,10,7,1.429
2007,Peyton,9,11,0.818
2007,Rowan,9,5,1.8
2007,Angel,8,5,1.6
2007,Taylor,7,29,0.241
2007,Avery,6,31,0.194
2007,Casey,6,7,0.857
2008,Logan,89,5,17.8
2008,Jayden,49,12,4.083
2008,Jordan,27,14,1.929
2008,Riley,23,33,0.697
2008,Quinn,12,6,2.0
2008,Rowan,12,6,2.0
2008,Avery,8,35,0.229
2008,Peyton,6,20,0.3
2008,Dakota,5,6,0.833
2008,Teagan,5,11,0.455
2009,Cameron,58,5,11.6
2009,Jayden,34,7,4.857
2009,Riley,31,34,0.912
2009,Hayden,25,6,4.167
2009,Quinn,12,6,2.0
2009,Rowan,8,5,1.6
2009,Avery,7,48,0.146
2009,Casey,5,6,0.833
2009,Sage,5,7,0.714
2009,Taylor,5,25,0.2
2010,Jordan,19,5,3.8
2010,Riley,18,20,0.9
2010,Rowan,10,7,1.429
2010,Quinn,9,11,0.818
2010,Avery,6,46,0.13
2010,Taylor,6,19,0.316
2010,Emerson,5,8,0.625
2010,Peyton,5,16,0.312
2011,Riley,20,22,0.909
2011,Jordan,16,10,1.6
2011,Rowan,14,7,2.0
2011,Quinn,10,14,0.714
2011,Charlie,8,5,1.6
2011,Avery,7,40,0.175
2011,Angel,5,6,0.833
2012,Blake,32,5,6.4
2012,Sawyer,30,6,5.0
2012,Jayden,28,8,3.5
2012,Hayden,15,5,3.0
2012,Rowan,15,8,1.875
2012,Riley,12,24,0.5
2012,Avery,7,37,0.189
2013,Parker,39,6,6.5
2013,Blake,26,5,5.2
2013,Sawyer,23,7,3.286
2013,Quinn,12,18,0.667
2013,Avery,10,53,0.189
2013,Rowan,10,5,2.0
2013,Finley,9,6,1.5
2013,Hayden,9,8,1.125
2013,Riley,8,17,0.471
2013,Emerson,5,8,0.625
2014,Riley,16,28,0.571
2014,Hayden,12,7,1.714
2014,Emerson,10,8,1.25
2014,Finley,9,11,0.818
2014,Avery,8,37,0.216
2014,Quinn,6,22,0.273
2014,Taylor,6,8,0.75
2014,Peyton,5,13,0.385
2015,Parker,33,7,4.714
2015,Blake,30,9,3.333
2015,Sawyer,28,6,4.667
2015,Jordan,15,6,2.5
2015,Rowan,14,6,2.333
2015,Hayden,13,9,1.444
2015,Charlie,10,6,1.667
2015,Finley,9,5,1.8
2015,Quinn,8,21,0.381
2015,Riley,8,33,0.242
2015,Avery,7,44,0.159
2015,Emerson,7,10,0.7
2016,Sawyer,28,11,2.545
2016,Rowan,16,8,2.0
2016,Riley,12,31,0.387
2016,Charlie,10,6,1.667
2016,Avery,8,29,0.276
2016,Finley,8,13,0.615
2016,River,8,6,1.333
2016,Emerson,7,6,1.167
2016,Quinn,6,23,0.261
2017,Sawyer,25,13,1.923
2017,Rowan,13,8,1.625
2017,Avery,10,29,0.345
2017,Finley,10,9,1.111
2017,Hayden,9,9,1.0
2017,Quinn,9,23,0.391
2017,Emerson,7,12,0.583
2017,Riley,7,21,0.333
2018,Parker,30,8,3.75
2018,Cameron,25,6,4.167
2018,Rowan,25,7,3.571
2018,Blake,14,8,1.75
2018,Finley,13,11,1.182
2018,Quinn,11,22,0.5
2018,Riley,10,30,0.333
2018,Avery,9,46,0.196
2018,Emerson,6,16,0.375
2019,Parker,31,6,5.167
2019,Rowan,21,7,3.0
2019,Blake,14,5,2.8
2019,Quinn,13,20,0.65
2019,Finley,9,7,1.286
2019,Avery,8,31,0.258
2019,Emerson,8,10,0.8
2019,Riley,6,29,0.207
2020,Rowan,23,8,2.875
2020,Sawyer,22,7,3.143
2020,Parker,19,5,3.8
2020,Charlie,14,14,1.0
2020,Finley,10,8,1.25
2020,Oakley,10,6,1.667
2020,Jordan,9,5,1.8
2020,Blake,8,11,0.727
2020,River,8,7,1.143
2020,Riley,6,19,0.316
2020,Avery,5,31,0.161
2020,Lennox,5,6,0.833
2020,Quinn,5,24,0.208
2021,Logan,50,6,8.333
2021,Rowan,35,6,5.833
2021,Parker,25,5,5.0
2021,Sawyer,23,13,1.769
2021,River,21,10,2.1
2021,Hayden,19,10,1.9
2021,Finley,14,7,2.0
2021,Charlie,13,8,1.625
2021,Blake,12,8,1.5
2021,Rory,11,7,1.571
2021,Emerson,8,12,0.667
2021,Elliott,6,5,1.2
2021,Jordan,6,5,1.2
2021,Remington,6,5,1.2
2021,Riley,6,32,0.188
