YOB,Name,mFrequency,fFrequency,mForF
1912,Joseph,720,5,144.0
1912,Francis,119,6,19.833
1913,Lee,9,9,1.0
1914,Francis,158,6,26.333
1914,Jay,8,5,1.6
1914,Lee,7,10,0.7
1914,Marion,5,174,0.029
1915,Charles,801,7,114.429
1915,Francis,207,7,29.571
1915,Carmen,26,6,4.333
1915,Lee,8,11,0.727
1915,Marion,6,232,0.026
1916,John,2168,6,361.333
1916,Joseph,1483,6,247.167
1916,Lee,11,20,0.55
1916,Ray,11,8,1.375
1916,Gene,9,5,1.8
1916,Helen,5,1534,0.003
1916,Marion,5,278,0.018
1916,Mary,5,1881,0.003
1917,William,1518,5,303.6
1917,Francis,253,8,31.625
1917,Lee,9,13,0.692
1917,Carol,5,32,0.156
1918,John,2377,5,475.4
1918,Charles,930,6,155.0
1918,Francis,205,8,25.625
1918,Carmen,28,8,3.5
1918,Ray,17,5,3.4
1918,Lee,9,15,0.6
1918,Jean,7,394,0.018
1918,Marion,6,271,0.022
1919,John,2279,13,175.308
1919,Joseph,1500,5,300.0
1919,William,1455,7,207.857
1919,James,823,5,164.6
1919,Francis,226,13,17.385
1919,Carmen,43,9,4.778
1919,Lee,12,17,0.706
1919,Marion,7,277,0.025
1919,Jean,6,330,0.018
1920,John,2440,15,162.667
1920,William,1745,7,249.286
1920,Joseph,1609,10,160.9
1920,George,1029,5,205.8
1920,James,955,6,159.167
1920,Francis,254,8,31.75
1920,Carmen,42,5,8.4
1920,Jean,11,342,0.032
1920,Lee,9,25,0.36
1920,Willie,9,6,1.5
1920,Marion,6,310,0.019
1921,John,2417,8,302.125
1921,Joseph,1580,5,316.0
1921,Robert,1321,5,264.2
1921,George,1011,5,202.2
1921,Francis,219,5,43.8
1921,Carmen,47,10,4.7
1921,Ray,17,8,2.125
1921,Lee,8,6,1.333
1921,Marion,7,315,0.022
1922,John,2300,11,209.091
1922,William,1696,6,282.667
1922,Joseph,1609,10,160.9
1922,Edward,1094,6,182.333
1922,George,1070,7,152.857
1922,James,1004,7,143.429
1922,Charles,895,8,111.875
1922,Anthony,510,5,102.0
1922,Albert,333,5,66.6
1922,Carmen,56,5,11.2
1922,Leslie,27,5,5.4
1922,Lee,19,9,2.111
1922,Gene,18,5,3.6
1922,Willie,11,5,2.2
1922,Marion,6,285,0.021
1922,Frances,5,456,0.011
1922,Jean,5,458,0.011
1923,John,2359,12,196.583
1923,William,1773,6,295.5
1923,Joseph,1581,9,175.667
1923,Robert,1476,7,210.857
1923,Edward,1159,5,231.8
1923,James,1008,5,201.6
1923,George,989,6,164.833
1923,Frank,891,7,127.286
1923,Michael,412,5,82.4
1923,Francis,246,7,35.143
1923,Carmen,58,11,5.273
1923,Gene,14,5,2.8
1923,Lee,14,12,1.167
1923,Frances,10,449,0.022
1923,Jean,5,463,0.011
1923,Marion,5,344,0.015
1924,John,2381,17,140.059
1924,William,1781,9,197.889
1924,Robert,1643,8,205.375
1924,Joseph,1523,5,304.6
1924,Edward,1200,6,200.0
1924,James,1011,8,126.375
1924,Frank,872,7,124.571
1924,Carmen,65,10,6.5
1924,Gene,19,7,2.714
1924,Lee,17,5,3.4
1924,Willie,10,11,0.909
1924,Jean,9,458,0.02
1924,Marion,6,354,0.017
1924,Merle,5,5,1.0
1925,John,2410,17,141.765
1925,William,1729,14,123.5
1925,Joseph,1500,8,187.5
1925,George,1021,5,204.2
1925,James,971,5,194.2
1925,Charles,891,9,99.0
1925,Frank,863,7,123.286
1925,Francis,208,7,29.714
1925,Carmen,51,17,3.0
1925,Gene,21,10,2.1
1925,Lee,20,13,1.538
1925,Ray,15,5,3.0
1925,Frances,7,404,0.017
1925,Marion,6,310,0.019
1925,Jean,5,567,0.009
1926,John,2363,15,157.533
1926,William,1800,8,225.0
1926,Robert,1710,9,190.0
1926,Joseph,1515,9,168.333
1926,Edward,1066,6,177.667
1926,James,1046,8,130.75
1926,George,983,5,196.6
1926,Charles,939,6,156.5
1926,Walter,512,5,102.4
1926,Francis,249,5,49.8
1926,Carmen,63,7,9.0
1926,Gene,30,5,6.0
1926,Lee,20,7,2.857
1926,Willie,11,7,1.571
1926,Jean,9,559,0.016
1926,Mary,9,1466,0.006
1926,Frances,7,414,0.017
1926,Marion,6,307,0.02
1927,John,2256,14,161.143
1927,William,1773,14,126.643
1927,Robert,1754,13,134.923
1927,Joseph,1468,8,183.5
1927,James,1082,7,154.571
1927,George,1056,8,132.0
1927,Charles,981,7,140.143
1927,Thomas,654,7,93.429
1927,Francis,255,7,36.429
1927,Fred,224,6,37.333
1927,Stanley,191,5,38.2
1927,Carmen,48,9,5.333
1927,Lee,21,6,3.5
1927,Willie,18,6,3.0
1927,Jean,7,634,0.011
1927,Anna,6,593,0.01
1927,Margaret,6,865,0.007
1927,Ruth,6,688,0.009
1927,Ann,5,253,0.02
1927,Helen,5,994,0.005
1928,John,2149,17,126.412
1928,Robert,1809,11,164.455
1928,William,1795,14,128.214
1928,Joseph,1425,18,79.167
1928,Edward,977,10,97.7
1928,Charles,963,6,160.5
1928,George,951,6,158.5
1928,Frank,734,5,146.8
1928,Paul,319,6,53.167
1928,Francis,242,8,30.25
1928,Carmen,61,9,6.778
1928,Patsy,47,6,7.833
1928,Gene,32,5,6.4
1928,Lee,15,10,1.5
1928,Mary,6,1522,0.004
1928,Terry,6,5,1.2
1928,Elizabeth,5,591,0.008
1928,Frances,5,415,0.012
1928,Margaret,5,758,0.007
1929,John,2267,15,151.133
1929,Robert,1831,10,183.1
1929,William,1678,10,167.8
1929,Joseph,1366,10,136.6
1929,James,1055,11,95.909
1929,Richard,964,5,192.8
1929,Charles,941,14,67.214
1929,Edward,912,5,182.4
1929,Frank,727,8,90.875
1929,Francis,213,5,42.6
1929,Carmen,40,13,3.077
1929,Gene,21,5,4.2
1929,Lee,21,9,2.333
1929,Pat,11,8,1.375
1929,Marion,9,256,0.035
1929,Mary,6,1399,0.004
1929,Anna,5,516,0.01
1929,Jean,5,587,0.009
1930,John,2227,10,222.7
1930,Robert,1997,15,133.133
1930,William,1614,9,179.333
1930,Joseph,1430,12,119.167
1930,James,1088,7,155.429
1930,Edward,898,9,99.778
1930,Thomas,650,5,130.0
1930,Anthony,462,8,57.75
1930,Francis,196,8,24.5
1930,Carmen,40,13,3.077
1930,Patsy,37,6,6.167
1930,Lee,24,10,2.4
1930,Willie,17,6,2.833
1930,Pat,15,5,3.0
1930,Dorothy,6,939,0.006
1930,Jessie,6,23,0.261
1930,Dolores,5,672,0.007
1930,Eleanor,5,374,0.013
1930,Jean,5,588,0.009
1930,Joan,5,965,0.005
1930,Rose,5,428,0.012
1931,John,2137,10,213.7
1931,Robert,1980,9,220.0
1931,William,1503,7,214.714
1931,Charles,834,5,166.8
1931,Frank,618,5,123.6
1931,Carmen,45,11,4.091
1931,Patsy,33,8,4.125
1931,Lee,16,8,2.0
1931,Pat,9,5,1.8
1931,Dolores,7,600,0.012
1931,Jean,7,525,0.013
1931,Willie,7,7,1.0
1931,Carol,6,123,0.049
1931,Mary,6,1272,0.005
1931,Joan,5,1420,0.004
1931,Lois,5,258,0.019
1932,Robert,2131,8,266.375
1932,John,1966,10,196.6
1932,William,1449,8,181.125
1932,Joseph,1218,6,203.0
1932,James,1005,5,201.0
1932,George,800,7,114.286
1932,Edward,765,5,153.0
1932,Frank,654,5,130.8
1932,Patsy,26,9,2.889
1932,Lee,23,11,2.091
1932,Pat,16,9,1.778
1932,Terry,7,10,0.7
1932,Dale,6,6,1.0
1932,Jean,6,502,0.012
1932,Lynn,5,11,0.455
1932,Marion,5,228,0.022
1932,Mary,5,1265,0.004
1933,John,1904,8,238.0
1933,Robert,1877,11,170.636
1933,William,1346,8,168.25
1933,Joseph,1152,7,164.571
1933,James,959,7,137.0
1933,Thomas,587,6,97.833
1933,Lee,27,8,3.375
1933,Patsy,21,8,2.625
1933,Mary,8,1143,0.007
1933,Pat,7,12,0.583
1934,Robert,1861,6,310.167
1934,John,1783,6,297.167
1934,Lee,30,15,2.0
1934,Carmen,22,6,3.667
1934,Patsy,13,10,1.3
1934,Pat,10,19,0.526
1934,Frances,9,240,0.038
1934,Barbara,6,955,0.006
1935,John,1844,9,204.889
1935,William,1331,6,221.833
1935,James,989,8,123.625
1935,Donald,681,5,136.2
1935,Lee,25,7,3.571
1935,Patsy,18,7,2.571
1935,Pat,9,15,0.6
1935,Terry,7,5,1.4
1935,Lynn,5,11,0.455
1936,Robert,2032,6,338.667
1936,John,1807,5,361.4
1936,Richard,1046,5,209.2
1936,Leslie,26,11,2.364
1936,Lee,25,17,1.471
1936,Patsy,20,5,4.0
1936,Dale,11,7,1.571
1936,Terry,9,8,1.125
1936,Pat,8,16,0.5
1936,Lynn,6,16,0.375
1936,Carol,5,453,0.011
1936,Gerry,5,5,1.0
1936,Jean,5,358,0.014
1936,Joan,5,1083,0.005
1936,Mary,5,964,0.005
1936,Shirley,5,401,0.012
1937,Robert,2167,7,309.571
1937,John,1834,7,262.0
1937,William,1322,6,220.333
1937,Richard,1059,5,211.8
1937,Lee,34,10,3.4
1937,Leslie,21,6,3.5
1937,Dale,13,15,0.867
1937,Patsy,12,10,1.2
1937,Pat,10,21,0.476
1937,Terry,10,8,1.25
1937,Mary,9,1057,0.009
1937,Barbara,8,1261,0.006
1937,Nancy,5,379,0.013
1938,Robert,2185,9,242.778
1938,John,1793,12,149.417
1938,William,1387,7,198.143
1938,James,1035,8,129.375
1938,Lee,37,19,1.947
1938,Carmen,32,6,5.333
1938,Leslie,32,9,3.556
1938,Dale,18,11,1.636
1938,Terry,15,11,1.364
1938,Patsy,13,6,2.167
1938,Barbara,10,1443,0.007
1938,Joan,8,881,0.009
1938,Lynn,6,37,0.162
1938,Pat,6,21,0.286
1938,Catherine,5,208,0.024
1938,Jean,5,291,0.017
1938,Noel,5,7,0.714
1938,Patricia,5,960,0.005
1939,Robert,2196,7,313.714
1939,John,1888,10,188.8
1939,William,1438,5,287.6
1939,James,1037,6,172.833
1939,Thomas,760,5,152.0
1939,Lee,30,15,2.0
1939,Leslie,27,6,4.5
1939,Carmen,24,5,4.8
1939,Dale,17,17,1.0
1939,Jackie,10,5,2.0
1939,Patsy,10,7,1.429
1939,Lynn,8,46,0.174
1939,Mary,8,1011,0.008
1939,Terry,7,8,0.875
1939,Pat,6,25,0.24
1939,Arlene,5,236,0.021
1939,Jean,5,275,0.018
1939,Joan,5,873,0.006
1940,Robert,2168,6,361.333
1940,John,2090,10,209.0
1940,James,1134,7,162.0
1940,Carmen,39,7,5.571
1940,Lee,34,13,2.615
1940,Leslie,26,12,2.167
1940,Terry,19,8,2.375
1940,Dale,16,16,1.0
1940,Patsy,14,8,1.75
1940,Lynn,11,59,0.186
1940,Robin,9,5,1.8
1940,Pat,8,23,0.348
1940,Barbara,5,1391,0.004
1940,Carol,5,769,0.007
1940,Jackie,5,8,0.625
1940,Joan,5,795,0.006
1941,Robert,2431,6,405.167
1941,John,2255,8,281.875
1941,Thomas,910,5,182.0
1941,Lee,42,8,5.25
1941,Carmen,37,10,3.7
1941,Leslie,37,19,1.947
1941,Dale,26,19,1.368
1941,Lynn,20,84,0.238
1941,Ronnie,14,10,1.4
1941,Pat,13,32,0.406
1941,Terry,13,10,1.3
1941,Noel,12,8,1.5
1941,Patsy,12,8,1.5
1941,Jan,11,8,1.375
1941,Willie,11,5,2.2
1941,Patricia,7,1422,0.005
1941,Robin,7,7,1.0
1941,Jackie,6,6,1.0
1941,Joan,6,829,0.007
1942,Robert,2898,7,414.0
1942,James,1704,8,213.0
1942,Richard,1659,5,331.8
1942,Joseph,1491,5,298.2
1942,Edward,926,5,185.2
1942,Lee,48,15,3.2
1942,Leslie,40,29,1.379
1942,Carmen,34,10,3.4
1942,Terry,32,13,2.462
1942,Dale,25,23,1.087
1942,Ronnie,22,13,1.692
1942,Lynn,15,102,0.147
1942,Jan,12,9,1.333
1942,Pat,12,33,0.364
1942,Barbara,8,1876,0.004
1942,Noel,8,6,1.333
1942,Robin,7,21,0.333
1942,Patricia,6,1702,0.004
1943,Robert,2811,9,312.333
1943,John,2767,9,307.444
1943,William,1993,5,398.6
1943,Joseph,1477,5,295.4
1943,Charles,974,6,162.333
1943,George,924,7,132.0
1943,Leslie,43,40,1.075
1943,Carmen,40,10,4.0
1943,Lee,40,20,2.0
1943,Dale,35,34,1.029
1943,Terry,26,29,0.897
1943,Gene,22,6,3.667
1943,Ronnie,20,11,1.818
1943,Lynn,14,128,0.109
1943,Jan,11,12,0.917
1943,Barbara,9,1707,0.005
1943,Pat,9,33,0.273
1943,Sandy,6,6,1.0
1943,Carol,5,1353,0.004
1943,Mary,5,1324,0.004
1943,Patricia,5,1625,0.003
1944,Robert,2696,5,539.2
1944,John,2609,7,372.714
1944,Joseph,1337,5,267.4
1944,Lee,50,21,2.381
1944,Leslie,44,43,1.023
1944,Terry,37,18,2.056
1944,Carmen,33,6,5.5
1944,Ronnie,25,10,2.5
1944,Dale,10,29,0.345
1944,Jan,9,8,1.125
1944,Lynn,9,125,0.072
1944,Patsy,9,6,1.5
1944,Joan,8,642,0.012
1944,Jean,6,264,0.023
1944,Pat,6,26,0.231
1944,Robin,5,12,0.417
1945,John,2637,5,527.4
1945,Richard,1718,8,214.75
1945,Thomas,1193,5,238.6
1945,Michael,908,5,181.6
1945,Lee,45,24,1.875
1945,Leslie,35,69,0.507
1945,Ronnie,32,18,1.778
1945,Terry,32,29,1.103
1945,Dale,29,32,0.906
1945,Carmen,26,15,1.733
1945,Jan,17,6,2.833
1945,Lynn,9,141,0.064
1945,Patsy,9,6,1.5
1945,Pat,8,32,0.25
1945,Barbara,6,1453,0.004
1945,Dana,6,11,0.545
1945,Mary,5,1204,0.004
1945,Noel,5,9,0.556
1945,Robin,5,19,0.263
1946,Robert,3353,8,419.125
1946,John,3245,12,270.417
1946,William,2266,10,226.6
1946,Richard,2232,8,279.0
1946,Thomas,1587,5,317.4
1946,Terry,61,30,2.033
1946,Lee,58,23,2.522
1946,Leslie,52,91,0.571
1946,Willie,45,6,7.5
1946,Dale,42,55,0.764
1946,Gene,33,5,6.6
1946,Carmen,31,9,3.444
1946,Ronnie,20,13,1.538
1946,Jan,17,18,0.944
1946,Lynn,12,232,0.052
1946,Noel,9,6,1.5
1946,Patsy,9,11,0.818
1946,Mary,8,1419,0.006
1946,Pat,8,44,0.182
1946,Jackie,6,15,0.4
1946,Barbara,5,1732,0.003
1947,Robert,3671,7,524.429
1947,John,3566,6,594.333
1947,William,2507,7,358.143
1947,Richard,2044,6,340.667
1947,Joseph,1849,6,308.167
1947,Thomas,1744,5,348.8
1947,Michael,1494,5,298.8
1947,George,1009,5,201.8
1947,Lee,72,27,2.667
1947,Terry,59,39,1.513
1947,Willie,47,6,7.833
1947,Dale,44,46,0.957
1947,Leslie,40,75,0.533
1947,Carmen,36,15,2.4
1947,Ronnie,36,8,4.5
1947,Chris,24,5,4.8
1947,Jan,23,13,1.769
1947,Lynn,17,288,0.059
1947,Patsy,14,13,1.077
1947,Johnnie,12,7,1.714
1947,Noel,12,10,1.2
1947,Pat,11,45,0.244
1947,Sandy,10,16,0.625
1947,Dana,9,12,0.75
1947,Robin,9,23,0.391
1947,Kerry,8,6,1.333
1947,Linda,7,2369,0.003
1947,Mary,7,1449,0.005
1947,Kathleen,6,1141,0.005
1947,Gerry,5,6,0.833
1947,Patricia,5,2061,0.002
1948,Robert,3337,6,556.167
1948,John,3182,7,454.571
1948,Richard,1774,6,295.667
1948,Thomas,1662,6,277.0
1948,Michael,1347,5,269.4
1948,Terry,72,41,1.756
1948,Dale,54,50,1.08
1948,Lee,53,16,3.312
1948,Willie,44,7,6.286
1948,Carmen,43,7,6.143
1948,Leslie,40,88,0.455
1948,Ronnie,27,21,1.286
1948,Chris,24,5,4.8
1948,Pat,20,29,0.69
1948,Jan,18,21,0.857
1948,Robin,17,48,0.354
1948,Dana,15,12,1.25
1948,Kerry,15,9,1.667
1948,Kim,12,7,1.714
1948,Lynn,12,249,0.048
1948,Daryl,7,7,1.0
1948,Jackie,7,14,0.5
1948,Patsy,7,9,0.778
1948,Sandy,5,14,0.357
1949,Robert,3281,7,468.714
1949,James,2054,7,293.429
1949,Michael,1519,5,303.8
1949,Charles,1048,5,209.6
1949,Jerry,86,5,17.2
1949,Lee,65,17,3.824
1949,Terry,47,55,0.855
1949,Dale,43,71,0.606
1949,Leslie,43,91,0.473
1949,Carmen,33,14,2.357
1949,Ronnie,25,20,1.25
1949,Jan,18,25,0.72
1949,Dana,13,11,1.182
1949,Jackie,12,9,1.333
1949,Pat,9,16,0.562
1949,Jean,8,261,0.031
1949,Kerry,8,9,0.889
1949,Mary,8,1324,0.006
1949,Johnnie,7,6,1.167
1949,Marion,7,81,0.086
1949,Noel,7,6,1.167
1949,Frances,6,225,0.027
1949,Jessie,6,10,0.6
1949,Linda,6,2365,0.003
1949,Patsy,6,12,0.5
1949,Robin,6,47,0.128
1949,Kathleen,5,1284,0.004
1949,Lynn,5,240,0.021
1950,Robert,3163,5,632.6
1950,Michael,1682,5,336.4
1950,Charles,987,5,197.4
1950,Edward,883,5,176.6
1950,Ronald,731,5,146.2
1950,Lee,69,26,2.654
1950,Terry,52,36,1.444
1950,Willie,52,8,6.5
1950,Dale,34,60,0.567
1950,Carmen,32,20,1.6
1950,Leslie,30,108,0.278
1950,Jan,26,25,1.04
1950,Randy,23,9,2.556
1950,Robin,23,93,0.247
1950,Ronnie,21,10,2.1
1950,Kim,15,14,1.071
1950,Dana,13,17,0.765
1950,Kerry,13,5,2.6
1950,Pat,8,8,1.0
1950,Lynn,7,276,0.025
1950,Daryl,6,6,1.0
1950,Nancy,6,980,0.006
1950,Leigh,5,10,0.5
1950,Patsy,5,7,0.714
1950,Sandy,5,8,0.625
1951,Robert,3435,7,490.714
1951,John,3168,6,528.0
1951,Thomas,1831,7,261.571
1951,Lee,69,22,3.136
1951,Dale,56,58,0.966
1951,Terry,51,56,0.911
1951,Leslie,50,83,0.602
1951,Willie,50,5,10.0
1951,Carmen,38,17,2.235
1951,Randy,37,12,3.083
1951,Jan,28,33,0.848
1951,Kim,25,25,1.0
1951,Ronnie,22,9,2.444
1951,Robin,16,164,0.098
1951,Dana,14,14,1.0
1951,Kerry,14,6,2.333
1951,Pat,11,7,1.571
1951,Sandy,8,6,1.333
1951,Daryl,7,6,1.167
1951,Jackie,6,13,0.462
1951,Leigh,6,9,0.667
1951,Lynn,6,361,0.017
1951,Patricia,5,2294,0.002
1952,John,3306,9,367.333
1952,William,2217,5,443.4
1952,Richard,2109,7,301.286
1952,Lee,78,32,2.438
1952,Randy,65,5,13.0
1952,Terry,64,40,1.6
1952,Dale,61,87,0.701
1952,Gene,46,5,9.2
1952,Leslie,40,153,0.261
1952,Kim,39,53,0.736
1952,Jan,32,47,0.681
1952,Carmen,26,30,0.867
1952,Robin,22,197,0.112
1952,Kerry,16,13,1.231
1952,Ronnie,14,5,2.8
1952,Daryl,11,8,1.375
1952,Jackie,11,8,1.375
1952,Dana,9,29,0.31
1952,Kyle,7,8,0.875
1952,Pat,7,9,0.778
1952,Tracy,7,6,1.167
1952,Jean,6,231,0.026
1952,Patsy,6,8,0.75
1952,Rene,6,6,1.0
1952,Diane,5,956,0.005
1952,Leigh,5,6,0.833
1952,Lynn,5,300,0.017
1952,Patricia,5,2133,0.002
1952,Sandy,5,9,0.556
1952,Toby,5,7,0.714
1953,Robert,3480,6,580.0
1953,John,3367,7,481.0
1953,Michael,2378,5,475.6
1953,James,2334,7,333.429
1953,William,2219,5,443.8
1953,Richard,2054,5,410.8
1953,Lee,73,28,2.607
1953,Terry,72,59,1.22
1953,Randy,61,5,12.2
1953,Willie,56,6,9.333
1953,Dale,48,87,0.552
1953,Kim,46,49,0.939
1953,Robin,43,267,0.161
1953,Leslie,40,137,0.292
1953,Carmen,38,41,0.927
1953,Chris,35,5,7.0
1953,Ronnie,33,8,4.125
1953,Daryl,18,8,2.25
1953,Dana,17,10,1.7
1953,Jan,15,42,0.357
1953,Lynn,11,316,0.035
1953,Shawn,9,7,1.286
1953,Jackie,8,10,0.8
1953,Kerry,8,12,0.667
1953,Pat,8,5,1.6
1953,Patsy,7,6,1.167
1953,Kyle,6,8,0.75
1953,Leigh,6,7,0.857
1953,Patricia,6,2022,0.003
1953,Tracy,6,5,1.2
1953,Jamie,5,25,0.2
1953,Jessie,5,13,0.385
1953,Linda,5,1928,0.003
1954,John,3418,8,427.25
1954,Michael,2492,5,498.4
1954,Gary,1103,5,220.6
1954,George,817,5,163.4
1954,Randy,94,10,9.4
1954,Lee,80,39,2.051
1954,Terry,71,88,0.807
1954,Dale,58,54,1.074
1954,Willie,58,5,11.6
1954,Leslie,52,149,0.349
1954,Kim,48,106,0.453
1954,Chris,36,6,6.0
1954,Daryl,30,7,4.286
1954,Robin,29,377,0.077
1954,Carmen,27,55,0.491
1954,Ronnie,25,6,4.167
1954,Jan,23,60,0.383
1954,Kerry,22,19,1.158
1954,Dana,15,12,1.25
1954,Angel,14,9,1.556
1954,Sandy,12,14,0.857
1954,Pat,11,6,1.833
1954,Noel,8,7,1.143
1954,Shawn,8,8,1.0
1954,Merle,7,5,1.4
1954,Kyle,6,10,0.6
1954,Marion,6,77,0.078
1954,Susan,6,1787,0.003
1954,Toby,6,9,0.667
1954,Leigh,5,18,0.278
1954,Lynn,5,349,0.014
1954,Tracy,5,13,0.385
1955,John,3432,10,343.2
1955,James,2354,6,392.333
1955,Richard,1976,5,395.2
1955,Kenneth,900,6,150.0
1955,Randy,102,9,11.333
1955,Terry,79,127,0.622
1955,Lee,66,49,1.347
1955,Kim,58,231,0.251
1955,Dale,55,81,0.679
1955,Robin,31,400,0.078
1955,Kerry,28,16,1.75
1955,Daryl,26,9,2.889
1955,Carmen,24,56,0.429
1955,Leslie,23,159,0.145
1955,Angel,18,10,1.8
1955,Dana,17,24,0.708
1955,Jan,17,48,0.354
1955,Johnnie,13,5,2.6
1955,Noel,11,5,2.2
1955,Jackie,10,5,2.0
1955,Pat,10,10,1.0
1955,Shawn,10,10,1.0
1955,Rene,9,12,0.75
1955,Carey,8,6,1.333
1955,Jaime,7,5,1.4
1955,Jody,6,41,0.146
1955,Jamie,5,35,0.143
1955,Marion,5,54,0.093
1955,Mary,5,1707,0.003
1955,Sandy,5,15,0.333
1956,Robert,3465,7,495.0
1956,Michael,2783,5,556.6
1956,James,2473,6,412.167
1956,William,2098,5,419.6
1956,David,1990,5,398.0
1956,Thomas,1985,5,397.0
1956,Kenneth,850,5,170.0
1956,Lee,98,75,1.307
1956,Randy,96,15,6.4
1956,Terry,61,122,0.5
1956,Chris,60,19,3.158
1956,Dale,50,42,1.19
1956,Daryl,42,13,3.231
1956,Robin,42,406,0.103
1956,Ronnie,39,8,4.875
1956,Kim,37,366,0.101
1956,Carmen,30,62,0.484
1956,Kerry,25,27,0.926
1956,Leslie,25,175,0.143
1956,Dana,17,36,0.472
1956,Shawn,15,9,1.667
1956,Jan,13,50,0.26
1956,Pat,13,26,0.5
1956,Adrian,11,9,1.222
1956,Rene,10,21,0.476
1956,Jackie,9,26,0.346
1956,Jaime,9,6,1.5
1956,Tracy,9,21,0.429
1956,Lynn,8,336,0.024
1956,Kelly,7,9,0.778
1956,Leigh,7,14,0.5
1956,Sandy,7,35,0.2
1956,Jamie,6,26,0.231
1956,Linda,6,1563,0.004
1956,Loren,6,7,0.857
1956,Patsy,6,9,0.667
1956,Jody,5,49,0.102
1956,Mary,5,1776,0.003
1956,Toby,5,10,0.5
1957,Robert,3479,17,204.647
1957,John,3464,6,577.333
1957,Michael,3012,11,273.818
1957,James,2502,5,500.4
1957,Thomas,1996,5,399.2
1957,David,1974,5,394.8
1957,Joseph,1969,6,328.167
1957,Francis,168,5,33.6
1957,Randy,132,9,14.667
1957,Chris,94,27,3.481
1957,Lee,74,71,1.042
1957,Terry,73,143,0.51
1957,Dale,68,38,1.789
1957,Ronnie,47,8,5.875
1957,Carmen,45,72,0.625
1957,Leslie,41,253,0.162
1957,Daryl,40,6,6.667
1957,Robin,34,422,0.081
1957,Angel,30,7,4.286
1957,Kim,27,447,0.06
1957,Kyle,27,11,2.455
1957,Kerry,25,21,1.19
1957,Shawn,25,25,1.0
1957,Dana,19,33,0.576
1957,Tracy,15,40,0.375
1957,Adrian,13,7,1.857
1957,Jan,12,42,0.286
1957,Pat,11,28,0.393
1957,Loren,10,9,1.111
1957,Noel,10,5,2.0
1957,Jackie,9,34,0.265
1957,Kelly,9,21,0.429
1957,Sandy,9,38,0.237
1957,Rene,8,13,0.615
1957,Jamie,7,36,0.194
1957,Kris,7,7,1.0
1957,Gerry,6,7,0.857
1957,Lou,6,19,0.316
1957,Lynn,6,360,0.017
1957,Mary,6,1780,0.003
1957,Patsy,6,7,0.857
1957,Andrea,5,156,0.032
1957,Jessie,5,8,0.625
1958,John,3469,5,693.8
1958,Robert,3220,12,268.333
1958,Michael,3004,8,375.5
1958,James,2331,11,211.909
1958,William,2120,7,302.857
1958,Richard,1905,5,381.0
1958,Joseph,1899,5,379.8
1958,Thomas,1844,6,307.333
1958,Chris,138,45,3.067
1958,Dale,97,33,2.939
1958,Randy,92,6,15.333
1958,Terry,83,144,0.576
1958,Lee,73,60,1.217
1958,Ronnie,62,8,7.75
1958,Leslie,44,232,0.19
1958,Daryl,38,12,3.167
1958,Angel,30,10,3.0
1958,Carmen,30,64,0.469
1958,Shawn,30,17,1.765
1958,Pat,25,43,0.581
1958,Kyle,24,7,3.429
1958,Kerry,17,16,1.062
1958,Tracy,17,63,0.27
1958,Jan,16,33,0.485
1958,Jamie,15,39,0.385
1958,Kim,14,400,0.035
1958,Noel,13,6,2.167
1958,Dana,12,40,0.3
1958,Robin,12,446,0.027
1958,Jody,11,51,0.216
1958,Jessie,9,11,0.818
1958,Kelly,9,41,0.22
1958,Leigh,9,16,0.562
1958,Rene,9,18,0.5
1958,Adrian,8,5,1.6
1958,Sandy,8,55,0.145
1958,Susan,8,1785,0.004
1958,Jean,6,263,0.023
1958,Loren,6,9,0.667
1958,Michele,6,382,0.016
1958,Jackie,5,33,0.152
1958,Lynn,5,327,0.015
1959,John,3337,9,370.778
1959,Michael,3082,7,440.286
1959,James,2449,8,306.125
1959,William,2072,9,230.222
1959,Joseph,1883,5,376.6
1959,Thomas,1864,5,372.8
1959,Mark,1554,6,259.0
1959,Chris,153,26,5.885
1959,Randy,131,15,8.733
1959,Dale,85,30,2.833
1959,Lee,74,50,1.48
1959,Ronnie,64,13,4.923
1959,Shawn,62,21,2.952
1959,Terry,51,143,0.357
1959,Daryl,41,9,4.556
1959,Angel,36,7,5.143
1959,Carmen,31,77,0.403
1959,Leslie,29,184,0.158
1959,Kerry,24,23,1.043
1959,Tracy,20,76,0.263
1959,Dana,18,55,0.327
1959,Kim,18,394,0.046
1959,Pat,17,36,0.472
1959,Jamie,16,60,0.267
1959,Robin,15,481,0.031
1959,Jan,13,49,0.265
1959,Jody,11,40,0.275
1959,Jackie,9,43,0.209
1959,Jaime,7,7,1.0
1959,Jessie,7,7,1.0
1959,Rene,7,25,0.28
1959,Stacy,7,31,0.226
1959,Jean,6,274,0.022
1959,Lynn,6,321,0.019
1959,Kelly,5,87,0.057
1959,Kris,5,9,0.556
1959,Nancy,5,1093,0.005
1960,John,3358,9,373.111
1960,Michael,3150,5,630.0
1960,Robert,2980,6,496.667
1960,James,2440,10,244.0
1960,Thomas,1976,6,329.333
1960,William,1923,7,274.714
1960,Joseph,1862,7,266.0
1960,Mark,1769,6,294.833
1960,Anthony,908,6,151.333
1960,Charles,811,5,162.2
1960,Gary,567,6,94.5
1960,Chris,149,38,3.921
1960,Randy,124,5,24.8
1960,Dale,88,46,1.913
1960,Lee,71,39,1.821
1960,Terry,65,161,0.404
1960,Shawn,64,17,3.765
1960,Ronnie,62,7,8.857
1960,Angel,47,11,4.273
1960,Kyle,39,10,3.9
1960,Tracy,36,186,0.194
1960,Daryl,34,13,2.615
1960,Carmen,32,99,0.323
1960,Pat,24,24,1.0
1960,Kerry,21,22,0.955
1960,Leslie,21,180,0.117
1960,Jamie,20,47,0.426
1960,Kelly,20,143,0.14
1960,Dana,19,65,0.292
1960,Kim,19,438,0.043
1960,Jody,17,38,0.447
1960,Robin,17,550,0.031
1960,Rene,14,25,0.56
1960,Jan,11,30,0.367
1960,Tracey,10,114,0.088
1960,Marion,9,45,0.2
1960,Jackie,7,52,0.135
1960,Jean,7,248,0.028
1960,Jessie,7,6,1.167
1960,Kris,7,12,0.583
1960,Loren,7,14,0.5
1960,Lou,6,13,0.462
1960,Sandy,6,87,0.069
1960,Kendall,5,5,1.0
1960,Lisa,5,1141,0.004
1960,Stacey,5,37,0.135
1961,John,3480,17,204.706
1961,Michael,3375,12,281.25
1961,Robert,3207,12,267.25
1961,James,2426,10,242.6
1961,David,2396,6,399.333
1961,William,1921,12,160.083
1961,Joseph,1881,5,376.2
1961,Thomas,1759,7,251.286
1961,Richard,1677,5,335.4
1961,George,689,5,137.8
1961,Gary,637,5,127.4
1961,Chris,160,34,4.706
1961,Francis,158,5,31.6
1961,Randy,124,6,20.667
1961,Shawn,77,15,5.133
1961,Lee,75,36,2.083
1961,Dale,71,34,2.088
1961,Terry,58,144,0.403
1961,Tracy,56,198,0.283
1961,Angel,47,32,1.469
1961,Dana,37,70,0.529
1961,Daryl,36,9,4.0
1961,Carmen,35,120,0.292
1961,Pat,25,23,1.087
1961,Kerry,22,50,0.44
1961,Robin,22,617,0.036
1961,Kyle,20,12,1.667
1961,Leslie,20,198,0.101
1961,Jamie,19,45,0.422
1961,Kelly,18,185,0.097
1961,Kim,16,369,0.043
1961,Rene,13,13,1.0
1961,Jan,12,37,0.324
1961,Jackie,10,86,0.116
1961,Jody,9,31,0.29
1961,Donna,8,1429,0.006
1961,Tracey,8,147,0.054
1961,Kris,7,10,0.7
1961,Stacy,7,47,0.149
1961,Jean,6,245,0.024
1961,Lisa,6,1484,0.004
1961,Margaret,6,465,0.013
1961,Marion,6,46,0.13
1961,Michele,6,494,0.012
1961,Jessie,5,9,0.556
1961,Lynn,5,301,0.017
1961,Sandy,5,87,0.057
1961,Susan,5,1673,0.003
1962,John,3397,16,212.312
1962,Michael,3151,15,210.067
1962,Robert,3033,8,379.125
1962,David,2303,8,287.875
1962,Thomas,1813,6,302.167
1962,Richard,1558,5,311.6
1962,Steven,947,6,157.833
1962,Kenneth,871,7,124.429
1962,Chris,171,42,4.071
1962,Dale,83,35,2.371
1962,Lee,72,34,2.118
1962,Angel,65,19,3.421
1962,Terry,63,127,0.496
1962,Shawn,62,18,3.444
1962,Tracy,44,273,0.161
1962,Kyle,39,6,6.5
1962,Daryl,37,6,6.167
1962,Kerry,33,50,0.66
1962,Ronnie,30,6,5.0
1962,Carmen,27,92,0.293
1962,Dana,25,68,0.368
1962,Pat,22,18,1.222
1962,Robin,21,523,0.04
1962,Kim,18,388,0.046
1962,Kris,14,8,1.75
1962,Leslie,14,171,0.082
1962,Tracey,13,219,0.059
1962,Kelly,12,242,0.05
1962,Jamie,11,59,0.186
1962,Rene,11,16,0.688
1962,Stacey,11,69,0.159
1962,Stacy,11,59,0.186
1962,Dorian,10,7,1.429
1962,Jessie,9,5,1.8
1962,Jody,9,27,0.333
1962,Blair,8,5,1.6
1962,Marion,7,39,0.179
1962,Jackie,6,66,0.091
1962,Mary,6,1272,0.005
1962,Jan,5,35,0.143
1962,Karen,5,1311,0.004
1962,Patricia,5,1234,0.004
1962,Susan,5,1484,0.003
1963,John,3450,11,313.636
1963,Michael,3137,17,184.529
1963,Robert,3015,7,430.714
1963,James,2307,12,192.25
1963,Thomas,1753,5,350.6
1963,Richard,1636,6,272.667
1963,Anthony,967,6,161.167
1963,Chris,144,39,3.692
1963,Shawn,93,23,4.043
1963,Randy,92,11,8.364
1963,Willie,78,6,13.0
1963,Dale,66,32,2.062
1963,Terry,65,132,0.492
1963,Angel,57,13,4.385
1963,Lee,54,43,1.256
1963,Tracy,46,250,0.184
1963,Kyle,35,10,3.5
1963,Daryl,30,9,3.333
1963,Carmen,26,84,0.31
1963,Dana,26,132,0.197
1963,Kerry,22,32,0.688
1963,Leslie,20,206,0.097
1963,Robin,20,529,0.038
1963,Jamie,16,42,0.381
1963,Noel,16,5,3.2
1963,Tracey,16,215,0.074
1963,Adrian,15,7,2.143
1963,Kelly,15,285,0.053
1963,Jessie,13,9,1.444
1963,Kris,13,13,1.0
1963,Pat,12,11,1.091
1963,Jaime,11,7,1.571
1963,Kim,11,383,0.029
1963,Shannon,9,18,0.5
1963,Bobbie,8,5,1.6
1963,Rene,8,26,0.308
1963,Jody,7,34,0.206
1963,Lisa,7,2156,0.003
1963,Sandy,7,59,0.119
1963,Stacey,7,117,0.06
1963,Alexis,6,11,0.545
1963,Diane,6,699,0.009
1963,Donna,6,1298,0.005
1963,Jan,6,27,0.222
1963,Denise,5,659,0.008
1963,Jackie,5,46,0.109
1963,Jean,5,189,0.026
1963,Marion,5,48,0.104
1963,Michele,5,508,0.01
1964,John,3701,12,308.417
1964,Michael,3285,19,172.895
1964,Robert,2969,8,371.125
1964,James,2428,11,220.727
1964,William,1889,6,314.833
1964,Joseph,1827,7,261.0
1964,Richard,1622,6,270.333
1964,Kevin,980,5,196.0
1964,Kenneth,866,6,144.333
1964,Chris,132,41,3.22
1964,Shawn,98,36,2.722
1964,Willie,87,5,17.4
1964,Terry,71,88,0.807
1964,Angel,70,12,5.833
1964,Lee,66,43,1.535
1964,Dale,51,22,2.318
1964,Tracy,46,312,0.147
1964,Daryl,43,8,5.375
1964,Kyle,39,7,5.571
1964,Ronnie,31,5,6.2
1964,Jamie,28,50,0.56
1964,Carmen,22,91,0.242
1964,Robin,17,463,0.037
1964,Adrian,16,15,1.067
1964,Dana,16,144,0.111
1964,Kerry,16,59,0.271
1964,Leslie,15,173,0.087
1964,Pat,13,5,2.6
1964,Tracey,13,220,0.059
1964,Rene,12,23,0.522
1964,Kelly,11,305,0.036
1964,Jan,10,17,0.588
1964,Jean,9,168,0.054
1964,Jody,8,32,0.25
1964,Kim,8,369,0.022
1964,Stacey,8,108,0.074
1964,Jackie,7,51,0.137
1964,Kris,7,17,0.412
1964,Lisa,7,2064,0.003
1964,Karen,6,1132,0.005
1964,Leigh,6,26,0.231
1964,Patricia,6,1225,0.005
1964,Stacy,6,84,0.071
1964,Courtney,5,5,1.0
1964,Kendall,5,5,1.0
1964,Mary,5,1243,0.004
1964,Patsy,5,6,0.833
1964,Shannon,5,17,0.294
1964,Susan,5,1414,0.004
1965,Michael,3268,13,251.385
1965,John,3115,9,346.111
1965,Robert,2783,8,347.875
1965,James,2216,6,369.333
1965,Joseph,1767,9,196.333
1965,William,1634,12,136.167
1965,Thomas,1617,8,202.125
1965,Richard,1490,8,186.25
1965,Francis,122,6,20.333
1965,Chris,121,26,4.654
1965,Shawn,106,28,3.786
1965,Randy,89,9,9.889
1965,Lee,57,42,1.357
1965,Angel,48,15,3.2
1965,Dale,42,22,1.909
1965,Tracy,41,336,0.122
1965,Terry,40,76,0.526
1965,Kerry,25,51,0.49
1965,Carmen,23,117,0.197
1965,Kelly,23,396,0.058
1965,Dana,21,115,0.183
1965,Leslie,17,167,0.102
1965,Jamie,16,54,0.296
1965,Johnnie,16,5,3.2
1965,Noel,15,7,2.143
1965,Robin,14,419,0.033
1965,Tracey,14,257,0.054
1965,Shannon,11,22,0.5
1965,Jessie,10,13,0.769
1965,Kris,10,18,0.556
1965,Jean,9,139,0.065
1965,Jody,9,32,0.281
1965,Sandy,9,32,0.281
1965,Stacey,9,159,0.057
1965,Courtney,7,8,0.875
1965,Cynthia,7,563,0.012
1965,Jan,7,20,0.35
1965,Kim,7,427,0.016
1965,Billie,6,8,0.75
1965,Kendall,6,5,1.2
1965,Rene,6,16,0.375
1965,Carey,5,5,1.0
1965,Jackie,5,39,0.128
1965,Lisa,5,2106,0.002
1965,Nicola,5,6,0.833
1966,Michael,3132,10,313.2
1966,John,2946,13,226.615
1966,Robert,2521,5,504.2
1966,James,2146,14,153.286
1966,David,2022,7,288.857
1966,William,1587,9,176.333
1966,Thomas,1470,8,183.75
1966,Richard,1402,6,233.667
1966,Anthony,1020,8,127.5
1966,Brian,866,5,173.2
1966,Edward,760,6,126.667
1966,Eric,576,5,115.2
1966,Sean,276,5,55.2
1966,Chris,125,24,5.208
1966,Shawn,113,34,3.324
1966,Angel,73,14,5.214
1966,Lee,68,33,2.061
1966,Terry,54,62,0.871
1966,Dale,53,14,3.786
1966,Tracy,46,422,0.109
1966,Carmen,36,119,0.303
1966,Leslie,28,117,0.239
1966,Daryl,27,6,4.5
1966,Kelly,22,423,0.052
1966,Jamie,17,65,0.262
1966,Noel,17,8,2.125
1966,Shaun,16,6,2.667
1966,Dana,12,122,0.098
1966,Robin,11,309,0.036
1966,Alexis,10,16,0.625
1966,Kerry,10,42,0.238
1966,Stacey,9,187,0.048
1966,Stacy,9,111,0.081
1966,Jan,8,11,0.727
1966,Jody,8,20,0.4
1966,Kim,8,464,0.017
1966,Loren,8,12,0.667
1966,Tracey,8,307,0.026
1966,Patricia,7,913,0.008
1966,Rene,7,20,0.35
1966,Jessie,6,6,1.0
1966,Lynn,6,209,0.029
1966,Sandy,6,27,0.222
1966,Courtney,5,15,0.333
1966,Donna,5,887,0.006
1966,Dorian,5,6,0.833
1966,Michel,5,6,0.833
1966,Michelle,5,787,0.006
1967,Michael,3153,7,450.429
1967,John,2489,11,226.273
1967,Robert,2316,5,463.2
1967,David,2051,8,256.375
1967,James,1966,14,140.429
1967,Joseph,1604,7,229.143
1967,William,1522,10,152.2
1967,Thomas,1405,11,127.727
1967,Christopher,1112,9,123.556
1967,Anthony,955,7,136.429
1967,Steven,862,5,172.4
1967,Kevin,848,9,94.222
1967,Charles,644,5,128.8
1967,Frank,528,6,88.0
1967,Shawn,135,47,2.872
1967,Chris,76,21,3.619
1967,Lee,74,31,2.387
1967,Angel,73,18,4.056
1967,Terry,56,56,1.0
1967,Kyle,55,10,5.5
1967,Dale,47,5,9.4
1967,Tracy,37,380,0.097
1967,Kelly,34,437,0.078
1967,Carmen,26,88,0.295
1967,Leslie,23,151,0.152
1967,Kerry,21,59,0.356
1967,Noel,21,10,2.1
1967,Stacey,21,200,0.105
1967,Adrian,20,13,1.538
1967,Stacy,18,118,0.153
1967,Dana,17,163,0.104
1967,Jaime,15,9,1.667
1967,Jamie,14,52,0.269
1967,Tracey,13,232,0.056
1967,Shannon,10,31,0.323
1967,Jan,9,21,0.429
1967,Jody,9,26,0.346
1967,Rene,9,19,0.474
1967,Robin,9,241,0.037
1967,Kris,8,15,0.533
1967,Carey,7,5,1.4
1967,Jackie,7,26,0.269
1967,Leigh,6,38,0.158
1967,Michele,6,701,0.009
1967,Sandy,6,20,0.3
1967,Alexis,5,15,0.333
1967,Andrea,5,273,0.018
1967,Donna,5,791,0.006
1967,Jean,5,96,0.052
1968,Michael,3013,12,251.083
1968,John,2546,14,181.857
1968,Robert,2319,11,210.818
1968,David,2019,10,201.9
1968,James,1897,9,210.778
1968,Joseph,1499,15,99.933
1968,William,1432,8,179.0
1968,Thomas,1257,5,251.4
1968,Richard,1246,5,249.2
1968,Christopher,1203,7,171.857
1968,Anthony,981,6,163.5
1968,Steven,743,5,148.6
1968,Gary,347,5,69.4
1968,Jose,237,5,47.4
1968,Shawn,193,49,3.939
1968,Angel,81,26,3.115
1968,Chris,75,19,3.947
1968,Lee,66,25,2.64
1968,Terry,51,44,1.159
1968,Kelly,42,621,0.068
1968,Dale,38,10,3.8
1968,Daryl,35,6,5.833
1968,Tracy,33,367,0.09
1968,Carmen,28,123,0.228
1968,Jaime,24,5,4.8
1968,Dana,22,140,0.157
1968,Jamie,22,73,0.301
1968,Stacey,19,226,0.084
1968,Leslie,17,146,0.116
1968,Kerry,15,74,0.203
1968,Noel,15,15,1.0
1968,Adrian,14,8,1.75
1968,Shannon,14,64,0.219
1968,Stacy,14,158,0.089
1968,Jody,13,30,0.433
1968,Jean,11,96,0.115
1968,Lisa,10,1581,0.006
1968,Jan,9,16,0.562
1968,Robin,9,255,0.035
1968,Cary,8,5,1.6
1968,Kim,8,291,0.027
1968,Jackie,7,23,0.304
1968,Kris,6,13,0.462
1968,Marion,6,19,0.316
1968,Tracey,6,247,0.024
1968,Jennifer,5,941,0.005
1968,Kimberly,5,886,0.006
1968,Leigh,5,31,0.161
1968,Lynn,5,156,0.032
1968,Michele,5,730,0.007
1968,Whitney,5,6,0.833
1969,Michael,3004,15,200.267
1969,John,2368,8,296.0
1969,Robert,2253,11,204.818
1969,David,1981,7,283.0
1969,James,1801,7,257.286
1969,Joseph,1498,6,249.667
1969,Thomas,1250,7,178.571
1969,Richard,1192,5,238.4
1969,Mark,991,5,198.2
1969,Scott,942,6,157.0
1969,Jeffrey,903,8,112.875
1969,Eric,636,6,106.0
1969,Charles,568,5,113.6
1969,Sean,376,5,75.2
1969,Shawn,219,37,5.919
1969,Angel,98,12,8.167
1969,Chris,76,13,5.846
1969,Kyle,65,6,10.833
1969,Lee,58,33,1.758
1969,Terry,44,38,1.158
1969,Adrian,37,8,4.625
1969,Dale,37,14,2.643
1969,Daryl,33,7,4.714
1969,Kelly,30,620,0.048
1969,Carmen,28,109,0.257
1969,Jamie,26,58,0.448
1969,Jaime,22,5,4.4
1969,Kerry,20,87,0.23
1969,Cory,19,6,3.167
1969,Jody,18,32,0.562
1969,Rene,16,23,0.696
1969,Stacey,16,270,0.059
1969,Tracy,16,469,0.034
1969,Dana,15,191,0.079
1969,Noel,15,17,0.882
1969,Rory,15,6,2.5
1969,Shannon,14,141,0.099
1969,Alexis,12,15,0.8
1969,Leslie,12,140,0.086
1969,Stacy,12,195,0.062
1969,Jessie,10,9,1.111
1969,Jan,9,11,0.818
1969,Kris,9,14,0.643
1969,Jean,8,89,0.09
1969,Kim,8,288,0.028
1969,Robin,8,254,0.031
1969,Tracey,8,251,0.032
1969,Carey,7,8,0.875
1969,Michele,6,699,0.009
1969,Andrea,5,239,0.021
1969,Erin,5,104,0.048
1969,Jackie,5,14,0.357
1969,Loren,5,17,0.294
1970,John,2260,6,376.667
1970,Robert,2233,11,203.0
1970,David,2009,6,334.833
1970,James,1817,10,181.7
1970,Joseph,1480,6,246.667
1970,William,1404,8,175.5
1970,Richard,1149,8,143.625
1970,Brian,1085,12,90.417
1970,Anthony,905,5,181.0
1970,Mark,888,6,148.0
1970,Steven,791,5,158.2
1970,Matthew,648,5,129.6
1970,Charles,606,5,121.2
1970,Kenneth,592,5,118.4
1970,Jose,312,5,62.4
1970,Shawn,310,40,7.75
1970,Christian,136,8,17.0
1970,Angel,118,26,4.538
1970,Corey,92,5,18.4
1970,Chris,75,13,5.769
1970,Jamie,55,63,0.873
1970,Lee,53,35,1.514
1970,Adrian,38,6,6.333
1970,Dale,37,7,5.286
1970,Terry,37,41,0.902
1970,Jaime,30,14,2.143
1970,Kelly,30,567,0.053
1970,Shaun,30,6,5.0
1970,Dana,28,216,0.13
1970,Noel,24,19,1.263
1970,Carmen,23,125,0.184
1970,Leslie,22,141,0.156
1970,Shannon,20,260,0.077
1970,Tracy,15,552,0.027
1970,Kerry,14,81,0.173
1970,Stacy,14,209,0.067
1970,Stacey,13,266,0.049
1970,Rene,12,14,0.857
1970,Robin,12,212,0.057
1970,Alexis,11,16,0.688
1970,Casey,10,6,1.667
1970,Jessie,9,11,0.818
1970,Jody,9,50,0.18
1970,Joey,8,5,1.6
1970,Kimberly,8,1018,0.008
1970,Jan,7,7,1.0
1970,Jean,7,99,0.071
1970,Loren,7,8,0.875
1970,Carey,6,6,1.0
1970,Courtney,6,28,0.214
1970,Jennifer,6,1766,0.003
1970,Kris,6,7,0.857
1970,Lisa,6,1316,0.005
1970,Michele,6,682,0.009
1970,Nicola,6,6,1.0
1970,Tracey,6,320,0.019
1970,Christine,5,856,0.006
1970,Erin,5,116,0.043
1970,Kim,5,226,0.022
1970,Mary,5,491,0.01
1971,Michael,2862,13,220.154
1971,John,1957,12,163.083
1971,Robert,1913,8,239.125
1971,James,1681,5,336.2
1971,Christopher,1620,6,270.0
1971,Joseph,1340,5,268.0
1971,William,1234,7,176.286
1971,Brian,1098,5,219.6
1971,Thomas,993,9,110.333
1971,Anthony,831,6,138.5
1971,Steven,705,6,117.5
1971,Edward,603,5,120.6
1971,Paul,584,5,116.8
1971,Shawn,331,39,8.487
1971,Christian,155,5,31.0
1971,Angel,109,32,3.406
1971,Corey,86,5,17.2
1971,Chris,64,8,8.0
1971,Randy,60,6,10.0
1971,Lee,56,16,3.5
1971,Curtis,53,5,10.6
1971,Jamie,46,79,0.582
1971,Terry,41,34,1.206
1971,Noel,40,12,3.333
1971,Adrian,31,10,3.1
1971,Dale,31,7,4.429
1971,Shannon,26,213,0.122
1971,Dana,25,263,0.095
1971,Jaime,24,8,3.0
1971,Tracy,20,411,0.049
1971,Kelly,19,471,0.04
1971,Carmen,17,113,0.15
1971,Jody,16,28,0.571
1971,Casey,15,7,2.143
1971,Jessie,14,11,1.273
1971,Stacy,12,219,0.055
1971,Tracey,12,201,0.06
1971,Jean,11,83,0.133
1971,Stacey,11,264,0.042
1971,Alexis,10,15,0.667
1971,Kerry,10,102,0.098
1971,Leslie,10,113,0.088
1971,Marion,9,8,1.125
1971,Al,8,5,1.6
1971,Rene,8,11,0.727
1971,Andrea,6,266,0.023
1971,Erin,6,122,0.049
1971,Jennifer,6,2118,0.003
1971,Kim,6,198,0.03
1971,Nancy,6,302,0.02
1971,Robin,6,166,0.036
1971,Carey,5,10,0.5
1971,Germaine,5,6,0.833
1971,Katherine,5,156,0.032
1971,Mary,5,474,0.011
1971,Nicola,5,7,0.714
1972,Michael,2564,16,160.25
1972,John,1690,10,169.0
1972,Robert,1603,8,200.375
1972,Christopher,1585,6,264.167
1972,David,1440,9,160.0
1972,James,1395,12,116.25
1972,Brian,1165,5,233.0
1972,Richard,845,5,169.0
1972,Jason,723,5,144.6
1972,Kevin,711,6,118.5
1972,Matthew,623,7,89.0
1972,Kenneth,422,6,70.333
1972,Gregory,384,6,64.0
1972,Jose,295,7,42.143
1972,Shawn,282,44,6.409
1972,Christian,178,7,25.429
1972,Angel,105,29,3.621
1972,Shane,64,5,12.8
1972,Jamie,59,67,0.881
1972,Lee,57,17,3.353
1972,Chris,51,9,5.667
1972,Terry,36,14,2.571
1972,Dana,33,199,0.166
1972,Adrian,32,15,2.133
1972,Dale,30,5,6.0
1972,Shannon,27,177,0.153
1972,Noel,24,17,1.412
1972,Tracy,24,304,0.079
1972,Carmen,21,103,0.204
1972,Alexis,15,26,0.577
1972,Casey,15,18,0.833
1972,Rene,15,17,0.882
1972,Robin,12,141,0.085
1972,Jackie,10,9,1.111
1972,Kelly,10,427,0.023
1972,Stacy,10,190,0.053
1972,Jean,9,65,0.138
1972,Kendall,9,7,1.286
1972,Kerry,9,79,0.114
1972,Leslie,9,72,0.125
1972,Jennifer,8,2401,0.003
1972,Jody,8,34,0.235
1972,Tracey,8,164,0.049
1972,Andrea,6,234,0.026
1972,Kristin,6,177,0.034
1972,Michele,6,464,0.013
1972,Stacey,6,224,0.027
1972,Christin,5,7,0.714
1972,Jessie,5,8,0.625
1972,Kim,5,131,0.038
1972,Nicole,5,634,0.008
1973,Michael,2407,15,160.467
1973,John,1462,15,97.467
1973,Christopher,1400,6,233.333
1973,Robert,1394,6,232.333
1973,Brian,1280,5,256.0
1973,David,1233,8,154.125
1973,James,1226,6,204.333
1973,Joseph,1039,10,103.9
1973,Thomas,796,5,159.2
1973,Daniel,775,9,86.111
1973,Kenneth,378,5,75.6
1973,Keith,355,5,71.0
1973,Timothy,317,5,63.4
1973,Ronald,271,5,54.2
1973,Shawn,264,23,11.478
1973,Jermaine,113,5,22.6
1973,Angel,109,33,3.303
1973,Corey,73,5,14.6
1973,Kyle,68,6,11.333
1973,Shane,60,9,6.667
1973,Jamie,56,74,0.757
1973,Lee,55,18,3.056
1973,Terry,47,19,2.474
1973,Chris,34,10,3.4
1973,Jaime,31,10,3.1
1973,Cory,26,5,5.2
1973,Dana,25,196,0.128
1973,Shannon,25,176,0.142
1973,Ronnie,21,6,3.5
1973,Tracy,20,266,0.075
1973,Kelly,19,353,0.054
1973,Carmen,18,83,0.217
1973,Kerry,16,94,0.17
1973,Leslie,16,78,0.205
1973,Casey,14,10,1.4
1973,Dorian,12,5,2.4
1973,Jody,12,29,0.414
1973,Noel,12,9,1.333
1973,Stacy,11,174,0.063
1973,Jennifer,10,2109,0.005
1973,Rene,10,17,0.588
1973,Alexis,9,34,0.265
1973,Kenya,9,44,0.205
1973,Stacey,8,167,0.048
1973,Loren,7,10,0.7
1973,Erin,6,120,0.05
1973,Jean,6,47,0.128
1973,Jessie,6,11,0.545
1973,Joey,6,6,1.0
1973,Ashley,5,9,0.556
1973,Courtney,5,21,0.238
1973,Kenyatta,5,5,1.0
1973,Kris,5,7,0.714
1973,Maria,5,338,0.015
1973,Michelle,5,708,0.007
1973,Nicola,5,5,1.0
1973,Nicole,5,620,0.008
1973,Robin,5,115,0.043
1973,Tracey,5,126,0.04
1974,Michael,2462,14,175.857
1974,John,1421,5,284.2
1974,Christopher,1397,6,232.833
1974,David,1320,7,188.571
1974,Robert,1286,7,183.714
1974,Joseph,1046,7,149.429
1974,William,959,7,137.0
1974,Mark,550,5,110.0
1974,Paul,378,5,75.6
1974,Shawn,244,34,7.176
1974,Angel,116,20,5.8
1974,Corey,71,8,8.875
1974,Jamie,64,76,0.842
1974,Lee,43,17,2.529
1974,Terry,39,6,6.5
1974,Chris,32,7,4.571
1974,Shannon,29,200,0.145
1974,Nakia,23,59,0.39
1974,Alexis,20,28,0.714
1974,Jaime,20,11,1.818
1974,Leslie,19,93,0.204
1974,Casey,17,12,1.417
1974,Carmen,14,95,0.147
1974,Kelly,14,412,0.034
1974,Dana,13,236,0.055
1974,Kerry,13,81,0.16
1974,Tracy,12,223,0.054
1974,Jody,11,43,0.256
1974,Kendall,11,5,2.2
1974,Rene,11,5,2.2
1974,Courtney,10,60,0.167
1974,Dorian,10,6,1.667
1974,Jean,10,41,0.244
1974,Jan,8,9,0.889
1974,Stacy,8,162,0.049
1974,Nicola,7,8,0.875
1974,Robin,7,119,0.059
1974,Stacey,7,182,0.038
1974,Andrea,6,206,0.029
1974,Jackie,6,6,1.0
1974,Nicole,6,555,0.011
1974,Billie,5,10,0.5
1974,Kenyatta,5,5,1.0
1974,Kimberly,5,648,0.008
1974,Michele,5,381,0.013
1975,Michael,2442,19,128.526
1975,John,1360,9,151.111
1975,David,1290,11,117.273
1975,Brian,1081,9,120.111
1975,James,1062,10,106.2
1975,William,883,6,147.167
1975,Richard,683,12,56.917
1975,Justin,216,5,43.2
1975,Shawn,216,12,18.0
1975,Carlos,155,5,31.0
1975,Angel,94,25,3.76
1975,Jamie,82,87,0.943
1975,Kyle,73,6,12.167
1975,Brett,72,6,12.0
1975,Corey,65,8,8.125
1975,Lee,40,11,3.636
1975,Terry,36,13,2.769
1975,Alexis,30,48,0.625
1975,Dana,30,230,0.13
1975,Jaime,28,37,0.757
1975,Chris,24,8,3.0
1975,Shannon,23,190,0.121
1975,Dale,20,5,4.0
1975,Noel,18,10,1.8
1975,Nakia,15,48,0.312
1975,Carmen,14,63,0.222
1975,Courtney,14,74,0.189
1975,Casey,12,14,0.857
1975,Rene,12,13,0.923
1975,Ariel,11,5,2.2
1975,Jean,11,39,0.282
1975,Jennifer,9,1931,0.005
1975,Kerry,9,62,0.145
1975,Dorian,8,5,1.6
1975,Kelly,8,423,0.019
1975,Leslie,8,88,0.091
1975,Stacy,8,168,0.048
1975,Jan,7,6,1.167
1975,Carey,6,17,0.353
1975,Jackie,6,15,0.4
1975,Jessie,6,8,0.75
1975,Nicole,6,616,0.01
1975,Stacey,6,204,0.029
1975,Stephanie,6,328,0.018
1975,Ashley,5,17,0.294
1975,Kenyatta,5,6,0.833
1975,Lashawn,5,5,1.0
1975,Michele,5,323,0.015
1976,Michael,2542,12,211.833
1976,David,1212,5,242.4
1976,Robert,1194,7,170.571
1976,John,1191,8,148.875
1976,James,1076,8,134.5
1976,Brian,1068,6,178.0
1976,William,790,6,131.667
1976,Anthony,643,6,107.167
1976,Richard,577,5,115.4
1976,Charles,339,6,56.5
1976,Shawn,245,26,9.423
1976,Angel,97,30,3.233
1976,Corey,85,9,9.444
1976,Jamie,79,235,0.336
1976,Jermaine,74,5,14.8
1976,Randy,50,6,8.333
1976,Lee,40,16,2.5
1976,Cory,37,8,4.625
1976,Chris,33,6,5.5
1976,Jaime,32,320,0.1
1976,Terry,25,11,2.273
1976,Noel,24,10,2.4
1976,Casey,21,18,1.167
1976,Shannon,21,309,0.068
1976,Jan,17,5,3.4
1976,Carmen,14,78,0.179
1976,Kelly,13,412,0.032
1976,Rene,13,7,1.857
1976,Jean,12,37,0.324
1976,Jody,11,28,0.393
1976,Courtney,10,86,0.116
1976,Dana,10,210,0.048
1976,Joey,10,6,1.667
1976,Jennifer,8,1764,0.005
1976,Kerry,8,54,0.148
1976,Dorian,7,7,1.0
1976,Kim,7,45,0.156
1976,Robin,7,87,0.08
1976,Alexis,6,32,0.188
1976,Andrea,6,188,0.032
1976,Jessie,6,9,0.667
1976,Leslie,6,87,0.069
1976,Ashley,5,21,0.238
1976,Danielle,5,482,0.01
1976,Erin,5,236,0.021
1977,Michael,2548,17,149.882
1977,Christopher,1329,13,102.231
1977,David,1276,7,182.286
1977,Jason,1249,7,178.429
1977,John,1229,6,204.833
1977,Robert,1170,5,234.0
1977,Brian,1137,7,162.429
1977,Joseph,1092,9,121.333
1977,James,1014,10,101.4
1977,Daniel,840,9,93.333
1977,William,804,7,114.857
1977,Matthew,786,10,78.6
1977,Thomas,761,6,126.833
1977,Richard,614,6,102.333
1977,Ryan,442,5,88.4
1977,Keith,330,5,66.0
1977,Shawn,214,15,14.267
1977,Corey,91,14,6.5
1977,Angel,83,40,2.075
1977,Shaun,66,8,8.25
1977,Jamie,62,258,0.24
1977,Lee,47,17,2.765
1977,Cory,45,5,9.0
1977,Jaime,37,245,0.151
1977,Shannon,30,277,0.108
1977,Casey,29,17,1.706
1977,Adrian,26,7,3.714
1977,Dale,24,5,4.8
1977,Devon,21,15,1.4
1977,Courtney,16,87,0.184
1977,Kelly,15,638,0.024
1977,Alexis,14,37,0.378
1977,Jessie,13,9,1.444
1977,Joey,13,5,2.6
1977,Rene,12,7,1.714
1977,Dana,10,244,0.041
1977,Kerry,10,49,0.204
1977,Robin,9,73,0.123
1977,Leslie,8,65,0.123
1977,Jean,7,30,0.233
1977,Jody,7,23,0.304
1977,Jackie,6,17,0.353
1977,Erin,5,278,0.018
1977,Michele,5,261,0.019
1978,Michael,2523,20,126.15
1978,Christopher,1325,7,189.286
1978,David,1323,8,165.375
1978,Jason,1192,7,170.286
1978,Robert,1161,9,129.0
1978,James,1054,5,210.8
1978,Brian,1006,8,125.75
1978,Matthew,772,6,128.667
1978,William,761,7,108.714
1978,Richard,620,5,124.0
1978,Anthony,592,8,74.0
1978,Steven,476,5,95.2
1978,Ryan,475,22,21.591
1978,Stephen,356,5,71.2
1978,Edward,321,5,64.2
1978,Jose,276,5,55.2
1978,Shawn,186,11,16.909
1978,Angel,119,22,5.409
1978,Kyle,98,5,19.6
1978,Corey,90,11,8.182
1978,Kareem,49,5,9.8
1978,Lee,47,17,2.765
1978,Jamie,46,256,0.18
1978,Hassan,33,5,6.6
1978,Alexis,32,55,0.582
1978,Casey,29,35,0.829
1978,Jaime,23,192,0.12
1978,Rene,22,11,2.0
1978,Devin,21,14,1.5
1978,Terry,21,10,2.1
1978,Shannon,19,259,0.073
1978,Dale,18,7,2.571
1978,Ariel,17,5,3.4
1978,Kelly,17,520,0.033
1978,Noel,17,12,1.417
1978,Devon,16,41,0.39
1978,Carmen,12,56,0.214
1978,Dorian,11,7,1.571
1978,Joey,10,6,1.667
1978,Erin,9,295,0.031
1978,Kerry,9,52,0.173
1978,Robin,9,90,0.1
1978,Courtney,8,122,0.066
1978,Dana,8,230,0.035
1978,Leslie,8,89,0.09
1978,Jessie,7,6,1.167
1978,Michele,6,249,0.024
1978,Aubrey,5,11,0.455
1978,Frances,5,32,0.156
1978,Jean,5,25,0.2
1978,Jody,5,22,0.227
1978,Leigh,5,25,0.2
1978,Morgan,5,7,0.714
1979,Michael,2511,11,228.273
1979,Christopher,1451,8,181.375
1979,David,1322,7,188.857
1979,John,1202,9,133.556
1979,Joseph,1162,8,145.25
1979,Robert,1148,6,191.333
1979,Jason,1126,9,125.111
1979,Brian,1070,7,152.857
1979,James,1018,6,169.667
1979,Matthew,873,8,109.125
1979,William,760,8,95.0
1979,Thomas,679,8,84.875
1979,Kevin,594,6,99.0
1979,Jeffrey,535,6,89.167
1979,Ryan,473,11,43.0
1979,Edward,332,5,66.4
1979,Shawn,191,11,17.364
1979,Dennis,156,5,31.2
1979,Kyle,146,11,13.273
1979,Angel,115,19,6.053
1979,Corey,89,20,4.45
1979,Jamie,62,270,0.23
1979,Cory,46,5,9.2
1979,Adrian,39,6,6.5
1979,Lee,39,15,2.6
1979,Alexis,35,67,0.522
1979,Jordan,35,5,7.0
1979,Dale,31,5,6.2
1979,Casey,30,37,0.811
1979,Noel,22,10,2.2
1979,Jaime,20,111,0.18
1979,Jean,17,29,0.586
1979,Shannon,17,266,0.064
1979,Devon,15,40,0.375
1979,Dana,13,274,0.047
1979,Devin,13,9,1.444
1979,Courtney,10,113,0.088
1979,Blair,9,6,1.5
1979,Carmen,9,58,0.155
1979,Kelly,9,569,0.016
1979,Jessie,8,18,0.444
1979,Michele,7,198,0.035
1979,Morgan,7,6,1.167
1979,Robin,7,67,0.104
1979,Kerry,6,49,0.122
1979,Jennifer,5,1576,0.003
1979,Jody,5,14,0.357
1979,Melissa,5,1073,0.005
1979,Tracy,5,137,0.036
1980,Michael,2500,10,250.0
1980,Robert,1194,15,79.6
1980,David,1193,11,108.455
1980,John,1179,11,107.182
1980,Jason,1133,5,226.6
1980,Joseph,1123,8,140.375
1980,Brian,989,8,123.625
1980,Daniel,979,5,195.8
1980,James,979,8,122.375
1980,Matthew,918,7,131.143
1980,William,769,7,109.857
1980,Thomas,685,6,114.167
1980,Ryan,590,16,36.875
1980,Justin,483,5,96.6
1980,Timothy,458,6,76.333
1980,Edward,371,7,53.0
1980,Shawn,178,14,12.714
1980,Jesse,150,6,25.0
1980,Christian,140,6,23.333
1980,Angel,114,25,4.56
1980,Corey,88,12,7.333
1980,Brett,80,5,16.0
1980,Jamie,48,284,0.169
1980,Jordan,47,10,4.7
1980,Casey,37,36,1.028
1980,Alexis,34,71,0.479
1980,Lee,34,9,3.778
1980,Adrian,31,6,5.167
1980,Devin,28,15,1.867
1980,Jaime,28,109,0.257
1980,Shannon,19,233,0.082
1980,Ronnie,17,5,3.4
1980,Ariel,16,11,1.455
1980,Carmen,13,62,0.21
1980,Courtney,11,160,0.069
1980,Jean,11,31,0.355
1980,Noel,11,15,0.733
1980,Kelly,10,473,0.021
1980,Devon,9,36,0.25
1980,Jessie,9,12,0.75
1980,Dana,8,266,0.03
1980,Dorian,8,5,1.6
1980,Ashley,7,61,0.115
1980,Leslie,7,66,0.106
1980,Erin,6,383,0.016
1980,Jan,6,6,1.0
1980,Daniele,5,5,1.0
1980,Kerry,5,63,0.079
1980,Kim,5,18,0.278
1980,Kristen,5,282,0.018
1980,Michele,5,193,0.026
1980,Robin,5,64,0.078
1980,Taylor,5,6,0.833
1981,Michael,2572,10,257.2
1981,Christopher,1462,5,292.4
1981,David,1154,5,230.8
1981,John,1138,8,142.25
1981,Matthew,1088,5,217.6
1981,Robert,1066,7,152.286
1981,Jason,997,5,199.4
1981,Brian,954,6,159.0
1981,Daniel,954,7,136.286
1981,William,753,7,107.571
1981,Ryan,654,11,59.455
1981,Richard,617,9,68.556
1981,Nicholas,478,5,95.6
1981,Andrew,451,5,90.2
1981,Joshua,398,7,56.857
1981,Sean,391,5,78.2
1981,Shawn,183,11,16.636
1981,Jesse,182,6,30.333
1981,Christian,132,8,16.5
1981,Angel,100,18,5.556
1981,Corey,82,5,16.4
1981,Jordan,64,11,5.818
1981,Lee,47,12,3.917
1981,Casey,44,35,1.257
1981,Alexis,38,85,0.447
1981,Jamie,38,265,0.143
1981,Cory,33,7,4.714
1981,Noel,26,11,2.364
1981,Jaime,24,108,0.222
1981,Terry,21,10,2.1
1981,Devin,16,6,2.667
1981,Jessie,16,29,0.552
1981,Ronnie,16,6,2.667
1981,Shannon,16,254,0.063
1981,Ariel,15,11,1.364
1981,Devon,13,37,0.351
1981,Blair,12,11,1.091
1981,Carmen,11,61,0.18
1981,Dana,11,278,0.04
1981,Kerry,10,44,0.227
1981,Leslie,10,75,0.133
1981,Jean,9,34,0.265
1981,Ashley,6,89,0.067
1981,Erin,6,383,0.016
1981,Michele,6,179,0.034
1981,Morgan,6,38,0.158
1981,Rene,6,8,0.75
1981,Robin,6,76,0.079
1981,Jennifer,5,1604,0.003
1981,Taylor,5,6,0.833
1981,Tracy,5,101,0.05
1982,Michael,2630,19,138.421
1982,Christopher,1681,16,105.062
1982,Matthew,1218,8,152.25
1982,Robert,1193,7,170.429
1982,David,1174,9,130.444
1982,John,1162,5,232.4
1982,Joseph,1139,8,142.375
1982,Daniel,1052,9,116.889
1982,Jason,1043,9,115.889
1982,Brian,991,6,165.167
1982,James,965,6,160.833
1982,William,793,10,79.3
1982,Thomas,690,5,138.0
1982,Ryan,672,17,39.529
1982,Justin,580,6,96.667
1982,Timothy,411,6,68.5
1982,Adam,404,7,57.714
1982,Charles,312,5,62.4
1982,George,202,5,40.4
1982,Shawn,187,8,23.375
1982,Kyle,172,7,24.571
1982,Christian,171,10,17.1
1982,Angel,122,21,5.81
1982,Francis,80,5,16.0
1982,Antonio,79,5,15.8
1982,Corey,76,7,10.857
1982,Alexis,69,131,0.527
1982,Jordan,56,8,7.0
1982,Adrian,49,5,9.8
1982,Jamie,35,317,0.11
1982,Lee,33,9,3.667
1982,Jaime,31,123,0.252
1982,Dale,29,5,5.8
1982,Casey,26,59,0.441
1982,Devin,22,9,2.444
1982,Ariel,20,11,1.818
1982,Jean,18,11,1.636
1982,Jessie,17,24,0.708
1982,Rene,15,14,1.071
1982,Shannon,13,240,0.054
1982,Devon,12,22,0.545
1982,Jovan,11,6,1.833
1982,Erin,10,449,0.022
1982,Kristian,10,5,2.0
1982,Taylor,10,14,0.714
1982,Jessica,9,1263,0.007
1982,Ashley,8,132,0.061
1982,Carmen,8,42,0.19
1982,Dana,8,244,0.033
1982,Kelly,7,470,0.015
1982,Kerry,7,46,0.152
1982,Blair,6,16,0.375
1982,Leslie,6,78,0.077
1982,Courtney,5,171,0.029
1982,Lauren,5,740,0.007
1982,Michel,5,5,1.0
1982,Morgan,5,44,0.114
1982,Nicole,5,828,0.006
1982,Tracy,5,71,0.07
1983,Michael,2645,15,176.333
1983,Christopher,1606,7,229.429
1983,Matthew,1328,8,166.0
1983,Robert,1170,6,195.0
1983,John,1163,8,145.375
1983,David,1127,9,125.222
1983,Jason,992,10,99.2
1983,James,957,8,119.625
1983,Brian,908,8,113.5
1983,Anthony,764,7,109.143
1983,Ryan,721,23,31.348
1983,Richard,526,8,65.75
1983,Mark,461,5,92.2
1983,Paul,342,6,57.0
1983,Charles,316,5,63.2
1983,Kyle,275,9,30.556
1983,Shawn,158,12,13.167
1983,Christian,139,6,23.167
1983,Angel,100,23,4.348
1983,Francis,83,6,13.833
1983,Alexis,60,158,0.38
1983,Corey,60,6,10.0
1983,Jordan,54,12,4.5
1983,Cory,47,7,6.714
1983,Devin,41,6,6.833
1983,Lee,39,11,3.545
1983,Casey,37,57,0.649
1983,Adrian,35,5,7.0
1983,Jaime,35,100,0.35
1983,Dale,26,7,3.714
1983,Jamie,26,308,0.084
1983,Noel,22,12,1.833
1983,Ariel,19,20,0.95
1983,Devon,15,39,0.385
1983,Jean,15,13,1.154
1983,Jessie,14,17,0.824
1983,Kelly,13,422,0.031
1983,Ashley,12,388,0.031
1983,Carmen,10,45,0.222
1983,Rene,10,5,2.0
1983,Morgan,9,31,0.29
1983,Shannon,9,227,0.04
1983,Taylor,9,19,0.474
1983,Courtney,8,177,0.045
1983,Dana,8,287,0.028
1983,Kerry,8,38,0.211
1983,Jessica,7,1226,0.006
1983,Robin,7,56,0.125
1983,Leslie,6,62,0.097
1983,Blair,5,14,0.357
1983,Jackie,5,11,0.455
1983,Tracy,5,87,0.057
1984,Michael,2671,23,116.13
1984,Christopher,1714,10,171.4
1984,Daniel,1299,8,162.375
1984,John,1162,8,145.25
1984,David,1157,6,192.833
1984,Brian,976,5,195.2
1984,Ryan,817,19,43.0
1984,Kevin,665,9,73.889
1984,Timothy,486,6,81.0
1984,Paul,349,5,69.8
1984,Charles,335,5,67.0
1984,Kyle,305,12,25.417
1984,Alexander,223,5,44.6
1984,Shawn,177,11,16.091
1984,Christian,159,9,17.667
1984,Jesse,151,5,30.2
1984,Angel,109,25,4.36
1984,Jordan,79,6,13.167
1984,Corey,72,11,6.545
1984,Devin,51,11,4.636
1984,Adrian,40,8,5.0
1984,Lee,39,10,3.9
1984,Alexis,32,141,0.227
1984,Casey,32,72,0.444
1984,Jaime,24,79,0.304
1984,Jamie,24,283,0.085
1984,Devon,23,25,0.92
1984,Ariel,19,16,1.188
1984,Noel,18,7,2.571
1984,Jessie,16,33,0.485
1984,Shannon,15,239,0.063
1984,Jean,14,19,0.737
1984,Terry,12,5,2.4
1984,Morgan,11,46,0.239
1984,Robin,11,41,0.268
1984,Taylor,11,15,0.733
1984,Dana,10,280,0.036
1984,Courtney,9,175,0.051
1984,Carmen,8,38,0.211
1984,Blair,7,17,0.412
1984,Christina,7,508,0.014
1984,Dorian,7,7,1.0
1984,Ashley,6,571,0.011
1984,Kelly,6,445,0.013
1984,Leslie,6,62,0.097
1984,Erin,5,399,0.013
1984,Justine,5,41,0.122
1984,Lauren,5,812,0.006
1984,Shea,5,5,1.0
1984,Tracey,5,29,0.172
1984,Tracy,5,79,0.063
1985,Michael,2585,8,323.125
1985,Christopher,1739,5,347.8
1985,Matthew,1390,9,154.444
1985,Daniel,1323,9,147.0
1985,Joseph,1264,6,210.667
1985,Robert,1160,9,128.889
1985,David,1139,6,189.833
1985,John,1094,11,99.455
1985,James,1045,7,149.286
1985,Anthony,907,6,151.167
1985,Ryan,810,22,36.818
1985,William,767,8,95.875
1985,Kevin,720,6,120.0
1985,Justin,478,7,68.286
1985,Mark,462,5,92.4
1985,Kyle,414,8,51.75
1985,Adam,406,5,81.2
1985,Alexander,315,7,45.0
1985,Shawn,205,10,20.5
1985,Jesse,173,7,24.714
1985,Christian,136,10,13.6
1985,Angel,128,20,6.4
1985,Corey,87,14,6.214
1985,Jordan,79,14,5.643
1985,Francis,71,8,8.875
1985,Alexis,54,112,0.482
1985,Devin,48,12,4.0
1985,Lee,46,6,7.667
1985,Adrian,43,5,8.6
1985,Jamie,35,288,0.122
1985,Casey,34,94,0.362
1985,Devon,28,18,1.556
1985,Blake,27,5,5.4
1985,Ariel,26,18,1.444
1985,Noel,26,9,2.889
1985,Jaime,22,78,0.282
1985,Jean,15,15,1.0
1985,Ali,14,5,2.8
1985,Taylor,13,17,0.765
1985,Dana,12,231,0.052
1985,Morgan,12,47,0.255
1985,Jessie,10,26,0.385
1985,Jennifer,9,1352,0.007
1985,Jessica,9,1390,0.006
1985,Rene,9,5,1.8
1985,Carmen,7,46,0.152
1985,Tracy,7,87,0.08
1985,Ashley,6,788,0.008
1985,Lindsay,6,228,0.026
1985,Nicola,6,5,1.2
1985,Robin,6,50,0.12
1985,Courtney,5,192,0.026
1985,Kelly,5,419,0.012
1985,Melissa,5,689,0.007
1985,Shannon,5,240,0.021
1986,Michael,2650,17,155.882
1986,Christopher,1757,10,175.7
1986,Matthew,1475,7,210.714
1986,Daniel,1411,10,141.1
1986,David,1163,11,105.727
1986,Robert,1149,6,191.5
1986,John,1104,6,184.0
1986,James,1019,6,169.833
1986,Ryan,866,30,28.867
1986,Brian,848,9,94.222
1986,Kevin,779,7,111.286
1986,Jason,705,8,88.125
1986,Kyle,526,8,65.75
1986,Justin,521,8,65.125
1986,Mark,452,5,90.4
1986,Alexander,382,11,34.727
1986,Luis,222,5,44.4
1986,Shawn,218,9,24.222
1986,Jesse,190,9,21.111
1986,Jordan,123,34,3.618
1986,Brett,116,5,23.2
1986,Corey,110,19,5.789
1986,Angel,109,17,6.412
1986,Devin,65,14,4.643
1986,Cory,58,5,11.6
1986,Drew,58,5,11.6
1986,Lee,49,6,8.167
1986,Adrian,47,6,7.833
1986,Casey,36,86,0.419
1986,Jaime,34,71,0.479
1986,Alexis,31,97,0.32
1986,Dale,30,6,5.0
1986,Taylor,25,21,1.19
1986,Jamie,24,228,0.105
1986,Ali,23,8,2.875
1986,Devon,23,20,1.15
1986,Ariel,17,17,1.0
1986,Jessie,16,26,0.615
1986,Carmen,14,31,0.452
1986,Jean,14,12,1.167
1986,Noel,13,10,1.3
1986,Shannon,13,231,0.056
1986,Courtney,12,234,0.051
1986,Morgan,12,45,0.267
1986,Robin,12,49,0.245
1986,Terry,12,6,2.0
1986,Kendall,11,10,1.1
1986,Leslie,11,60,0.183
1986,Rene,11,7,1.571
1986,Dominique,9,111,0.081
1986,Shea,9,5,1.8
1986,Ashley,8,1020,0.008
1986,Christina,8,560,0.014
1986,Kelly,8,442,0.018
1986,Kerry,8,46,0.174
1986,Andrea,5,186,0.027
1986,Blair,5,10,0.5
1986,Cheyenne,5,6,0.833
1986,Jessica,5,1605,0.003
1987,Michael,2781,11,252.818
1987,Matthew,1594,7,227.714
1987,Daniel,1400,10,140.0
1987,Joseph,1303,9,144.778
1987,John,1128,6,188.0
1987,Robert,1070,10,107.0
1987,James,936,6,156.0
1987,Ryan,849,26,32.654
1987,Kevin,828,8,103.5
1987,Jonathan,799,9,88.778
1987,William,798,5,159.6
1987,Justin,600,5,120.0
1987,Eric,591,5,118.2
1987,Kyle,563,14,40.214
1987,Sean,532,7,76.0
1987,Alexander,443,8,55.375
1987,Jesse,177,6,29.5
1987,Christian,169,8,21.125
1987,Alex,168,5,33.6
1987,Shawn,160,5,32.0
1987,Corey,140,11,12.727
1987,Jordan,117,27,4.333
1987,Brett,109,5,21.8
1987,Tyler,106,7,15.143
1987,Angel,102,23,4.435
1987,Cory,92,7,13.143
1987,Devin,75,17,4.412
1987,Gabriel,67,5,13.4
1987,Drew,55,6,9.167
1987,Lee,52,5,10.4
1987,Casey,51,77,0.662
1987,Cody,43,7,6.143
1987,Alexis,42,115,0.365
1987,Devon,35,26,1.346
1987,Jaime,27,48,0.562
1987,Taylor,27,32,0.844
1987,Terry,26,5,5.2
1987,Ali,25,8,3.125
1987,Ariel,24,15,1.6
1987,Jamie,21,226,0.093
1987,Courtney,18,218,0.083
1987,Jean,17,14,1.214
1987,Noel,15,20,0.75
1987,Jessie,13,31,0.419
1987,Kendall,13,15,0.867
1987,Ashley,10,1261,0.008
1987,Rene,10,5,2.0
1987,Dominique,9,97,0.093
1987,Jessica,9,1633,0.006
1987,Carmen,8,37,0.216
1987,Dana,8,241,0.033
1987,Morgan,7,65,0.108
1987,Kelly,6,459,0.013
1987,Kerry,6,44,0.136
1987,Kimberly,6,418,0.014
1987,Michele,6,118,0.051
1987,Michelle,6,441,0.014
1987,Shannon,6,253,0.024
1987,Tracy,6,60,0.1
1987,Blair,5,20,0.25
1988,Michael,2857,14,204.071
1988,Christopher,1748,10,174.8
1988,Matthew,1631,11,148.273
1988,Daniel,1376,9,152.889
1988,Joseph,1262,10,126.2
1988,David,1183,13,91.0
1988,Robert,1126,13,86.615
1988,Andrew,1032,7,147.429
1988,Anthony,1025,5,205.0
1988,Thomas,849,5,169.8
1988,Ryan,838,19,44.105
1988,Jonathan,833,7,119.0
1988,William,826,8,103.25
1988,Eric,742,6,123.667
1988,Justin,741,7,105.857
1988,Steven,638,7,91.143
1988,Kyle,583,12,48.583
1988,Richard,574,5,114.8
1988,Timothy,552,5,110.4
1988,Jason,520,5,104.0
1988,Alexander,492,13,37.846
1988,Patrick,408,5,81.6
1988,Zachary,294,5,58.8
1988,Christian,184,9,20.444
1988,Shawn,175,8,21.875
1988,Jesse,167,8,20.875
1988,Corey,154,10,15.4
1988,Jordan,137,34,4.029
1988,Angel,117,21,5.571
1988,Cory,103,8,12.875
1988,Francis,97,6,16.167
1988,Devin,69,14,4.929
1988,Casey,52,86,0.605
1988,Devon,51,27,1.889
1988,Taylor,42,53,0.792
1988,Lee,36,8,4.5
1988,Alexis,35,108,0.324
1988,Jaime,31,37,0.838
1988,Ali,27,6,4.5
1988,Jamie,26,207,0.126
1988,Jean,24,12,2.0
1988,Ariel,22,17,1.294
1988,Noel,19,10,1.9
1988,Dominique,17,71,0.239
1988,Courtney,15,293,0.051
1988,Kerry,14,45,0.311
1988,Kendall,13,13,1.0
1988,Jessie,12,21,0.571
1988,Ashley,10,1268,0.008
1988,Kelly,10,405,0.025
1988,Morgan,10,86,0.116
1988,Robin,10,48,0.208
1988,Shannon,10,243,0.041
1988,Jessica,9,1485,0.006
1988,Blair,8,16,0.5
1988,Kasey,7,17,0.412
1988,Carmen,6,33,0.182
1988,Christina,6,546,0.011
1988,Justine,6,66,0.091
1988,Leslie,6,53,0.113
1988,Mackenzie,6,10,0.6
1988,Christine,5,383,0.013
1988,Dana,5,257,0.019
1988,Kelsey,5,78,0.064
1988,Michele,5,106,0.047
1988,Nicole,5,1026,0.005
1988,Stephanie,5,867,0.006
1989,Michael,2982,9,331.333
1989,Christopher,1857,6,309.5
1989,Matthew,1705,6,284.167
1989,Daniel,1476,5,295.2
1989,Robert,1155,6,192.5
1989,Ryan,942,16,58.875
1989,Kyle,630,12,52.5
1989,Alexander,545,6,90.833
1989,Adam,377,5,75.4
1989,Corey,226,9,25.111
1989,Christian,223,7,31.857
1989,Jesse,215,8,26.875
1989,Alex,197,5,39.4
1989,Tyler,180,10,18.0
1989,Jordan,165,50,3.3
1989,Shawn,162,5,32.4
1989,Angel,126,26,4.846
1989,Francis,82,6,13.667
1989,Cory,74,8,9.25
1989,Devin,71,16,4.438
1989,Taylor,62,105,0.59
1989,Casey,57,98,0.582
1989,Randy,56,5,11.2
1989,Dylan,54,7,7.714
1989,Adrian,50,7,7.143
1989,Devon,43,32,1.344
1989,Alexis,39,111,0.351
1989,Jamie,32,241,0.133
1989,Jaime,29,42,0.69
1989,Ali,28,7,4.0
1989,Ariel,27,55,0.491
1989,Noel,24,10,2.4
1989,Dominique,22,65,0.338
1989,Jessie,20,23,0.87
1989,Morgan,19,111,0.171
1989,Jean,17,14,1.214
1989,Courtney,11,292,0.038
1989,Kelly,11,443,0.025
1989,Kristian,11,5,2.2
1989,Baby,9,5,1.8
1989,Kerry,9,45,0.2
1989,Michele,9,129,0.07
1989,Alexandra,7,381,0.018
1989,Ashley,7,1276,0.005
1989,Blair,7,19,0.368
1989,Christina,7,562,0.012
1989,Dallas,7,5,1.4
1989,Dana,7,230,0.03
1989,Robin,7,42,0.167
1989,Ashton,6,6,1.0
1989,Leslie,6,55,0.109
1989,Shea,6,8,0.75
1989,Carmen,5,33,0.152
1989,Danielle,5,656,0.008
1989,Erin,5,273,0.018
1989,Kelsey,5,165,0.03
1989,Kendall,5,10,0.5
1989,Michelle,5,583,0.009
1989,Paris,5,10,0.5
1989,Stacy,5,54,0.093
1989,Stephanie,5,963,0.005
1990,Michael,2876,8,359.5
1990,Ryan,999,9,111.0
1990,Kyle,710,8,88.75
1990,Alexander,539,13,41.462
1990,Christian,314,9,34.889
1990,Tyler,294,7,42.0
1990,Jordan,218,89,2.449
1990,Jesse,177,9,19.667
1990,Corey,164,12,13.667
1990,Shawn,156,11,14.182
1990,Shane,123,5,24.6
1990,Gabriel,103,8,12.875
1990,Cory,87,5,17.4
1990,Angel,86,30,2.867
1990,Taylor,82,150,0.547
1990,Francis,80,6,13.333
1990,Devin,75,24,3.125
1990,Casey,69,102,0.676
1990,Devon,63,50,1.26
1990,Adrian,59,8,7.375
1990,Alexis,41,200,0.205
1990,Ariel,37,79,0.468
1990,Logan,27,6,4.5
1990,Jaime,26,32,0.812
1990,Jamie,25,225,0.111
1990,Noel,24,10,2.4
1990,Jean,22,10,2.2
1990,Dominique,20,92,0.217
1990,Morgan,17,126,0.135
1990,Jessie,16,24,0.667
1990,Kendall,16,11,1.455
1990,Avery,12,7,1.714
1990,Courtney,11,326,0.034
1990,Shannon,9,185,0.049
1990,Carmen,8,36,0.222
1990,Colby,8,5,1.6
1990,Kerry,8,34,0.235
1990,Paris,8,6,1.333
1990,Dana,7,233,0.03
1990,Devan,7,6,1.167
1990,Leslie,7,62,0.113
1990,Quinn,7,5,1.4
1990,Blair,6,9,0.667
1990,Sidney,6,5,1.2
1990,Amanda,5,1137,0.004
1990,Dominque,5,10,0.5
1991,Ryan,943,15,62.867
1991,James,930,6,155.0
1991,Kyle,700,5,140.0
1991,Alexander,602,14,43.0
1991,Tyler,460,16,28.75
1991,Christian,354,14,25.286
1991,Jose,235,5,47.0
1991,Jordan,220,66,3.333
1991,Evan,184,5,36.8
1991,Alex,173,6,28.833
1991,Corey,169,12,14.083
1991,Jesse,151,5,30.2
1991,Shane,143,6,23.833
1991,Gabriel,126,6,21.0
1991,Angel,106,17,6.235
1991,Francis,97,7,13.857
1991,Taylor,91,217,0.419
1991,Devin,83,35,2.371
1991,Devon,69,65,1.062
1991,Casey,53,104,0.51
1991,Cameron,52,5,10.4
1991,Alexis,39,271,0.144
1991,Ariel,33,126,0.262
1991,Ali,30,9,3.333
1991,Lee,30,5,6.0
1991,Jaime,27,38,0.711
1991,Jamie,27,191,0.141
1991,Logan,23,6,3.833
1991,Jean,20,11,1.818
1991,Noel,20,11,1.818
1991,Chris,17,5,3.4
1991,Dakota,16,5,3.2
1991,Dominique,16,83,0.193
1991,Kerry,16,37,0.432
1991,Kristian,16,7,2.286
1991,Jessie,15,24,0.625
1991,Mackenzie,12,30,0.4
1991,Rene,12,5,2.4
1991,Paris,11,6,1.833
1991,Kelly,10,423,0.024
1991,Kendall,10,12,0.833
1991,Morgan,10,131,0.076
1991,Avery,9,10,0.9
1991,Justine,9,50,0.18
1991,Robin,8,31,0.258
1991,Courtney,7,282,0.025
1991,Devan,7,14,0.5
1991,Joan,6,12,0.5
1991,Blair,5,13,0.385
1991,Carmen,5,26,0.192
1991,Elisha,5,5,1.0
1991,Erin,5,263,0.019
1991,Kelsey,5,262,0.019
1992,Daniel,1157,5,231.4
1992,Ryan,987,12,82.25
1992,Kyle,707,8,88.375
1992,Alexander,669,11,60.818
1992,Tyler,598,22,27.182
1992,Christian,417,9,46.333
1992,Dylan,331,6,55.167
1992,Jordan,211,69,3.058
1992,Jesse,182,6,30.333
1992,Corey,142,13,10.923
1992,Angel,124,25,4.96
1992,Austin,106,5,21.2
1992,Gabriel,106,7,15.143
1992,Taylor,101,346,0.292
1992,Julian,94,5,18.8
1992,Devon,82,40,2.05
1992,Devin,75,41,1.829
1992,Drew,66,5,13.2
1992,Francis,65,5,13.0
1992,Adrian,58,6,9.667
1992,Casey,53,104,0.51
1992,Alexis,35,305,0.115
1992,Blake,35,5,7.0
1992,Jamie,30,155,0.194
1992,Ali,26,5,5.2
1992,Dominique,26,124,0.21
1992,Jean,26,8,3.25
1992,Lee,26,7,3.714
1992,Ariel,25,81,0.309
1992,Logan,25,8,3.125
1992,Jaime,24,37,0.649
1992,Dakota,20,5,4.0
1992,Noel,18,17,1.059
1992,Terry,17,6,2.833
1992,Kendall,14,16,0.875
1992,Morgan,13,168,0.077
1992,Avery,12,13,0.923
1992,Mackenzie,11,27,0.407
1992,Courtney,10,261,0.038
1992,Jessie,10,30,0.333
1992,Riley,9,5,1.8
1992,Blair,8,11,0.727
1992,Darian,8,6,1.333
1992,Frankie,8,6,1.333
1992,Carmen,7,22,0.318
1992,Robin,7,31,0.226
1992,Ashley,6,1042,0.006
1992,Christina,6,394,0.015
1992,Dana,6,159,0.038
1992,Justine,6,42,0.143
1992,Kelly,6,366,0.016
1992,Harley,5,6,0.833
1992,Jackie,5,5,1.0
1992,Kerry,5,42,0.119
1992,Krishna,5,9,0.556
1992,Sage,5,6,0.833
1992,Skylar,5,9,0.556
1993,Christopher,1428,9,158.667
1993,Ryan,997,10,99.7
1993,Kyle,693,5,138.6
1993,Alexander,655,7,93.571
1993,Tyler,645,33,19.545
1993,Justin,555,5,111.0
1993,Christian,380,11,34.545
1993,Dylan,320,11,29.091
1993,Jordan,262,84,3.119
1993,Jesse,193,11,17.545
1993,Alex,192,12,16.0
1993,Corey,141,9,15.667
1993,Shane,118,5,23.6
1993,Taylor,96,420,0.229
1993,Angel,95,22,4.318
1993,Devon,78,60,1.3
1993,Devin,74,25,2.96
1993,Casey,72,114,0.632
1993,Cory,72,6,12.0
1993,Adrian,49,6,8.167
1993,Drew,46,6,7.667
1993,Alexis,36,326,0.11
1993,Hunter,32,6,5.333
1993,Jean,28,11,2.545
1993,Ali,27,9,3.0
1993,Dakota,26,13,2.0
1993,Logan,26,6,4.333
1993,Lee,25,5,5.0
1993,Jaime,24,39,0.615
1993,Jamie,24,174,0.138
1993,Avery,23,7,3.286
1993,Noel,20,6,3.333
1993,Dominique,18,98,0.184
1993,Ariel,17,69,0.246
1993,Morgan,15,158,0.095
1993,Riley,13,5,2.6
1993,Mackenzie,12,56,0.214
1993,Dallas,11,13,0.846
1993,Robin,11,20,0.55
1993,Carmen,10,16,0.625
1993,Jessie,8,23,0.348
1993,Kendall,8,29,0.276
1993,Kerry,8,32,0.25
1993,Baby,7,6,1.167
1993,Kelly,7,385,0.018
1993,Alexandra,6,411,0.015
1993,Blair,6,9,0.667
1993,Chandler,6,14,0.429
1993,Christina,6,340,0.018
1993,Leslie,6,45,0.133
1993,Courtney,5,285,0.018
1993,Devan,5,6,0.833
1993,Elisha,5,9,0.556
1993,Justine,5,36,0.139
1993,Paris,5,10,0.5
1993,Victoria,5,487,0.01
1994,Michael,2059,7,294.143
1994,Daniel,1165,6,194.167
1994,Ryan,962,25,38.48
1994,James,793,5,158.6
1994,Tyler,757,34,22.265
1994,Kyle,629,9,69.889
1994,Alexander,616,7,88.0
1994,Dylan,314,11,28.545
1994,Jordan,234,93,2.516
1994,Jesse,199,11,18.091
1994,Cody,166,5,33.2
1994,Shawn,137,5,27.4
1994,Devin,124,31,4.0
1994,Corey,107,12,8.917
1994,Gabriel,103,5,20.6
1994,Angel,101,23,4.391
1994,Taylor,82,463,0.177
1994,Devon,77,47,1.638
1994,Casey,61,123,0.496
1994,Cameron,60,6,10.0
1994,Hunter,57,13,4.385
1994,Drew,56,11,5.091
1994,Dakota,41,8,5.125
1994,Alexis,33,363,0.091
1994,Ariel,33,43,0.767
1994,Logan,31,9,3.444
1994,Avery,24,9,2.667
1994,Ali,23,8,2.875
1994,Jaime,23,30,0.767
1994,Jean,21,8,2.625
1994,Morgan,20,233,0.086
1994,Darian,17,16,1.062
1994,Jamie,17,129,0.132
1994,Kristian,17,5,3.4
1994,Mackenzie,16,52,0.308
1994,Noel,16,13,1.231
1994,Jessie,15,31,0.484
1994,Kendall,14,36,0.389
1994,Dallas,12,11,1.091
1994,Shannon,11,307,0.036
1994,Dominique,10,93,0.108
1994,Harley,9,12,0.75
1994,Robin,9,19,0.474
1994,Carson,8,6,1.333
1994,Riley,8,12,0.667
1994,Sidney,8,6,1.333
1994,Skyler,8,7,1.143
1994,Ashley,7,848,0.008
1994,Carmen,7,25,0.28
1994,Justice,7,7,1.0
1994,Kelly,7,342,0.02
1994,Kelsey,7,244,0.029
1994,Tracy,7,18,0.389
1994,Chandler,6,7,0.857
1994,Elisha,6,5,1.2
1994,Kasey,6,19,0.316
1994,Lauren,6,501,0.012
1994,Sage,6,7,0.857
1994,Andrea,5,154,0.032
1994,Blair,5,8,0.625
1994,Jade,5,48,0.104
1994,Krishna,5,8,0.625
1994,Leslie,5,61,0.082
1994,Paris,5,11,0.455
1995,Nicholas,1219,5,243.8
1995,Daniel,1118,9,124.222
1995,Ryan,989,13,76.077
1995,Tyler,753,27,27.889
1995,Alexander,646,11,58.727
1995,Kyle,554,9,61.556
1995,Christian,478,13,36.769
1995,Dylan,271,5,54.2
1995,Jordan,245,93,2.634
1995,Jesse,163,6,27.167
1995,Angel,118,21,5.619
1995,Devin,107,33,3.242
1995,Devon,84,54,1.556
1995,Drew,70,7,10.0
1995,Cameron,67,7,9.571
1995,Francis,67,6,11.167
1995,Hunter,64,12,5.333
1995,Casey,60,121,0.496
1995,Taylor,59,454,0.13
1995,Dakota,57,17,3.353
1995,Alexis,50,380,0.132
1995,Ariel,32,49,0.653
1995,Najee,30,5,6.0
1995,Kristian,24,9,2.667
1995,Avery,21,15,1.4
1995,Jaime,17,33,0.515
1995,Jamie,17,142,0.12
1995,Justice,16,6,2.667
1995,Kai,16,11,1.455
1995,Morgan,16,215,0.074
1995,Noel,15,14,1.071
1995,Chandler,14,9,1.556
1995,Riley,14,15,0.933
1995,Colby,13,5,2.6
1995,Quinn,13,10,1.3
1995,Darian,12,11,1.091
1995,Mackenzie,12,75,0.16
1995,Jessie,11,19,0.579
1995,Dallas,10,5,2.0
1995,Dominique,9,91,0.099
1995,Carmen,8,24,0.333
1995,Harley,8,13,0.615
1995,Kerry,8,22,0.364
1995,Robin,7,21,0.333
1995,Skyler,7,9,0.778
1995,Justine,6,31,0.194
1995,Allison,5,275,0.018
1995,Brenda,5,41,0.122
1995,Devyn,5,6,0.833
1995,Erin,5,254,0.02
1995,Kendall,5,28,0.179
1995,Shannon,5,235,0.021
1995,Sydney,5,148,0.034
1996,Ryan,945,20,47.25
1996,Tyler,682,26,26.231
1996,Christian,529,6,88.167
1996,Jordan,266,101,2.634
1996,Alex,206,8,25.75
1996,Angel,120,24,5.0
1996,Devin,113,29,3.897
1996,Cameron,89,11,8.091
1996,Adrian,79,5,15.8
1996,Tristan,77,5,15.4
1996,Hunter,71,15,4.733
1996,Logan,70,8,8.75
1996,Devon,69,45,1.533
1996,Taylor,47,410,0.115
1996,Alexis,44,384,0.115
1996,Ariel,37,48,0.771
1996,Bryce,36,5,7.2
1996,Casey,36,131,0.275
1996,Jaime,34,33,1.03
1996,Dakota,29,15,1.933
1996,Quinn,26,12,2.167
1996,Ali,25,7,3.571
1996,Riley,23,12,1.917
1996,Avery,22,5,4.4
1996,Jean,22,13,1.692
1996,Bailey,21,35,0.6
1996,Morgan,17,232,0.073
1996,Noel,17,14,1.214
1996,Chandler,13,7,1.857
1996,Justice,13,14,0.929
1996,Darian,12,7,1.714
1996,Jamie,12,152,0.079
1996,Jessie,11,18,0.611
1996,Milan,10,5,2.0
1996,Colby,9,9,1.0
1996,Devyn,8,7,1.143
1996,Mackenzie,8,86,0.093
1996,Skyler,8,12,0.667
1996,Armani,7,8,0.875
1996,Frankie,7,5,1.4
1996,Sandy,7,12,0.583
1996,Skylar,7,18,0.389
1996,Carmen,5,15,0.333
1996,Courtney,5,226,0.022
1996,Kelly,5,296,0.017
1996,Kendall,5,39,0.128
1996,Paris,5,10,0.5
1996,Sidney,5,7,0.714
1997,Ryan,784,15,52.267
1997,Tyler,701,19,36.895
1997,Dylan,319,6,53.167
1997,Jordan,278,135,2.059
1997,Alex,162,10,16.2
1997,Angel,131,36,3.639
1997,Gabriel,128,6,21.333
1997,Devin,127,25,5.08
1997,Jesse,121,7,17.286
1997,Cameron,114,19,6.0
1997,Corey,88,5,17.6
1997,Hunter,88,10,8.8
1997,Devon,79,38,2.079
1997,Alexis,71,413,0.172
1997,Logan,55,9,6.111
1997,Drew,44,9,4.889
1997,Dakota,40,18,2.222
1997,Taylor,38,447,0.085
1997,Ariel,37,38,0.974
1997,Casey,35,107,0.327
1997,Ali,31,5,6.2
1997,Avery,28,11,2.545
1997,Bailey,28,31,0.903
1997,Jaime,27,14,1.929
1997,Bryce,26,5,5.2
1997,Quinn,26,7,3.714
1997,Riley,22,25,0.88
1997,Skyler,21,13,1.615
1997,Jamie,16,135,0.119
1997,Jean,15,8,1.875
1997,Lee,15,5,3.0
1997,Morgan,15,243,0.062
1997,Noel,15,11,1.364
1997,Darian,13,11,1.182
1997,Baby,11,8,1.375
1997,Justice,11,6,1.833
1997,Sage,11,9,1.222
1997,Kai,10,6,1.667
1997,Peyton,10,19,0.526
1997,Armani,9,13,0.692
1997,Devan,8,7,1.143
1997,Dominique,7,116,0.06
1997,Jessie,7,22,0.318
1997,Mackenzie,7,99,0.071
1997,Nicola,7,5,1.4
1997,Robin,7,12,0.583
1997,Sidney,7,13,0.538
1997,Skylar,7,17,0.412
1997,Kendall,6,34,0.176
1997,Kerry,6,24,0.25
1997,Reilly,6,11,0.545
1997,Genesis,5,55,0.091
1997,Imani,5,98,0.051
1997,Madison,5,228,0.022
1997,Shea,5,6,0.833
1997,Unique,5,5,1.0
1998,Michael,1724,5,344.8
1998,Ryan,858,13,66.0
1998,Alexander,615,5,123.0
1998,Tyler,615,26,23.654
1998,Christian,475,5,95.0
1998,Dylan,351,5,70.2
1998,Jordan,278,147,1.891
1998,Cameron,162,36,4.5
1998,Hunter,143,11,13.0
1998,Devin,124,16,7.75
1998,Angel,107,29,3.69
1998,Jesse,95,9,10.556
1998,Logan,83,9,9.222
1998,Devon,74,39,1.897
1998,Spencer,70,6,11.667
1998,Alexis,51,451,0.113
1998,Quinn,38,11,3.455
1998,Casey,35,109,0.321
1998,Dakota,35,21,1.667
1998,Taylor,32,378,0.085
1998,Avery,29,20,1.45
1998,Riley,27,21,1.286
1998,Ariel,25,35,0.714
1998,Jaime,24,20,1.2
1998,Justice,24,6,4.0
1998,Zaire,21,6,3.5
1998,Bailey,19,48,0.396
1998,Gianni,19,6,3.167
1998,Jean,18,5,3.6
1998,Noel,17,11,1.545
1998,Mackenzie,16,130,0.123
1998,Darian,14,5,2.8
1998,Jamie,14,136,0.103
1998,Lee,12,6,2.0
1998,Baby,11,9,1.222
1998,Kendall,10,25,0.4
1998,Morgan,10,230,0.043
1998,Skyler,10,21,0.476
1998,Krishna,9,10,0.9
1998,Armani,8,15,0.533
1998,Carmen,8,16,0.5
1998,Devan,8,7,1.143
1998,Peyton,8,19,0.421
1998,Rene,8,5,1.6
1998,Sidney,7,12,0.583
1998,Skylar,7,46,0.152
1998,Jessie,6,21,0.286
1998,Payton,6,11,0.545
1998,Sage,6,6,1.0
1998,Amani,5,31,0.161
1998,Ashton,5,7,0.714
1998,Elisha,5,5,1.0
1998,Harley,5,16,0.312
1998,Jordyn,5,39,0.128
1998,Kerry,5,26,0.192
1998,Sydney,5,161,0.031
1999,Ryan,946,18,52.556
1999,Tyler,585,23,25.435
1999,Jordan,258,108,2.389
1999,Angel,158,31,5.097
1999,Hunter,137,12,11.417
1999,Shane,136,5,27.2
1999,Cameron,116,44,2.636
1999,Devin,88,22,4.0
1999,Jesse,86,16,5.375
1999,Logan,82,13,6.308
1999,Devon,71,32,2.219
1999,Alexis,62,372,0.167
1999,Drew,53,9,5.889
1999,Francis,53,5,10.6
1999,Chase,50,6,8.333
1999,Zion,50,5,10.0
1999,Riley,38,49,0.776
1999,Casey,37,82,0.451
1999,Avery,33,22,1.5
1999,Bailey,29,36,0.806
1999,Dakota,28,21,1.333
1999,Quinn,27,7,3.857
1999,Parker,24,5,4.8
1999,Blake,22,6,3.667
1999,Gianni,22,7,3.143
1999,Jean,22,7,3.143
1999,Taylor,22,333,0.066
1999,Ariel,21,37,0.568
1999,Carson,20,6,3.333
1999,Jaime,19,19,1.0
1999,Noel,18,8,2.25
1999,Micah,16,5,3.2
1999,Jamie,15,96,0.156
1999,Skyler,14,31,0.452
1999,Kai,13,11,1.182
1999,Morgan,13,212,0.061
1999,Chandler,10,7,1.429
1999,Devan,10,5,2.0
1999,Jaylin,10,6,1.667
1999,Sidney,10,17,0.588
1999,Armani,9,10,0.9
1999,Paris,9,16,0.562
1999,Peyton,9,8,1.125
1999,Sage,8,9,0.889
1999,Krishna,7,9,0.778
1999,Reese,7,5,1.4
1999,Elisha,6,9,0.667
1999,Harley,6,10,0.6
1999,Kendall,6,26,0.231
1999,Mackenzie,6,117,0.051
1999,Skylar,6,70,0.086
1999,Andrea,5,115,0.043
1999,Reilly,5,12,0.417
2000,Christopher,1013,5,202.6
2000,Ryan,901,10,90.1
2000,Tyler,580,20,29.0
2000,Jordan,252,150,1.68
2000,Gabriel,189,6,31.5
2000,Cameron,167,38,4.395
2000,Angel,151,34,4.441
2000,Aidan,143,6,23.833
2000,Hunter,133,7,19.0
2000,Devin,106,22,4.818
2000,Logan,91,15,6.067
2000,Devon,75,31,2.419
2000,Drew,59,7,8.429
2000,Alexis,54,334,0.162
2000,Blake,52,8,6.5
2000,Jesse,52,10,5.2
2000,Francis,47,6,7.833
2000,Casey,40,58,0.69
2000,Riley,35,47,0.745
2000,Ali,34,6,5.667
2000,Avery,30,20,1.5
2000,Dakota,28,15,1.867
2000,Quinn,28,11,2.545
2000,Noel,26,6,4.333
2000,Ariel,25,29,0.862
2000,Taylor,20,281,0.071
2000,Jean,18,7,2.571
2000,Bailey,17,24,0.708
2000,Jaime,17,18,0.944
2000,Peyton,15,24,0.625
2000,Zion,15,5,3.0
2000,Darian,14,6,2.333
2000,Carmen,12,21,0.571
2000,Skyler,12,33,0.364
2000,Elisha,11,10,1.1
2000,Gianni,11,6,1.833
2000,Morgan,10,214,0.047
2000,Colby,9,5,1.8
2000,Jamie,9,89,0.101
2000,Joan,9,5,1.8
2000,Tamar,8,6,1.333
2000,Devan,7,7,1.0
2000,Kendall,7,27,0.259
2000,Amari,6,8,0.75
2000,Baby,6,6,1.0
2000,Devyn,6,16,0.375
2000,Robin,6,14,0.429
2000,Shea,6,6,1.0
2000,Amani,5,16,0.312
2000,Jaylin,5,6,0.833
2000,Jordyn,5,47,0.106
2000,Mackenzie,5,128,0.039
2000,Regan,5,9,0.556
2000,Skylar,5,58,0.086
2001,Ryan,892,13,68.615
2001,Tyler,483,10,48.3
2001,Dylan,460,7,65.714
2001,Jordan,229,136,1.684
2001,Angel,172,25,6.88
2001,Logan,156,8,19.5
2001,Hunter,136,13,10.462
2001,Devin,129,19,6.789
2001,Cameron,127,38,3.342
2001,Spencer,71,6,11.833
2001,Devon,69,26,2.654
2001,Alexis,65,332,0.196
2001,Chase,64,7,9.143
2001,Jayden,64,9,7.111
2001,Jaden,59,11,5.364
2001,Riley,46,56,0.821
2001,Drew,43,5,8.6
2001,Ariel,28,28,1.0
2001,Casey,27,50,0.54
2001,Noel,27,7,3.857
2001,Dakota,26,16,1.625
2001,Avery,21,26,0.808
2001,Taylor,20,252,0.079
2001,Jaylen,19,5,3.8
2001,Zion,18,5,3.6
2001,Jaime,17,18,0.944
2001,Skyler,16,27,0.593
2001,Bailey,15,28,0.536
2001,Armani,12,10,1.2
2001,Reese,12,10,1.2
2001,Semaj,11,5,2.2
2001,Morgan,10,182,0.055
2001,Peyton,10,23,0.435
2001,Devyn,9,11,0.818
2001,Jamie,9,80,0.112
2001,Shea,9,12,0.75
2001,Sidney,9,14,0.643
2001,Darian,8,7,1.143
2001,Devan,8,9,0.889
2001,Joan,8,6,1.333
2001,Reilly,8,13,0.615
2001,Ashton,7,5,1.4
2001,Dallas,7,7,1.0
2001,Jaylin,7,13,0.538
2001,Milan,7,6,1.167
2001,Payton,7,19,0.368
2001,Rory,7,7,1.0
2001,Skylar,7,59,0.119
2001,Sage,6,18,0.333
2001,Genesis,5,65,0.077
2001,Jadyn,5,6,0.833
2002,Ryan,842,19,44.316
2002,Tyler,504,14,36.0
2002,Dylan,379,9,42.111
2002,Jordan,235,163,1.442
2002,Angel,172,39,4.41
2002,Logan,161,12,13.417
2002,Devin,138,8,17.25
2002,Hunter,126,7,18.0
2002,Cameron,124,30,4.133
2002,Jaden,102,18,5.667
2002,Jayden,78,12,6.5
2002,Alexis,60,288,0.208
2002,Chase,57,5,11.4
2002,Riley,49,81,0.605
2002,Devon,46,28,1.643
2002,Hayden,39,5,7.8
2002,Casey,30,55,0.545
2002,Quinn,25,14,1.786
2002,Dakota,20,7,2.857
2002,Avery,19,37,0.514
2002,Ariel,18,28,0.643
2002,Justice,17,7,2.429
2002,Noel,17,7,2.429
2002,Arya,16,5,3.2
2002,Joan,16,8,2.0
2002,Jaiden,15,7,2.143
2002,Reese,15,11,1.364
2002,Jaime,13,10,1.3
2002,Taylor,13,255,0.051
2002,Gianni,12,9,1.333
2002,Micah,12,6,2.0
2002,Skyler,12,25,0.48
2002,Amari,10,11,0.909
2002,Carmen,10,15,0.667
2002,Jaylin,10,13,0.769
2002,Kendall,10,26,0.385
2002,Peyton,10,22,0.455
2002,Jamie,8,92,0.087
2002,Payton,8,24,0.333
2002,Reilly,8,12,0.667
2002,Shayne,8,5,1.6
2002,Sidney,8,11,0.727
2002,Rory,7,5,1.4
2002,Toby,7,7,1.0
2002,Bailey,6,31,0.194
2002,Robin,6,8,0.75
2002,Shea,6,10,0.6
2002,Ashley,5,563,0.009
2002,Jordyn,5,61,0.082
2002,Michal,5,5,1.0
2002,Skylar,5,81,0.062
2003,Ryan,878,14,62.714
2003,Tyler,507,16,31.688
2003,Dylan,428,19,22.526
2003,Jordan,237,169,1.402
2003,Angel,199,35,5.686
2003,Logan,193,16,12.062
2003,Jayden,148,13,11.385
2003,Jaden,127,15,8.467
2003,Devin,109,20,5.45
2003,Cameron,104,30,3.467
2003,Alexis,84,275,0.305
2003,Jesse,78,7,11.143
2003,Chase,63,9,7.0
2003,Riley,54,104,0.519
2003,Devon,49,33,1.485
2003,Drew,41,8,5.125
2003,Hayden,37,10,3.7
2003,Jaiden,35,9,3.889
2003,Avery,28,57,0.491
2003,Quinn,28,11,2.545
2003,Dakota,26,19,1.368
2003,Casey,24,54,0.444
2003,Jean,23,5,4.6
2003,Parker,23,6,3.833
2003,Ariel,20,15,1.333
2003,Jaime,19,15,1.267
2003,Reese,18,13,1.385
2003,Amari,13,14,0.929
2003,Gianni,13,9,1.444
2003,Skyler,13,30,0.433
2003,Justice,12,6,2.0
2003,Armani,10,6,1.667
2003,Jaylin,10,17,0.588
2003,Taylor,10,201,0.05
2003,Krishna,9,9,1.0
2003,Morgan,9,183,0.049
2003,Peyton,9,29,0.31
2003,Bailey,8,28,0.286
2003,Carmen,7,17,0.412
2003,Devan,7,5,1.4
2003,Rory,7,10,0.7
2003,Sidney,7,9,0.778
2003,Skylar,7,58,0.121
2003,Joey,6,7,0.857
2003,Madison,6,439,0.014
2003,Milan,6,5,1.2
2003,Nicola,6,6,1.0
2003,Payton,6,28,0.214
2003,Reilly,6,15,0.4
2003,Addison,5,6,0.833
2003,Harley,5,5,1.0
2003,Jamie,5,80,0.062
2003,Kendall,5,38,0.132
2003,Shea,5,15,0.333
2004,Ryan,939,17,55.235
2004,Tyler,501,6,83.5
2004,Dylan,424,15,28.267
2004,Angel,233,36,6.472
2004,Logan,207,16,12.938
2004,Jordan,193,106,1.821
2004,Jayden,187,14,13.357
2004,Jaden,137,5,27.4
2004,Alexis,105,248,0.423
2004,Devin,105,21,5.0
2004,Hunter,91,8,11.375
2004,Chase,89,10,8.9
2004,Cameron,85,35,2.429
2004,Devon,51,18,2.833
2004,Bryce,46,7,6.571
2004,Riley,46,125,0.368
2004,Jaiden,44,7,6.286
2004,Quinn,41,13,3.154
2004,Ariel,33,39,0.846
2004,Drew,31,7,4.429
2004,Zion,30,5,6.0
2004,Casey,29,45,0.644
2004,Avery,26,54,0.481
2004,Peyton,20,47,0.426
2004,Dakota,16,21,0.762
2004,Noel,16,6,2.667
2004,Jaime,15,14,1.071
2004,Morgan,14,165,0.085
2004,Amari,13,5,2.6
2004,Jean,12,6,2.0
2004,Rowan,12,8,1.5
2004,Skyler,12,33,0.364
2004,Taylor,12,180,0.067
2004,Kiran,10,6,1.667
2004,Krishna,10,8,1.25
2004,Rory,10,8,1.25
2004,Dallas,9,8,1.125
2004,Elisha,9,5,1.8
2004,Jaylin,9,25,0.36
2004,Kayden,9,5,1.8
2004,Bailey,8,27,0.296
2004,Jamie,8,64,0.125
2004,Kendall,8,49,0.163
2004,Sidney,8,7,1.143
2004,Devyn,7,10,0.7
2004,Reese,7,35,0.2
2004,Reilly,7,11,0.636
2004,Shannon,7,82,0.085
2004,Armani,6,10,0.6
2004,Arya,6,11,0.545
2004,Emerson,6,5,1.2
2004,Michal,6,7,0.857
2004,Mina,6,12,0.5
2004,Reagan,6,27,0.222
2004,Payton,5,32,0.156
2004,Shea,5,11,0.455
2004,Skylar,5,53,0.094
2004,Toby,5,6,0.833
2005,Ryan,920,27,34.074
2005,Dylan,424,17,24.941
2005,Aidan,374,6,62.333
2005,Jayden,258,15,17.2
2005,Jordan,238,91,2.615
2005,Angel,222,33,6.727
2005,Logan,203,19,10.684
2005,Jaden,147,16,9.188
2005,Cameron,114,31,3.677
2005,Chase,100,5,20.0
2005,Devin,100,9,11.111
2005,Jaiden,71,10,7.1
2005,Alexis,65,218,0.298
2005,Riley,52,148,0.351
2005,Devon,51,22,2.318
2005,Drew,49,5,9.8
2005,Quinn,31,9,3.444
2005,Casey,28,35,0.8
2005,Peyton,23,42,0.548
2005,Jaime,21,10,2.1
2005,Gianni,19,8,2.375
2005,Ariel,17,31,0.548
2005,Justice,17,5,3.4
2005,Avery,15,69,0.217
2005,Kai,15,9,1.667
2005,Morgan,12,170,0.071
2005,Milan,11,9,1.222
2005,Taylor,11,164,0.067
2005,Amari,10,5,2.0
2005,Arya,10,9,1.111
2005,Reese,10,28,0.357
2005,Rowan,10,5,2.0
2005,Skyler,10,24,0.417
2005,Armani,9,6,1.5
2005,Dakota,9,29,0.31
2005,Jadyn,9,22,0.409
2005,Kendall,9,44,0.205
2005,Shea,9,12,0.75
2005,Devyn,8,15,0.533
2005,Jamie,8,63,0.127
2005,Joan,8,11,0.727
2005,Reilly,8,10,0.8
2005,Rory,8,6,1.333
2005,Emerson,7,15,0.467
2005,Payton,7,34,0.206
2005,Addison,6,13,0.462
2005,Jaylin,6,19,0.316
2005,Krishna,6,5,1.2
2005,Jaidyn,5,8,0.625
2005,Jessie,5,13,0.385
2005,Kasey,5,14,0.357
2005,Reagan,5,29,0.172
2005,Sage,5,18,0.278
2005,Sidney,5,13,0.385
2005,Skylar,5,56,0.089
2006,Ryan,752,27,27.852
2006,Tyler,466,7,66.571
2006,Dylan,415,13,31.923
2006,Jayden,346,15,23.067
2006,Angel,268,26,10.308
2006,Logan,260,21,12.381
2006,Jordan,216,96,2.25
2006,Jaden,139,13,10.692
2006,Cameron,119,39,3.051
2006,Devin,94,12,7.833
2006,Alexis,90,220,0.409
2006,Hayden,60,7,8.571
2006,Bryce,57,5,11.4
2006,Riley,51,156,0.327
2006,Devon,47,11,4.273
2006,Micah,41,6,6.833
2006,Jaylen,35,7,5.0
2006,Ariel,34,33,1.03
2006,Quinn,34,21,1.619
2006,Parker,33,5,6.6
2006,Casey,28,38,0.737
2006,Peyton,27,44,0.614
2006,Charlie,24,7,3.429
2006,Avery,23,85,0.271
2006,Amari,20,6,3.333
2006,Dakota,17,31,0.548
2006,Jaime,17,15,1.133
2006,Kai,17,6,2.833
2006,Noel,16,5,3.2
2006,Taylor,15,134,0.112
2006,Jaylin,13,18,0.722
2006,Rowan,13,7,1.857
2006,Gianni,12,9,1.333
2006,Arya,11,7,1.571
2006,Skyler,11,30,0.367
2006,Morgan,10,153,0.065
2006,Armani,9,10,0.9
2006,Bailey,9,17,0.529
2006,Emerson,9,14,0.643
2006,Payton,7,22,0.318
2006,Reese,7,50,0.14
2006,Rory,7,9,0.778
2006,Shea,7,16,0.438
2006,Eden,6,18,0.333
2006,Phoenix,6,5,1.2
2006,Reilly,6,12,0.5
2006,Toby,6,5,1.2
2006,Devyn,5,13,0.385
2006,Jamie,5,51,0.098
2006,Milan,5,9,0.556
2006,Sidney,5,6,0.833
2006,Skylar,5,51,0.098
2007,Ryan,682,30,22.733
2007,Jayden,499,22,22.682
2007,Dylan,433,13,33.308
2007,Logan,316,22,14.364
2007,Angel,258,21,12.286
2007,Jordan,212,86,2.465
2007,Jaden,175,8,21.875
2007,Cameron,118,31,3.806
2007,Jaiden,96,6,16.0
2007,Devin,88,13,6.769
2007,Tristan,87,5,17.4
2007,Riley,64,138,0.464
2007,Zion,64,17,3.765
2007,Alexis,60,179,0.335
2007,Bryce,57,5,11.4
2007,Hayden,51,30,1.7
2007,Devon,43,12,3.583
2007,Drew,42,8,5.25
2007,Jaylen,42,9,4.667
2007,Parker,40,5,8.0
2007,Quinn,36,11,3.273
2007,Noel,32,9,3.556
2007,Kieran,31,6,5.167
2007,Ariel,29,24,1.208
2007,Jaime,26,16,1.625
2007,Jaylin,24,14,1.714
2007,Casey,23,38,0.605
2007,Avery,22,115,0.191
2007,Peyton,22,44,0.5
2007,Amari,20,8,2.5
2007,Kayden,20,5,4.0
2007,Reilly,17,13,1.308
2007,Charlie,16,12,1.333
2007,Taylor,14,121,0.116
2007,Armani,11,7,1.571
2007,Arya,11,13,0.846
2007,Kendall,11,36,0.306
2007,Krishna,11,5,2.2
2007,Rowan,11,9,1.222
2007,Bailey,9,23,0.391
2007,Dakota,9,29,0.31
2007,Milan,9,18,0.5
2007,Teagan,9,14,0.643
2007,Jamie,8,47,0.17
2007,Skyler,8,23,0.348
2007,Jordyn,7,82,0.085
2007,Reese,7,50,0.14
2007,Addison,6,151,0.04
2007,Jaidyn,6,14,0.429
2007,Rory,6,10,0.6
2007,Yael,6,8,0.75
2007,Jadyn,5,15,0.333
2007,Kamryn,5,20,0.25
2007,London,5,9,0.556
2007,Nikita,5,7,0.714
2007,Payton,5,40,0.125
2007,Phoenix,5,5,1.0
2007,Shea,5,18,0.278
2008,Ryan,677,18,37.611
2008,Jayden,596,20,29.8
2008,Tyler,399,7,57.0
2008,Dylan,367,18,20.389
2008,Logan,271,19,14.263
2008,Angel,240,29,8.276
2008,Jordan,204,75,2.72
2008,Jaden,158,11,14.364
2008,Cameron,111,46,2.413
2008,Devin,100,6,16.667
2008,Jaiden,84,8,10.5
2008,Zion,62,5,12.4
2008,Alexis,61,164,0.372
2008,Riley,53,128,0.414
2008,Blake,49,12,4.083
2008,Avery,46,101,0.455
2008,Jaylen,43,5,8.6
2008,Parker,42,6,7.0
2008,Hayden,40,42,0.952
2008,Drew,39,5,7.8
2008,Quinn,35,11,3.182
2008,Devon,33,6,5.5
2008,Kayden,33,12,2.75
2008,Gianni,29,11,2.636
2008,Kaiden,29,5,5.8
2008,Peyton,28,66,0.424
2008,Amari,27,8,3.375
2008,Kai,25,7,3.571
2008,Casey,19,34,0.559
2008,Jaime,19,5,3.8
2008,Rylan,18,5,3.6
2008,Armani,17,7,2.429
2008,Arya,17,11,1.545
2008,Taylor,15,147,0.102
2008,Ariel,14,22,0.636
2008,Rowan,14,12,1.167
2008,Phoenix,13,7,1.857
2008,Dakota,10,15,0.667
2008,Emerson,10,20,0.5
2008,Shea,10,15,0.667
2008,Carmen,9,14,0.643
2008,Jamie,9,34,0.265
2008,Jaylin,9,17,0.529
2008,Krishna,9,5,1.8
2008,Bailey,8,35,0.229
2008,Jael,8,8,1.0
2008,London,8,21,0.381
2008,Skyler,8,21,0.381
2008,Elisha,7,6,1.167
2008,Kendall,7,44,0.159
2008,Milan,7,6,1.167
2008,Morgan,7,99,0.071
2008,Reilly,7,12,0.583
2008,Devyn,5,9,0.556
2008,Jadyn,5,22,0.227
2008,Jordyn,5,55,0.091
2008,Marley,5,39,0.128
2008,Mina,5,8,0.625
2008,Reese,5,46,0.109
2008,Sidney,5,6,0.833
2009,Jayden,653,27,24.185
2009,Ryan,647,16,40.438
2009,Dylan,411,16,25.688
2009,Logan,316,19,16.632
2009,Chase,270,5,54.0
2009,Angel,229,32,7.156
2009,Jordan,195,56,3.482
2009,Jaden,131,9,14.556
2009,Cameron,120,28,4.286
2009,Hunter,107,5,21.4
2009,Devin,83,12,6.917
2009,Jaiden,83,9,9.222
2009,Blake,64,6,10.667
2009,Jaylen,63,5,12.6
2009,Alexis,54,192,0.281
2009,Riley,49,179,0.274
2009,Parker,44,8,5.5
2009,Quinn,40,14,2.857
2009,Kayden,37,6,6.167
2009,Hayden,36,33,1.091
2009,Drew,34,5,6.8
2009,Kai,34,6,5.667
2009,Avery,31,137,0.226
2009,Gianni,26,10,2.6
2009,Amari,25,7,3.571
2009,Casey,25,37,0.676
2009,Ariel,24,24,1.0
2009,Peyton,24,118,0.203
2009,Devon,23,6,3.833
2009,Jaylin,19,15,1.267
2009,Jaime,17,5,3.4
2009,Justice,15,5,3.0
2009,Armani,13,10,1.3
2009,Dakota,12,22,0.545
2009,Dallas,12,5,2.4
2009,Noel,12,7,1.714
2009,Rowan,10,7,1.429
2009,Taylor,10,146,0.068
2009,Arya,9,12,0.75
2009,Emerson,9,19,0.474
2009,Shea,9,13,0.692
2009,Skyler,9,22,0.409
2009,Jaidyn,8,6,1.333
2009,Milan,8,17,0.471
2009,Morgan,8,116,0.069
2009,Harley,7,13,0.538
2009,Skylar,7,49,0.143
2009,Bailey,6,30,0.2
2009,Devyn,6,10,0.6
2009,London,6,41,0.146
2009,Rory,6,7,0.857
2009,Courtney,5,26,0.192
2009,Finley,5,10,0.5
2009,Jadyn,5,7,0.714
2009,Jamie,5,46,0.109
2009,Mina,5,7,0.714
2009,Reilly,5,10,0.5
2009,Rian,5,5,1.0
2010,Ryan,625,18,34.722
2010,Jayden,613,20,30.65
2010,Dylan,379,19,19.947
2010,Tyler,366,8,45.75
2010,Logan,332,13,25.538
2010,Angel,230,22,10.455
2010,Jordan,201,48,4.188
2010,Cameron,115,27,4.259
2010,Jaiden,76,7,10.857
2010,Devin,70,7,10.0
2010,Alexis,51,165,0.309
2010,Zion,51,5,10.2
2010,Riley,50,175,0.286
2010,Parker,45,10,4.5
2010,Kayden,43,10,4.3
2010,Hayden,38,24,1.583
2010,Kai,37,10,3.7
2010,Quinn,37,34,1.088
2010,Amari,35,12,2.917
2010,Ariel,28,26,1.077
2010,Avery,22,152,0.145
2010,Casey,20,27,0.741
2010,Justice,18,6,3.0
2010,Gianni,16,6,2.667
2010,Peyton,13,92,0.141
2010,Skyler,13,10,1.3
2010,London,12,49,0.245
2010,Jaylin,11,15,0.733
2010,Jordyn,11,69,0.159
2010,Phoenix,11,6,1.833
2010,Rory,11,7,1.571
2010,Armani,10,12,0.833
2010,Emerson,10,11,0.909
2010,Dakota,9,18,0.5
2010,Dallas,9,6,1.5
2010,Jael,9,6,1.5
2010,Elisha,8,9,0.889
2010,Morgan,8,92,0.087
2010,Rowan,8,6,1.333
2010,Jamie,7,28,0.25
2010,Sidney,7,11,0.636
2010,Taylor,7,122,0.057
2010,Milan,6,29,0.207
2010,Reese,6,43,0.14
2010,Skylar,6,54,0.111
2010,Toby,6,6,1.0
2010,Camryn,5,34,0.147
2010,Finley,5,14,0.357
2010,Nikita,5,11,0.455
2010,Payton,5,46,0.109
2010,Reilly,5,8,0.625
2011,Ryan,592,22,26.909
2011,Jayden,585,10,58.5
2011,Dylan,361,20,18.05
2011,Logan,353,13,27.154
2011,Angel,203,28,7.25
2011,Jordan,196,35,5.6
2011,Alex,133,5,26.6
2011,Cameron,115,26,4.423
2011,Blake,87,10,8.7
2011,Jaiden,85,5,17.0
2011,Bryce,76,9,8.444
2011,Kayden,69,7,9.857
2011,Devin,64,10,6.4
2011,Parker,55,18,3.056
2011,Alexis,52,127,0.409
2011,Avery,48,155,0.31
2011,Zion,46,10,4.6
2011,Amari,42,7,6.0
2011,Riley,42,144,0.292
2011,Kai,36,8,4.5
2011,Hayden,35,26,1.346
2011,Peyton,34,107,0.318
2011,Quinn,28,46,0.609
2011,Charlie,26,18,1.444
2011,Ariel,21,20,1.05
2011,Gianni,20,7,2.857
2011,Rylan,20,5,4.0
2011,Devon,17,7,2.429
2011,Armani,16,9,1.778
2011,Casey,15,23,0.652
2011,Skyler,15,11,1.364
2011,Jaylin,14,23,0.609
2011,Rowan,13,5,2.6
2011,Elisha,10,8,1.25
2011,Finley,10,13,0.769
2011,Morgan,10,103,0.097
2011,Colby,9,5,1.8
2011,Dallas,9,6,1.5
2011,Shea,9,19,0.474
2011,Arya,8,17,0.471
2011,Emerson,8,22,0.364
2011,Jadyn,7,5,1.4
2011,Jamie,7,32,0.219
2011,London,7,87,0.08
2011,Camryn,6,39,0.154
2011,Emery,6,5,1.2
2011,Jordyn,6,53,0.113
2011,Kamryn,6,14,0.429
2011,Milan,6,30,0.2
2011,Mina,6,7,0.857
2011,Reese,6,50,0.12
2011,Reilly,6,5,1.2
2011,Taylor,6,117,0.051
2011,Eden,5,17,0.294
2011,Harper,5,68,0.074
2011,Leighton,5,6,0.833
2011,Payton,5,45,0.111
2011,Phoenix,5,7,0.714
2012,Jayden,555,8,69.375
2012,Ryan,533,14,38.071
2012,Dylan,409,18,22.722
2012,Logan,350,12,29.167
2012,Tyler,253,10,25.3
2012,Jordan,205,43,4.767
2012,Angel,174,14,12.429
2012,Cameron,145,13,11.154
2012,Hunter,115,7,16.429
2012,Blake,100,5,20.0
2012,Kayden,72,7,10.286
2012,Parker,63,15,4.2
2012,Alexis,62,88,0.705
2012,Devin,53,7,7.571
2012,Avery,49,183,0.268
2012,Zion,47,8,5.875
2012,Riley,45,153,0.294
2012,Micah,42,6,7.0
2012,Hayden,38,24,1.583
2012,Amari,36,16,2.25
2012,Drew,34,5,6.8
2012,Jaylen,34,6,5.667
2012,Ariel,26,19,1.368
2012,Charlie,25,15,1.667
2012,Peyton,24,84,0.286
2012,Noel,18,5,3.6
2012,Emerson,17,25,0.68
2012,Quinn,17,72,0.236
2012,Skyler,17,18,0.944
2012,Casey,16,23,0.696
2012,Rowan,16,9,1.778
2012,Rylan,16,10,1.6
2012,Armani,15,9,1.667
2012,Taylor,14,116,0.121
2012,Rory,13,7,1.857
2012,Dallas,12,5,2.4
2012,Jael,12,10,1.2
2012,Justice,12,8,1.5
2012,Jaylin,10,18,0.556
2012,Milan,10,15,0.667
2012,Phoenix,10,12,0.833
2012,Arya,9,24,0.375
2012,Eden,9,18,0.5
2012,Finley,9,7,1.286
2012,London,9,67,0.134
2012,River,8,5,1.6
2012,Jordyn,7,83,0.084
2012,Kamryn,7,12,0.583
2012,Mina,7,7,1.0
2012,Sage,7,19,0.368
2012,Yael,7,7,1.0
2012,Camryn,6,28,0.214
2012,Dakota,6,15,0.4
2012,Frankie,6,7,0.857
2012,Shea,6,10,0.6
2012,Skylar,6,98,0.061
2012,Addison,5,124,0.04
2012,Harper,5,119,0.042
2012,Quincy,5,5,1.0
2012,Toby,5,10,0.5
2013,Ryan,492,17,28.941
2013,Jayden,451,7,64.429
2013,Dylan,431,25,17.24
2013,Logan,356,17,20.941
2013,Angel,174,19,9.158
2013,Jordan,173,31,5.581
2013,Cameron,166,22,7.545
2013,Blake,124,20,6.2
2013,Grayson,71,7,10.143
2013,Parker,61,18,3.389
2013,Zion,52,5,10.4
2013,Kai,38,6,6.333
2013,Alexis,36,91,0.396
2013,Riley,36,170,0.212
2013,Charlie,31,21,1.476
2013,Avery,30,202,0.149
2013,Milan,28,23,1.217
2013,Ari,25,7,3.571
2013,Peyton,24,103,0.233
2013,Quinn,24,71,0.338
2013,Hayden,22,36,0.611
2013,Noel,20,8,2.5
2013,Sawyer,20,7,2.857
2013,Justice,18,5,3.6
2013,Skyler,17,13,1.308
2013,Casey,16,20,0.8
2013,Taylor,16,93,0.172
2013,Jael,14,9,1.556
2013,Rowan,14,6,2.333
2013,Dallas,12,7,1.714
2013,Rory,12,5,2.4
2013,Camryn,11,30,0.367
2013,Emerson,11,21,0.524
2013,Rian,11,5,2.2
2013,Ariel,10,35,0.286
2013,Devon,10,5,2.0
2013,River,10,10,1.0
2013,Jaime,9,6,1.5
2013,Kamryn,9,13,0.692
2013,Finley,8,11,0.727
2013,Morgan,8,85,0.094
2013,Phoenix,8,9,0.889
2013,Sage,8,9,0.889
2013,Elisha,7,7,1.0
2013,Ellis,7,5,1.4
2013,Jaylin,7,19,0.368
2013,London,7,81,0.086
2013,Reilly,7,6,1.167
2013,Jamie,6,20,0.3
2013,Kymani,6,5,1.2
2013,Marley,6,25,0.24
2013,Skylar,6,116,0.052
2013,Yael,6,10,0.6
2013,Armani,5,23,0.217
2013,Sidney,5,6,0.833
2014,Ryan,439,25,17.56
2014,Dylan,430,21,20.476
2014,Logan,422,11,38.364
2014,Jayden,414,7,59.143
2014,Carter,222,7,31.714
2014,Tyler,190,5,38.0
2014,Cameron,174,21,8.286
2014,Jordan,161,35,4.6
2014,Angel,160,14,11.429
2014,Luca,138,5,27.6
2014,Kayden,116,6,19.333
2014,Parker,92,26,3.538
2014,Blake,80,6,13.333
2014,Hudson,74,6,12.333
2014,Avery,46,219,0.21
2014,Karter,44,8,5.5
2014,Amari,43,6,7.167
2014,Zion,43,6,7.167
2014,Riley,42,128,0.328
2014,Alexis,36,86,0.419
2014,Drew,32,8,4.0
2014,Hayden,31,22,1.409
2014,Charlie,30,18,1.667
2014,Sawyer,28,11,2.545
2014,Adriel,27,5,5.4
2014,Milan,27,19,1.421
2014,Peyton,27,105,0.257
2014,Quinn,27,70,0.386
2014,Rowan,25,5,5.0
2014,Emerson,21,38,0.553
2014,Armani,20,12,1.667
2014,Dallas,17,10,1.7
2014,August,15,7,2.143
2014,Justice,15,10,1.5
2014,Ariel,14,44,0.318
2014,Ari,13,6,2.167
2014,Phoenix,13,9,1.444
2014,Skyler,12,24,0.5
2014,Devon,11,5,2.2
2014,Elisha,11,9,1.222
2014,London,10,73,0.137
2014,Jaylin,9,14,0.643
2014,Morgan,9,71,0.127
2014,River,9,9,1.0
2014,Royal,9,6,1.5
2014,Taylor,9,81,0.111
2014,Harlem,8,5,1.6
2014,Jael,8,8,1.0
2014,Jamie,8,20,0.4
2014,Camryn,7,29,0.241
2014,Casey,7,12,0.583
2014,Eden,7,29,0.241
2014,Finley,7,16,0.438
2014,Jordin,6,7,0.857
2014,Kamryn,6,6,1.0
2014,Reese,6,54,0.111
2014,Skylar,6,141,0.043
2014,Dakota,5,25,0.2
2014,Harley,5,13,0.385
2014,Jordyn,5,75,0.067
2014,Lennon,5,7,0.714
2014,Mina,5,13,0.385
2014,Yael,5,12,0.417
2015,Dylan,471,24,19.625
2015,Ryan,435,22,19.773
2015,Logan,382,14,27.286
2015,Carter,230,7,32.857
2015,Cameron,206,29,7.103
2015,Tyler,205,5,41.0
2015,Jordan,177,38,4.658
2015,Angel,164,19,8.632
2015,Hunter,152,5,30.4
2015,Grayson,111,5,22.2
2015,Kayden,106,7,15.143
2015,Alex,98,5,19.6
2015,Parker,85,18,4.722
2015,Blake,81,15,5.4
2015,Kai,65,5,13.0
2015,Amari,55,7,7.857
2015,Micah,51,5,10.2
2015,Avery,45,229,0.197
2015,Sawyer,37,8,4.625
2015,August,34,10,3.4
2015,Milan,34,22,1.545
2015,Quinn,34,78,0.436
2015,Drew,32,7,4.571
2015,Alexis,31,78,0.397
2015,Riley,30,175,0.171
2015,Charlie,26,17,1.529
2015,Hayden,23,27,0.852
2015,Ariel,22,40,0.55
2015,Rory,22,6,3.667
2015,Peyton,20,91,0.22
2015,Devon,17,9,1.889
2015,Finley,16,23,0.696
2015,Taylor,16,87,0.184
2015,Elliott,15,6,2.5
2015,Emerson,15,49,0.306
2015,Justice,15,7,2.143
2015,Phoenix,15,11,1.364
2015,Remy,14,5,2.8
2015,Rylan,14,6,2.333
2015,Armani,13,10,1.3
2015,Casey,13,21,0.619
2015,Rowan,12,13,0.923
2015,River,11,8,1.375
2015,Robin,11,5,2.2
2015,Skyler,11,16,0.688
2015,Eden,10,37,0.27
2015,Lennon,10,6,1.667
2015,Lennox,10,6,1.667
2015,Dallas,9,6,1.5
2015,Kamryn,9,19,0.474
2015,Camryn,8,29,0.276
2015,Ellis,8,5,1.6
2015,London,8,74,0.108
2015,Shiloh,8,11,0.727
2015,Azariah,6,7,0.857
2015,Sage,6,10,0.6
2015,Emery,5,15,0.333
2015,Frankie,5,6,0.833
2015,Jamie,5,15,0.333
2015,Kendall,5,37,0.135
2015,Payton,5,35,0.143
2015,Reese,5,36,0.139
2016,Noah,551,5,110.2
2016,Dylan,431,35,12.314
2016,Ryan,401,23,17.435
2016,Logan,377,21,17.952
2016,Cameron,216,20,10.8
2016,Carter,188,10,18.8
2016,Angel,177,12,14.75
2016,Hunter,163,5,32.6
2016,Jordan,149,38,3.921
2016,Kayden,103,7,14.714
2016,Blake,84,34,2.471
2016,Parker,71,23,3.087
2016,Kai,66,7,9.429
2016,Amari,63,6,10.5
2016,Zion,55,5,11.0
2016,Elliot,49,9,5.444
2016,August,42,5,8.4
2016,Avery,39,206,0.189
2016,Charlie,39,21,1.857
2016,Karter,39,11,3.545
2016,Noel,37,6,6.167
2016,Quinn,37,97,0.381
2016,Alexis,36,52,0.692
2016,Milan,36,25,1.44
2016,Riley,31,226,0.137
2016,Devin,30,6,5.0
2016,Sawyer,29,18,1.611
2016,Ariel,25,24,1.042
2016,Rory,23,15,1.533
2016,Drew,22,7,3.143
2016,Hayden,21,22,0.955
2016,Jaylen,21,5,4.2
2016,Justice,21,6,3.5
2016,Emerson,18,46,0.391
2016,River,18,9,2.0
2016,Rowan,18,18,1.0
2016,Taylor,18,80,0.225
2016,Dallas,17,8,2.125
2016,Phoenix,17,21,0.81
2016,Finley,16,17,0.941
2016,Peyton,15,76,0.197
2016,Royal,13,13,1.0
2016,Rylan,11,7,1.571
2016,Skyler,11,29,0.379
2016,Armani,10,9,1.111
2016,Kamryn,10,17,0.588
2016,Lennox,10,6,1.667
2016,Casey,9,20,0.45
2016,Morgan,9,49,0.184
2016,Marley,8,26,0.308
2016,Arya,7,74,0.095
2016,Lennon,7,10,0.7
2016,Reign,7,11,0.636
2016,Remy,7,6,1.167
2016,Sage,7,22,0.318
2016,Yael,7,12,0.583
2016,Camryn,6,30,0.2
2016,Eden,6,28,0.214
2016,Jamie,6,15,0.4
2016,Jaylin,6,7,0.857
2016,London,6,53,0.113
2016,Reagan,6,57,0.105
2016,Dakota,5,24,0.208
2016,Kennedy,5,59,0.085
2016,Reese,5,45,0.111
2016,Robin,5,7,0.714
2016,Shea,5,24,0.208
2016,Sidney,5,7,0.714
2017,Noah,546,6,91.0
2017,Logan,454,17,26.706
2017,Dylan,429,25,17.16
2017,Ryan,392,21,18.667
2017,Cameron,213,22,9.682
2017,Carter,212,8,26.5
2017,Angel,158,12,13.167
2017,Jordan,148,22,6.727
2017,Parker,62,20,3.1
2017,Avery,56,210,0.267
2017,Amari,54,8,6.75
2017,Elliot,52,5,10.4
2017,Blake,50,44,1.136
2017,Micah,45,7,6.429
2017,Sawyer,39,19,2.053
2017,Charlie,31,25,1.24
2017,Finley,30,22,1.364
2017,Quinn,28,101,0.277
2017,Hayden,27,28,0.964
2017,Alexis,26,40,0.65
2017,Ari,26,5,5.2
2017,Milan,26,15,1.733
2017,Elliott,25,5,5.0
2017,Jude,25,6,4.167
2017,Riley,25,199,0.126
2017,Gianni,24,5,4.8
2017,Rowan,20,18,1.111
2017,Ariel,19,42,0.452
2017,Phoenix,19,17,1.118
2017,River,19,5,3.8
2017,Armani,18,14,1.286
2017,Emerson,18,44,0.409
2017,Rory,18,7,2.571
2017,Drew,16,6,2.667
2017,Peyton,16,76,0.211
2017,Dallas,15,13,1.154
2017,Remy,11,8,1.375
2017,Skyler,11,22,0.5
2017,Casey,10,10,1.0
2017,Royal,10,8,1.25
2017,Sage,10,29,0.345
2017,Dakota,9,33,0.273
2017,Eden,9,29,0.31
2017,Jamie,9,13,0.692
2017,Remington,9,6,1.5
2017,Lennon,8,11,0.727
2017,Morgan,8,59,0.136
2017,Rylan,8,8,1.0
2017,Iman,7,5,1.4
2017,Jesiah,7,6,1.167
2017,Camryn,6,32,0.188
2017,Elisha,6,6,1.0
2017,Kamryn,6,19,0.316
2017,Kendall,6,25,0.24
2017,Khari,6,5,1.2
2017,Nova,6,58,0.103
2017,Reign,6,8,0.75
2017,Robin,6,8,0.75
2017,London,5,34,0.147
2017,Reagan,5,55,0.091
2017,Taylor,5,62,0.081
2018,Noah,526,8,65.75
2018,Dylan,434,20,21.7
2018,Logan,433,24,18.042
2018,Ryan,379,25,15.16
2018,Carter,217,9,24.111
2018,Cameron,188,35,5.371
2018,Angel,159,24,6.625
2018,Hunter,153,5,30.6
2018,Jordan,147,22,6.682
2018,Kai,90,10,9.0
2018,Maxwell,84,5,16.8
2018,Parker,74,33,2.242
2018,Alex,71,5,14.2
2018,Blake,64,35,1.829
2018,Avery,53,185,0.286
2018,Amari,52,18,2.889
2018,Micah,49,5,9.8
2018,August,46,6,7.667
2018,Elliot,44,8,5.5
2018,Karter,36,5,7.2
2018,Ari,35,9,3.889
2018,Sawyer,34,16,2.125
2018,Elliott,32,6,5.333
2018,Rowan,32,22,1.455
2018,Charlie,31,28,1.107
2018,Rory,26,10,2.6
2018,Drew,25,8,3.125
2018,Alexis,23,31,0.742
2018,Phoenix,23,21,1.095
2018,Gianni,22,7,3.143
2018,Milan,22,20,1.1
2018,Hayden,21,27,0.778
2018,Jaylen,21,6,3.5
2018,Riley,20,217,0.092
2018,River,19,15,1.267
2018,Armani,18,11,1.636
2018,Rylan,18,6,3.0
2018,Lennox,17,6,2.833
2018,Quinn,17,80,0.212
2018,Spencer,17,5,3.4
2018,Ariel,15,27,0.556
2018,Finley,15,20,0.75
2018,Emerson,14,46,0.304
2018,Justice,14,10,1.4
2018,Jael,13,6,2.167
2018,Peyton,13,77,0.169
2018,Remington,13,6,2.167
2018,Dallas,12,9,1.333
2018,Skyler,12,20,0.6
2018,Robin,10,7,1.429
2018,Eden,9,25,0.36
2018,Jamie,9,17,0.529
2018,Sage,9,31,0.29
2018,Shea,9,16,0.562
2018,Shiloh,9,10,0.9
2018,Yael,9,12,0.75
2018,Lennon,8,7,1.143
2018,Dakota,7,37,0.189
2018,Joey,7,6,1.167
2018,Mina,7,12,0.583
2018,Nova,7,74,0.095
2018,Azariah,6,7,0.857
2018,Emory,6,5,1.2
2018,Taylor,6,61,0.098
2018,Iman,5,6,0.833
2018,Jaylin,5,5,1.0
2018,Kamryn,5,11,0.455
2018,Khari,5,6,0.833
2018,London,5,38,0.132
2018,Morgan,5,52,0.096
2018,Payton,5,28,0.179
2018,Remi,5,24,0.208
2018,Toby,5,17,0.294
2019,Noah,559,6,93.167
2019,Logan,355,27,13.148
2019,Dylan,346,28,12.357
2019,Ryan,317,27,11.741
2019,Carter,222,8,27.75
2019,Cameron,180,23,7.826
2019,Angel,138,16,8.625
2019,Jordan,116,24,4.833
2019,Kai,96,6,16.0
2019,Parker,71,37,1.919
2019,Amari,63,17,3.706
2019,Karter,51,6,8.5
2019,Blake,44,31,1.419
2019,Avery,40,199,0.201
2019,Sawyer,40,17,2.353
2019,Milan,39,26,1.5
2019,Hayden,34,17,2.0
2019,Phoenix,34,24,1.417
2019,Charlie,32,37,0.865
2019,Ari,31,9,3.444
2019,Kamari,28,5,5.6
2019,Elliott,26,7,3.714
2019,Rowan,24,14,1.714
2019,Armani,21,13,1.615
2019,River,21,17,1.235
2019,Rory,21,11,1.909
2019,Dallas,20,7,2.857
2019,Quinn,20,87,0.23
2019,Alexis,19,22,0.864
2019,Ariel,19,25,0.76
2019,Emerson,18,47,0.383
2019,Finley,18,22,0.818
2019,Spencer,16,7,2.286
2019,Riley,15,165,0.091
2019,Justice,14,7,2.0
2019,Casey,12,12,1.0
2019,Drew,12,7,1.714
2019,Dakota,11,27,0.407
2019,Eden,11,30,0.367
2019,Peyton,11,75,0.147
2019,Ellis,10,5,2.0
2019,Remy,10,9,1.111
2019,Santana,10,5,2.0
2019,Skyler,10,23,0.435
2019,Taylor,10,45,0.222
2019,Kamryn,9,16,0.562
2019,Jean,8,6,1.333
2019,Sage,8,23,0.348
2019,Emery,7,25,0.28
2019,Legacy,7,6,1.167
2019,Yael,7,12,0.583
2019,Brooklyn,6,56,0.107
2019,Dior,6,15,0.4
2019,Jamie,6,21,0.286
2019,Marley,6,23,0.261
2019,Oakley,6,5,1.2
2019,Reign,6,22,0.273
2019,Remi,6,26,0.231
2019,Royal,6,7,0.857
2019,Carmen,5,9,0.556
2019,Egypt,5,7,0.714
2019,Genesis,5,111,0.045
2019,Jael,5,7,0.714
2019,Kennedy,5,41,0.122
2019,Khari,5,7,0.714
2019,Leighton,5,5,1.0
2019,Lennon,5,11,0.455
2019,London,5,32,0.156
2019,Morgan,5,40,0.125
2019,Reese,5,51,0.098
2019,Shea,5,17,0.294
2019,Shiloh,5,7,0.714
2020,Noah,562,7,80.286
2020,Logan,339,24,14.125
2020,Dylan,330,29,11.379
2020,Ryan,267,17,15.706
2020,Cameron,230,22,10.455
2020,Carter,193,6,32.167
2020,Jordan,147,13,11.308
2020,Angel,125,12,10.417
2020,Kai,89,5,17.8
2020,Parker,74,39,1.897
2020,Amari,72,8,9.0
2020,Ryder,69,7,9.857
2020,Alex,58,5,11.6
2020,Elliot,49,8,6.125
2020,August,47,7,6.714
2020,Avery,39,191,0.204
2020,Charlie,38,41,0.927
2020,Hayden,37,16,2.312
2020,River,37,25,1.48
2020,Rowan,36,14,2.571
2020,Elliott,33,5,6.6
2020,Blake,31,30,1.033
2020,Gianni,28,7,4.0
2020,Ari,27,9,3.0
2020,Milan,26,29,0.897
2020,Armani,23,18,1.278
2020,Sawyer,23,17,1.353
2020,Dallas,21,6,3.5
2020,Lennox,21,7,3.0
2020,Phoenix,20,20,1.0
2020,Quinn,20,75,0.267
2020,Riley,20,164,0.122
2020,Rory,20,14,1.429
2020,Alexis,19,17,1.118
2020,Casey,18,11,1.636
2020,Remy,18,17,1.059
2020,Peyton,17,59,0.288
2020,Ariel,16,23,0.696
2020,Finley,16,17,0.941
2020,Taylor,14,49,0.286
2020,Drew,13,7,1.857
2020,Marley,13,32,0.406
2020,Rylan,13,7,1.857
2020,Dior,12,14,0.857
2020,Reign,12,20,0.6
2020,Shiloh,12,15,0.8
2020,Skyler,12,22,0.545
2020,Emerson,11,42,0.262
2020,Remington,11,6,1.833
2020,Eden,10,25,0.4
2020,Morgan,10,46,0.217
2020,Sage,10,30,0.333
2020,Shea,10,20,0.5
2020,Justice,9,5,1.8
2020,Legacy,9,11,0.818
2020,Dakota,8,35,0.229
2020,Denver,8,6,1.333
2020,Ellis,8,6,1.333
2020,Frankie,8,12,0.667
2020,Kamryn,8,9,0.889
2020,Shay,8,7,1.143
2020,Yael,8,14,0.571
2020,Jamie,7,17,0.412
2020,Remi,7,35,0.2
2020,Emory,6,7,0.857
2020,Nova,6,91,0.066
2020,Sevyn,6,10,0.6
2020,Bailey,5,23,0.217
2020,Emery,5,40,0.125
2020,London,5,39,0.128
2020,Sidney,5,5,1.0
2020,Tatum,5,8,0.625
2021,Noah,634,7,90.571
2021,Logan,315,27,11.667
2021,Dylan,313,12,26.083
2021,Ryan,224,20,11.2
2021,Cameron,211,26,8.115
2021,Carter,176,7,25.143
2021,Jordan,139,26,5.346
2021,Angel,126,12,10.5
2021,Kai,121,10,12.1
2021,Hunter,113,8,14.125
2021,Amari,82,15,5.467
2021,Parker,65,33,1.97
2021,Ryder,64,6,10.667
2021,August,53,10,5.3
2021,Blake,51,34,1.5
2021,River,48,25,1.92
2021,Rowan,44,22,2.0
2021,Charlie,38,37,1.027
2021,Ari,37,13,2.846
2021,Avery,37,185,0.2
2021,Milan,33,23,1.435
2021,Rory,33,21,1.571
2021,Sawyer,33,24,1.375
2021,Phoenix,28,16,1.75
2021,Hayden,27,20,1.35
2021,Armani,26,12,2.167
2021,Quinn,26,99,0.263
2021,Ariel,23,32,0.719
2021,Remy,21,12,1.75
2021,Devin,20,5,4.0
2021,Ellis,18,5,3.6
2021,Riley,17,180,0.094
2021,Royal,17,9,1.889
2021,Alexis,15,16,0.938
2021,Finley,15,17,0.882
2021,Shiloh,15,19,0.789
2021,Reign,13,16,0.812
2021,Jamie,12,16,0.75
2021,Camryn,11,24,0.458
2021,Casey,11,9,1.222
2021,Emerson,11,34,0.324
2021,Shai,11,6,1.833
2021,Shea,11,19,0.579
2021,Emory,10,16,0.625
2021,Ocean,10,5,2.0
2021,Peyton,10,69,0.145
2021,Sage,10,36,0.278
2021,Yael,10,9,1.111
2021,Jael,9,5,1.8
2021,Remington,9,5,1.8
2021,Shay,9,22,0.409
2021,Taylor,9,44,0.205
2021,Aspen,8,14,0.571
2021,Azariah,8,9,0.889
2021,Dallas,8,5,1.6
2021,Reese,8,48,0.167
2021,Remi,8,51,0.157
2021,Rylan,8,7,1.143
2021,Skyler,8,7,1.143
2021,Denver,7,5,1.4
2021,Dior,7,7,1.0
2021,Frankie,7,15,0.467
2021,Nova,7,111,0.063
2021,Sol,7,10,0.7
2021,Eden,6,26,0.231
2021,Emery,6,35,0.171
2021,Joey,6,6,1.0
2021,Khari,6,5,1.2
2021,Mina,6,21,0.286
2021,Sevyn,6,13,0.462
2021,Asa,5,5,1.0
2021,Kamryn,5,11,0.455
2021,Legacy,5,14,0.357
2021,Lennon,5,18,0.278
2021,London,5,37,0.135
2021,Marley,5,34,0.147
2021,Oakley,5,13,0.385
