YOB,Name,mFrequency,fFrequency,mForF
1913,Francis,9,5,1.8
1915,Bennie,6,8,0.75
1915,Guadalupe,5,15,0.333
1916,Tony,28,5,5.6
1916,Willie,11,7,1.571
1916,Guadalupe,9,10,0.9
1916,Trinidad,9,8,1.125
1917,Willie,17,5,3.4
1917,Trinidad,8,8,1.0
1917,Guadalupe,5,12,0.417
1917,Marion,5,7,0.714
1918,Bennie,23,5,4.6
1918,Francis,12,5,2.4
1918,Trinidad,9,10,0.9
1918,Guadalupe,8,9,0.889
1918,Marion,7,7,1.0
1919,Francis,9,5,1.8
1919,Trinidad,9,7,1.286
1919,Johnnie,6,6,1.0
1919,Lupe,5,32,0.156
1920,Tony,43,6,7.167
1920,Guadalupe,14,13,1.077
1920,Bennie,12,5,2.4
1920,Trinidad,11,13,0.846
1920,Johnnie,9,6,1.5
1920,Lupe,6,18,0.333
1921,Willie,32,5,6.4
1921,Bennie,18,8,2.25
1921,Francis,9,7,1.286
1921,Guadalupe,5,14,0.357
1921,Isabel,5,28,0.179
1921,Trinidad,5,12,0.417
1922,Bennie,25,8,3.125
1922,Guadalupe,10,9,1.111
1922,Trinidad,6,14,0.429
1922,Francis,5,5,1.0
1922,Jessie,5,17,0.294
1923,Willie,20,8,2.5
1923,Bennie,11,5,2.2
1923,Billie,9,12,0.75
1923,Guadalupe,8,15,0.533
1923,Francis,7,9,0.778
1923,Cruz,6,5,1.2
1923,Marion,6,7,0.857
1923,Reyes,6,5,1.2
1924,Bennie,22,9,2.444
1924,Guadalupe,11,14,0.786
1924,Cruz,8,5,1.6
1924,Marion,7,5,1.4
1925,Willie,32,9,3.556
1925,Bennie,22,8,2.75
1925,Guadalupe,10,21,0.476
1925,Billie,8,18,0.444
1925,Cruz,8,6,1.333
1925,Trinidad,7,5,1.4
1925,Johnnie,6,5,1.2
1925,Jessie,5,16,0.312
1925,Mary,5,392,0.013
1925,Natividad,5,7,0.714
1926,Joe,165,6,27.5
1926,Guadalupe,13,17,0.765
1926,Johnnie,9,6,1.5
1926,Francis,8,8,1.0
1926,Billie,7,9,0.778
1926,Frankie,5,5,1.0
1926,Jessie,5,13,0.385
1927,Tony,40,5,8.0
1927,Bennie,24,6,4.0
1927,Jimmie,17,7,2.429
1927,Johnnie,10,7,1.429
1927,Marion,7,8,0.875
1927,Guadalupe,6,12,0.5
1928,Tony,48,5,9.6
1928,Bennie,23,6,3.833
1928,Guadalupe,12,5,2.4
1928,Cruz,9,6,1.5
1928,Lupe,9,26,0.346
1928,Billie,6,17,0.353
1928,Reyes,6,5,1.2
1929,Bennie,17,8,2.125
1929,Guadalupe,10,9,1.111
1929,Lupe,10,14,0.714
1929,Billie,8,19,0.421
1929,Cruz,8,5,1.6
1929,Marion,5,8,0.625
1930,Jose,154,6,25.667
1930,Guadalupe,12,17,0.706
1930,Reyes,8,5,1.6
1930,Billie,7,24,0.292
1930,Mary,6,389,0.015
1930,Bobbie,5,16,0.312
1930,Jackie,5,5,1.0
1930,Lupe,5,13,0.385
1931,Jose,167,6,27.833
1931,Bennie,30,6,5.0
1931,Johnnie,17,9,1.889
1931,Guadalupe,13,10,1.3
1931,Francis,12,5,2.4
1931,Jackie,10,12,0.833
1931,Mary,7,389,0.018
1931,Billie,6,29,0.207
1932,Joe,214,6,35.667
1932,Jimmie,28,7,4.0
1932,Bennie,24,8,3.0
1932,Guadalupe,11,8,1.375
1932,Billie,9,15,0.6
1932,Lupe,9,25,0.36
1932,Bernie,8,8,1.0
1932,Jackie,7,6,1.167
1932,Marion,7,5,1.4
1932,Mary,6,402,0.015
1932,Bobbie,5,8,0.625
1933,Jimmie,38,5,7.6
1933,Cruz,9,7,1.286
1933,Mary,9,371,0.024
1933,Pat,9,7,1.286
1933,Billie,7,15,0.467
1933,Francis,7,8,0.875
1933,Guadalupe,7,7,1.0
1933,Jessie,7,7,1.0
1933,Lupe,7,25,0.28
1933,Jackie,6,5,1.2
1933,Vivian,5,6,0.833
1934,Manuel,91,5,18.2
1934,Johnnie,17,5,3.4
1934,Bennie,15,5,3.0
1934,Pat,15,9,1.667
1934,Billie,9,24,0.375
1934,Frankie,9,5,1.8
1934,Bobbie,6,10,0.6
1934,Guadalupe,5,7,0.714
1934,Lupe,5,26,0.192
1935,Willie,35,5,7.0
1935,Jimmie,33,6,5.5
1935,Bennie,24,6,4.0
1935,Pat,16,6,2.667
1935,Lupe,9,25,0.36
1935,Bobbie,8,9,0.889
1935,Guadalupe,6,8,0.75
1935,Jessie,6,8,0.75
1935,Reyes,6,5,1.2
1935,Mary,5,475,0.011
1936,Jerry,67,7,9.571
1936,Bennie,24,5,4.8
1936,Pat,12,6,2.0
1936,Cruz,8,5,1.6
1936,Lupe,7,27,0.259
1936,Mary,7,432,0.016
1936,Tommie,6,5,1.2
1936,Frankie,5,6,0.833
1936,Jackie,5,6,0.833
1937,Joe,224,5,44.8
1937,George,91,5,18.2
1937,Pat,19,14,1.357
1937,Frankie,9,6,1.5
1937,Jackie,8,8,1.0
1937,Lupe,8,29,0.276
1937,Marion,7,7,1.0
1937,Billie,5,16,0.312
1937,Guadalupe,5,7,0.714
1938,Jerry,79,5,15.8
1938,Jimmie,31,7,4.429
1938,Pat,18,10,1.8
1938,Bennie,17,7,2.429
1938,Jessie,8,11,0.727
1938,Guadalupe,7,6,1.167
1938,Lupe,5,19,0.263
1938,Marion,5,7,0.714
1939,Jerry,90,5,18.0
1939,Johnnie,21,6,3.5
1939,Jackie,15,11,1.364
1939,Pat,15,12,1.25
1939,Bennie,14,5,2.8
1939,Guadalupe,11,10,1.1
1939,Billie,6,14,0.429
1939,Jessie,6,10,0.6
1939,Mary,5,504,0.01
1939,Terry,5,6,0.833
1940,Jerry,94,5,18.8
1940,Jimmie,18,10,1.8
1940,Bennie,17,9,1.889
1940,Pat,14,15,0.933
1940,Terry,9,12,0.75
1940,Jessie,8,21,0.381
1940,Cruz,7,5,1.4
1940,Guadalupe,7,17,0.412
1940,Jackie,7,7,1.0
1940,Mary,6,481,0.012
1941,Jerry,109,5,21.8
1941,Jimmie,36,5,7.2
1941,Pat,25,12,2.083
1941,Jackie,15,10,1.5
1941,Bernie,6,5,1.2
1941,Lupe,6,25,0.24
1941,Lynn,5,6,0.833
1942,Jerry,90,6,15.0
1942,Bobby,37,5,7.4
1942,Pat,17,15,1.133
1942,Terry,17,7,2.429
1942,Johnnie,14,7,2.0
1942,Guadalupe,8,8,1.0
1942,Leslie,7,5,1.4
1942,Lupe,7,24,0.292
1942,Jackie,6,5,1.2
1942,Mary,6,519,0.012
1942,Jessie,5,11,0.455
1943,Jimmie,25,6,4.167
1943,Terry,22,7,3.143
1943,Bennie,17,5,3.4
1943,Pat,17,15,1.133
1943,Guadalupe,10,14,0.714
1943,Jackie,10,7,1.429
1943,Lynn,8,5,1.6
1943,Lupe,7,28,0.25
1943,Cleo,5,5,1.0
1944,Willie,26,7,3.714
1944,Jimmie,20,8,2.5
1944,Terry,19,8,2.375
1944,Bennie,16,5,3.2
1944,Pat,13,17,0.765
1944,Guadalupe,9,9,1.0
1944,Jackie,7,11,0.636
1944,Lynn,7,7,1.0
1944,Lupe,6,24,0.25
1944,Jessie,5,9,0.556
1944,Mary,5,509,0.01
1945,Jimmie,28,5,5.6
1945,Terry,27,5,5.4
1945,Pat,14,13,1.077
1945,Jackie,9,6,1.5
1945,Lupe,7,22,0.318
1945,Guadalupe,5,10,0.5
1946,Terry,34,7,4.857
1946,Pat,24,10,2.4
1946,Lupe,9,21,0.429
1946,Jackie,8,8,1.0
1946,Guadalupe,6,10,0.6
1946,Lynn,6,6,1.0
1946,Jessie,5,11,0.455
1947,Terry,31,14,2.214
1947,Pat,20,17,1.176
1947,Jessie,13,11,1.182
1947,Jackie,11,10,1.1
1947,Lynn,11,8,1.375
1947,Guadalupe,10,7,1.429
1947,Cruz,5,5,1.0
1947,Leslie,5,14,0.357
1948,Terry,35,12,2.917
1948,Francis,18,8,2.25
1948,Pat,18,12,1.5
1948,Leslie,12,8,1.5
1948,Guadalupe,9,28,0.321
1948,Jackie,8,7,1.143
1948,Lynn,8,15,0.533
1948,Lupe,7,22,0.318
1948,Jessie,5,7,0.714
1949,Terry,45,17,2.647
1949,Willie,26,5,5.2
1949,Jackie,18,13,1.385
1949,Leslie,8,15,0.533
1949,Guadalupe,7,23,0.304
1949,Jessie,7,8,0.875
1949,Mary,7,522,0.013
1950,Terry,34,14,2.429
1950,Pat,18,5,3.6
1950,Jimmie,13,6,2.167
1950,Guadalupe,12,27,0.444
1950,Jackie,11,10,1.1
1950,Leslie,11,9,1.222
1950,Johnnie,10,5,2.0
1950,Jessie,9,8,1.125
1950,Lynn,7,11,0.636
1951,Terry,48,21,2.286
1951,Leslie,15,5,3.0
1951,Francis,11,6,1.833
1951,Jackie,9,6,1.5
1951,Jessie,7,14,0.5
1951,Lupe,7,10,0.7
1951,Guadalupe,6,19,0.316
1951,Lynn,6,12,0.5
1951,Marion,6,5,1.2
1951,Mickey,6,5,1.2
1951,Dana,5,10,0.5
1951,Robin,5,9,0.556
1952,Terry,52,22,2.364
1952,Leslie,15,10,1.5
1952,Guadalupe,14,27,0.519
1952,Jackie,14,12,1.167
1952,Lynn,12,10,1.2
1952,Kim,11,7,1.571
1952,Cruz,7,5,1.4
1952,Dana,7,11,0.636
1952,Robin,6,22,0.273
1953,Terry,62,21,2.952
1953,Jackie,19,9,2.111
1953,Lee,15,10,1.5
1953,Kim,13,9,1.444
1953,Leslie,12,23,0.522
1953,Jessie,11,12,0.917
1953,Lynn,9,16,0.562
1953,Guadalupe,8,22,0.364
1953,Robin,6,12,0.5
1954,Jerry,102,5,20.4
1954,Terry,75,31,2.419
1954,Lee,22,9,2.444
1954,Jackie,15,20,0.75
1954,Leslie,14,28,0.5
1954,Kim,12,9,1.333
1954,Jessie,8,11,0.727
1954,Dana,6,10,0.6
1954,Guadalupe,6,16,0.375
1954,Lynn,6,24,0.25
1955,Terry,76,40,1.9
1955,Chris,23,7,3.286
1955,Leslie,16,20,0.8
1955,Lee,15,5,3.0
1955,Jackie,10,7,1.429
1955,Guadalupe,9,19,0.474
1955,Kim,9,16,0.562
1955,Robin,8,27,0.296
1955,Dana,7,6,1.167
1955,Tracy,6,6,1.0
1956,Terry,79,41,1.927
1956,Leslie,29,24,1.208
1956,Lee,24,13,1.846
1956,Kim,13,35,0.371
1956,Jackie,12,15,0.8
1956,Kelly,10,9,1.111
1956,Robin,9,29,0.31
1956,Jessie,6,6,1.0
1956,Kerry,6,5,1.2
1956,Lynn,6,24,0.25
1956,Guadalupe,5,13,0.385
1956,Lupe,5,10,0.5
1956,Tracy,5,7,0.714
1957,Terry,56,34,1.647
1957,Chris,34,5,6.8
1957,Lee,23,10,2.3
1957,Kelly,22,21,1.048
1957,Leslie,22,41,0.537
1957,Jackie,17,7,2.429
1957,Kerry,14,6,2.333
1957,Tracy,11,12,0.917
1957,Jessie,10,7,1.429
1957,Kim,9,36,0.25
1957,Dana,6,16,0.375
1957,Robin,6,38,0.158
1957,Rene,5,9,0.556
1958,Terry,93,34,2.735
1958,Chris,36,6,6.0
1958,Lee,31,6,5.167
1958,Kelly,18,26,0.692
1958,Pat,14,8,1.75
1958,Robin,13,35,0.371
1958,Leslie,10,29,0.345
1958,Tracy,9,13,0.692
1958,Guadalupe,8,9,0.889
1958,Jessie,8,6,1.333
1958,Lynn,8,19,0.421
1958,Jackie,7,18,0.389
1958,Jody,7,12,0.583
1958,Kim,6,35,0.171
1959,Terry,78,49,1.592
1959,Chris,71,8,8.875
1959,Kelly,22,52,0.423
1959,Lee,21,11,1.909
1959,Pat,21,5,4.2
1959,Jackie,17,24,0.708
1959,Leslie,13,37,0.351
1959,Tracy,11,26,0.423
1959,Jessie,10,11,0.909
1959,Guadalupe,8,13,0.615
1959,Jamie,7,12,0.583
1959,Johnnie,7,5,1.4
1959,Jody,6,12,0.5
1959,Kim,5,56,0.089
1959,Lynn,5,22,0.227
1959,Rene,5,7,0.714
1959,Robin,5,48,0.104
1960,Terry,75,41,1.829
1960,Chris,55,8,6.875
1960,Kelly,34,50,0.68
1960,Lee,21,7,3.0
1960,Pat,20,5,4.0
1960,Kerry,17,10,1.7
1960,Leslie,17,37,0.459
1960,Tracy,17,39,0.436
1960,Jackie,15,30,0.5
1960,Robin,12,49,0.245
1960,Lynn,11,14,0.786
1960,Guadalupe,9,17,0.529
1960,Dana,8,28,0.286
1960,Jody,7,7,1.0
1960,Jamie,5,19,0.263
1961,Terry,77,34,2.265
1961,Chris,72,8,9.0
1961,Tracy,24,29,0.828
1961,Kelly,22,41,0.537
1961,Shawn,20,7,2.857
1961,Leslie,16,35,0.457
1961,Robin,15,69,0.217
1961,Pat,12,5,2.4
1961,Jackie,11,30,0.367
1961,Rene,8,9,0.889
1961,Guadalupe,6,8,0.75
1961,Jamie,6,16,0.375
1961,Jody,6,8,0.75
1961,Lynn,6,18,0.333
1961,Dana,5,37,0.135
1961,Kim,5,53,0.094
1961,Shannon,5,13,0.385
1962,Michael,490,6,81.667
1962,Terry,70,32,2.188
1962,Chris,55,6,9.167
1962,Lee,32,11,2.909
1962,Kelly,28,58,0.483
1962,Shawn,20,7,2.857
1962,Tracy,19,35,0.543
1962,Kerry,16,5,3.2
1962,Jessie,11,10,1.1
1962,Leslie,11,40,0.275
1962,Robin,11,51,0.216
1962,Angel,8,5,1.6
1962,Dana,8,26,0.308
1962,Jackie,8,32,0.25
1962,Jamie,7,18,0.389
1962,Johnnie,7,5,1.4
1962,Shannon,7,9,0.778
1962,Lynn,6,14,0.429
1963,Terry,64,20,3.2
1963,Chris,60,6,10.0
1963,Kelly,22,62,0.355
1963,Shawn,22,7,3.143
1963,Tracy,19,57,0.333
1963,Kerry,15,5,3.0
1963,Leslie,12,40,0.3
1963,Dana,11,26,0.423
1963,Robbie,10,5,2.0
1963,Robin,10,42,0.238
1963,Jamie,7,10,0.7
1963,Jackie,6,25,0.24
1963,Lynn,6,14,0.429
1963,Lupe,5,13,0.385
1963,Stacy,5,22,0.227
1964,Terry,47,25,1.88
1964,Shawn,25,5,5.0
1964,Kelly,22,54,0.407
1964,Tracy,21,51,0.412
1964,Lee,17,8,2.125
1964,Jackie,8,26,0.308
1964,Leslie,7,43,0.163
1964,Jamie,6,10,0.6
1964,Kim,6,57,0.105
1964,Shannon,6,16,0.375
1964,Rene,5,6,0.833
1965,Terry,34,23,1.478
1965,Shawn,29,9,3.222
1965,Kelly,18,56,0.321
1965,Lee,16,12,1.333
1965,Tracy,15,48,0.312
1965,Leslie,10,30,0.333
1965,Jessie,9,8,1.125
1965,Kerry,9,10,0.9
1965,Rene,8,5,1.6
1965,Shannon,8,9,0.889
1965,Jackie,7,29,0.241
1965,Robin,6,43,0.14
1966,Terry,29,11,2.636
1966,Shawn,25,6,4.167
1966,Lee,20,5,4.0
1966,Kelly,18,50,0.36
1966,Leslie,9,28,0.321
1966,Shannon,8,16,0.5
1966,Tracy,8,42,0.19
1966,Jody,5,5,1.0
1967,Shawn,42,6,7.0
1967,Terry,31,13,2.385
1967,Kelly,27,35,0.771
1967,Lee,23,8,2.875
1967,Tracy,13,45,0.289
1967,Stacy,10,20,0.5
1967,Jessie,9,5,1.8
1967,Jackie,7,10,0.7
1967,Jody,6,9,0.667
1967,Leslie,6,28,0.214
1967,Shannon,6,23,0.261
1967,Stacey,6,11,0.545
1967,Lynn,5,13,0.385
1968,Shawn,41,9,4.556
1968,Terry,32,5,6.4
1968,Lee,16,7,2.286
1968,Kelly,15,50,0.3
1968,Shannon,14,48,0.292
1968,Leslie,9,27,0.333
1968,Tracy,9,22,0.409
1968,Jackie,7,13,0.538
1968,Jamie,7,22,0.318
1968,Jody,7,9,0.778
1968,Stacy,7,26,0.269
1969,Shawn,41,10,4.1
1969,Lee,20,8,2.5
1969,Terry,20,7,2.857
1969,Kelly,19,48,0.396
1969,Shannon,14,61,0.23
1969,Tracy,14,49,0.286
1969,Jessie,12,5,2.4
1969,Jamie,10,13,0.769
1969,Jody,9,10,0.9
1969,Leslie,7,36,0.194
1969,Jackie,6,9,0.667
1969,Stacy,6,17,0.353
1969,Rene,5,9,0.556
1970,Robert,295,5,59.0
1970,Shawn,51,10,5.1
1970,Terry,24,10,2.4
1970,Kelly,16,45,0.356
1970,Jody,13,8,1.625
1970,Shannon,11,73,0.151
1970,Rene,8,5,1.6
1970,Stacy,8,28,0.286
1970,Jamie,7,12,0.583
1970,Kerry,7,10,0.7
1970,Leslie,7,29,0.241
1970,Tracy,6,60,0.1
1971,Shawn,63,9,7.0
1971,Terry,29,11,2.636
1971,Shannon,24,72,0.333
1971,Kelly,18,29,0.621
1971,Jamie,14,14,1.0
1971,Jessie,13,6,2.167
1971,Tracy,10,45,0.222
1971,Rene,9,12,0.75
1971,Guadalupe,8,9,0.889
1971,Leslie,8,29,0.276
1971,Jody,7,12,0.583
1971,Stacy,6,28,0.214
1971,Angel,5,12,0.417
1972,Shawn,51,5,10.2
1972,Terry,26,5,5.2
1972,Jamie,20,13,1.538
1972,Lee,19,6,3.167
1972,Shannon,18,53,0.34
1972,Tracy,14,42,0.333
1972,Kelly,13,54,0.241
1972,Jessie,9,5,1.8
1972,Rene,8,6,1.333
1972,Angel,5,6,0.833
1972,Guadalupe,5,7,0.714
1973,Shawn,65,5,13.0
1973,Shannon,18,53,0.34
1973,Jamie,15,14,1.071
1973,Tracy,10,44,0.227
1973,Jody,9,11,0.818
1973,Rene,9,6,1.5
1973,Kelly,8,29,0.276
1973,Jackie,5,12,0.417
1973,Robin,5,18,0.278
1974,Michael,372,5,74.4
1974,Shawn,70,8,8.75
1974,Casey,14,5,2.8
1974,Jamie,13,12,1.083
1974,Jody,12,5,2.4
1974,Shannon,12,55,0.218
1974,Kelly,11,30,0.367
1974,Terry,10,9,1.111
1974,Robin,8,15,0.533
1974,Tracy,7,30,0.233
1975,Jaime,26,7,3.714
1975,Shannon,17,52,0.327
1975,Jamie,13,15,0.867
1975,Terry,12,7,1.714
1975,Angel,10,5,2.0
1975,Jody,10,11,0.909
1975,Kelly,10,45,0.222
1975,Guadalupe,6,13,0.462
1975,Stacey,6,26,0.231
1975,Leslie,5,44,0.114
1975,Tracy,5,23,0.217
1976,Shawn,59,7,8.429
1976,Jamie,20,50,0.4
1976,Terry,16,6,2.667
1976,Jaime,14,29,0.483
1976,Casey,10,7,1.429
1976,Guadalupe,10,9,1.111
1976,Jody,9,9,1.0
1976,Shannon,8,76,0.105
1976,Rene,6,7,0.857
1976,Kelly,5,57,0.088
1977,Shawn,62,5,12.4
1977,Casey,21,5,4.2
1977,Jaime,18,24,0.75
1977,Jamie,17,59,0.288
1977,Lee,17,7,2.429
1977,Angel,13,24,0.542
1977,Shannon,11,69,0.159
1977,Jessie,10,5,2.0
1977,Kelly,10,54,0.185
1977,Guadalupe,6,12,0.5
1977,Rene,6,7,0.857
1978,Adrian,46,5,9.2
1978,Jaime,19,18,1.056
1978,Jamie,12,51,0.235
1978,Angel,9,16,0.562
1978,Shannon,8,67,0.119
1978,Robin,7,22,0.318
1978,Leslie,6,38,0.158
1978,Guadalupe,5,9,0.556
1978,Kelly,5,53,0.094
1979,Christopher,318,6,53.0
1979,Jaime,16,15,1.067
1979,Jamie,15,45,0.333
1979,Casey,14,11,1.273
1979,Kelly,11,44,0.25
1979,Angel,9,12,0.75
1979,Dana,5,23,0.217
1979,Robin,5,18,0.278
1979,Tracy,5,29,0.172
1980,Michael,402,6,67.0
1980,Casey,33,7,4.714
1980,Jaime,18,12,1.5
1980,Jamie,17,68,0.25
1980,Angel,11,23,0.478
1980,Jody,9,5,1.8
1980,Guadalupe,8,11,0.727
1980,Robin,6,17,0.353
1980,Kelly,5,43,0.116
1980,Shannon,5,57,0.088
1981,Adrian,61,5,12.2
1981,Casey,23,13,1.769
1981,Jaime,23,16,1.438
1981,Jessie,17,9,1.889
1981,Kelly,12,40,0.3
1981,Jamie,11,60,0.183
1981,Angel,9,18,0.5
1981,Shannon,7,65,0.108
1981,Guadalupe,6,11,0.545
1981,Erin,5,74,0.068
1982,Anthony,157,5,31.4
1982,Casey,35,9,3.889
1982,Jaime,26,11,2.364
1982,Jessie,24,7,3.429
1982,Jamie,18,57,0.316
1982,Jordan,16,5,3.2
1982,Kelly,11,28,0.393
1982,Alexis,9,18,0.5
1982,Angel,9,19,0.474
1982,Guadalupe,9,9,1.0
1982,Shannon,6,46,0.13
1982,Lynn,5,5,1.0
1983,Ryan,136,5,27.2
1983,Casey,25,9,2.778
1983,Jaime,15,12,1.25
1983,Angel,12,20,0.6
1983,Jamie,11,49,0.224
1983,Kelly,9,35,0.257
1983,Robin,7,13,0.538
1983,Alexis,5,22,0.227
1984,Casey,33,9,3.667
1984,Jessie,22,8,2.75
1984,Cory,21,5,4.2
1984,Jaime,16,6,2.667
1984,Micah,14,5,2.8
1984,Jamie,10,65,0.154
1984,Angel,9,29,0.31
1984,Robin,7,9,0.778
1984,Kelly,6,36,0.167
1984,Shannon,6,52,0.115
1984,Ariel,5,7,0.714
1984,Leslie,5,31,0.161
1985,Casey,30,13,2.308
1985,Jordan,29,8,3.625
1985,Jessie,16,5,3.2
1985,Jamie,10,56,0.179
1985,Angel,9,19,0.474
1985,Jaime,8,6,1.333
1985,Micah,6,5,1.2
1985,Taylor,6,5,1.2
1986,Michael,317,6,52.833
1986,Adrian,69,5,13.8
1986,Jordan,46,10,4.6
1986,Casey,35,14,2.5
1986,Corey,30,5,6.0
1986,Christian,17,6,2.833
1986,Devin,16,6,2.667
1986,Jessie,14,11,1.273
1986,Taylor,13,5,2.6
1986,Angel,12,15,0.8
1986,Robin,7,20,0.35
1986,Dominique,6,11,0.545
1986,Jamie,6,60,0.1
1987,Michael,378,5,75.6
1987,Jordan,31,16,1.938
1987,Casey,27,22,1.227
1987,Jaime,19,6,3.167
1987,Taylor,18,6,3.0
1987,Devin,15,7,2.143
1987,Angel,13,22,0.591
1987,Jamie,13,46,0.283
1987,Jessie,12,7,1.714
1987,Guadalupe,6,14,0.429
1987,Noel,5,7,0.714
1988,Ryan,183,5,36.6
1988,Jordan,30,18,1.667
1988,Alex,27,5,5.4
1988,Taylor,23,6,3.833
1988,Casey,22,12,1.833
1988,Angel,17,27,0.63
1988,Jaime,15,6,2.5
1988,Jamie,11,47,0.234
1988,Jessie,11,14,0.786
1988,Kelly,11,34,0.324
1988,Robin,6,14,0.429
1989,Jordan,53,37,1.432
1989,Casey,25,11,2.273
1989,Taylor,24,14,1.714
1989,Angel,23,21,1.095
1989,Jessie,11,13,0.846
1989,Lee,9,5,1.8
1989,Jamie,8,37,0.216
1989,Kelly,8,30,0.267
1989,Dominique,6,12,0.5
1989,Noel,6,5,1.2
1989,Morgan,5,22,0.227
1989,Shannon,5,28,0.179
1990,Jordan,91,42,2.167
1990,Adrian,77,6,12.833
1990,Taylor,30,23,1.304
1990,Casey,29,5,5.8
1990,Devin,26,6,4.333
1990,Christian,23,6,3.833
1990,Angel,19,20,0.95
1990,Jamie,11,49,0.224
1990,Devon,8,7,1.143
1990,Morgan,8,19,0.421
1990,Dominique,7,11,0.636
1990,Jessie,7,11,0.636
1990,Erin,6,29,0.207
1990,Alexis,5,31,0.161
1991,Jordan,86,33,2.606
1991,Christian,38,9,4.222
1991,Taylor,34,47,0.723
1991,Devin,28,10,2.8
1991,Angel,22,25,0.88
1991,Casey,22,11,2.0
1991,Dakota,21,9,2.333
1991,Jaime,20,8,2.5
1991,Devon,13,12,1.083
1991,Dominique,10,18,0.556
1991,Jessie,8,11,0.727
1991,Kendall,8,5,1.6
1991,Jamie,6,26,0.231
1991,Jordon,6,5,1.2
1991,Loren,6,5,1.2
1991,Alexis,5,32,0.156
1991,Morgan,5,24,0.208
1992,Michael,292,5,58.4
1992,Tyler,138,11,12.545
1992,Christian,78,9,8.667
1992,Jordan,75,35,2.143
1992,Taylor,39,43,0.907
1992,Angel,34,15,2.267
1992,Devin,30,7,4.286
1992,Casey,26,13,2.0
1992,Dakota,25,8,3.125
1992,Jaime,25,5,5.0
1992,Devon,14,8,1.75
1992,Alexis,12,40,0.3
1992,Guadalupe,8,6,1.333
1992,Morgan,8,26,0.308
1992,Skyler,8,6,1.333
1992,Dallas,7,7,1.0
1992,Stevie,7,7,1.0
1992,Jamie,6,21,0.286
1993,Tyler,133,10,13.3
1993,Jordan,94,43,2.186
1993,Adrian,79,5,15.8
1993,Christian,69,10,6.9
1993,Taylor,50,86,0.581
1993,Dakota,37,6,6.167
1993,Angel,31,24,1.292
1993,Casey,19,11,1.727
1993,Dominique,17,35,0.486
1993,Devon,16,9,1.778
1993,Jaime,14,6,2.333
1993,Jessie,13,10,1.3
1993,Dallas,12,7,1.714
1993,Skyler,10,7,1.429
1993,Harley,9,7,1.286
1993,Shannon,8,28,0.286
1993,Alexis,7,66,0.106
1993,Guadalupe,6,19,0.316
1993,Kendall,6,5,1.2
1993,Kasey,5,7,0.714
1993,Loren,5,6,0.833
1994,Tyler,138,9,15.333
1994,Jordan,73,54,1.352
1994,Angel,44,35,1.257
1994,Taylor,39,81,0.481
1994,Dakota,27,8,3.375
1994,Casey,17,6,2.833
1994,Devon,16,6,2.667
1994,Hunter,15,5,3.0
1994,Harley,8,9,0.889
1994,Alexis,7,76,0.092
1994,Dominique,7,32,0.219
1994,Kendall,7,9,0.778
1994,Jessie,6,8,0.75
1994,Kelly,6,18,0.333
1994,Darian,5,11,0.455
1994,Jamie,5,23,0.217
1994,Justice,5,6,0.833
1994,Mackenzie,5,12,0.417
1994,Santana,5,18,0.278
1995,Tyler,138,6,23.0
1995,Christian,91,6,15.167
1995,Jordan,60,43,1.395
1995,Angel,54,34,1.588
1995,Dakota,38,9,4.222
1995,Devin,37,5,7.4
1995,Taylor,25,93,0.269
1995,Alexis,21,82,0.256
1995,Devon,18,5,3.6
1995,Casey,11,11,1.0
1995,Tristen,11,5,2.2
1995,Morgan,10,32,0.312
1995,Chandler,9,6,1.5
1995,Micah,9,9,1.0
1995,Riley,9,7,1.286
1995,Dominique,8,38,0.211
1995,Bailey,6,12,0.5
1995,Guadalupe,5,7,0.714
1995,Jamie,5,24,0.208
1995,Shelby,5,48,0.104
1996,Tyler,139,5,27.8
1996,Christian,110,7,15.714
1996,Jordan,94,52,1.808
1996,Angel,53,32,1.656
1996,Tristan,47,5,9.4
1996,Devin,34,6,5.667
1996,Dakota,33,5,6.6
1996,Taylor,28,76,0.368
1996,Alexis,22,120,0.183
1996,Casey,17,16,1.062
1996,Micah,17,5,3.4
1996,Tristen,16,6,2.667
1996,Dallas,13,7,1.857
1996,Bailey,11,17,0.647
1996,Devon,11,6,1.833
1996,Jessie,11,10,1.1
1996,Morgan,11,27,0.407
1996,Riley,8,7,1.143
1996,Ariel,7,11,0.636
1996,Ashton,7,6,1.167
1996,Darian,7,7,1.0
1996,Harley,7,6,1.167
1996,Dominique,6,45,0.133
1997,Tyler,111,7,15.857
1997,Christian,103,5,20.6
1997,Jordan,95,57,1.667
1997,Angel,57,31,1.839
1997,Alexis,30,130,0.231
1997,Taylor,30,83,0.361
1997,Devin,28,6,4.667
1997,Hunter,27,6,4.5
1997,Dakota,22,18,1.222
1997,Devon,20,6,3.333
1997,Casey,18,8,2.25
1997,Jessie,12,8,1.5
1997,Morgan,12,31,0.387
1997,Avery,9,9,1.0
1997,Bailey,9,20,0.45
1997,Riley,8,9,0.889
1997,Justice,7,7,1.0
1997,Sage,7,8,0.875
1997,Skyler,7,6,1.167
1997,Ashton,5,5,1.0
1997,Dominique,5,49,0.102
1997,Guadalupe,5,16,0.312
1997,Jamie,5,25,0.2
1998,Tyler,113,6,18.833
1998,Jordan,78,48,1.625
1998,Cameron,59,11,5.364
1998,Angel,50,34,1.471
1998,Dakota,23,14,1.643
1998,Devon,20,6,3.333
1998,Taylor,20,68,0.294
1998,Alexis,19,136,0.14
1998,Riley,17,7,2.429
1998,Micah,14,6,2.333
1998,Casey,9,6,1.5
1998,Avery,8,7,1.143
1998,Bailey,8,27,0.296
1998,Morgan,6,33,0.182
1998,Ariel,5,21,0.238
1998,Sage,5,11,0.455
1998,Santana,5,8,0.625
1998,Skylar,5,11,0.455
1999,Tyler,108,6,18.0
1999,Jordan,77,43,1.791
1999,Cameron,58,12,4.833
1999,Angel,52,55,0.945
1999,Jesse,43,5,8.6
1999,Hunter,33,5,6.6
1999,Dakota,31,6,5.167
1999,Alexis,18,165,0.109
1999,Taylor,16,78,0.205
1999,Jaden,12,8,1.5
1999,Jayden,12,5,2.4
1999,Riley,12,6,2.0
1999,Skyler,12,13,0.923
1999,Santana,9,17,0.529
1999,Avery,7,8,0.875
1999,Casey,7,7,1.0
1999,Morgan,7,39,0.179
1999,Sage,7,5,1.4
1999,Ariel,6,14,0.429
1999,Skylar,6,10,0.6
1999,Bailey,5,23,0.217
1999,Dominique,5,35,0.143
1999,Jessie,5,5,1.0
2000,Tyler,112,8,14.0
2000,Jordan,72,35,2.057
2000,Angel,59,38,1.553
2000,Cameron,55,6,9.167
2000,Alexis,25,141,0.177
2000,Taylor,23,74,0.311
2000,Jaden,19,7,2.714
2000,Riley,19,7,2.714
2000,Jayden,14,6,2.333
2000,Dakota,13,10,1.3
2000,Micah,12,6,2.0
2000,Casey,9,8,1.125
2000,Santana,7,26,0.269
2000,Skyler,7,8,0.875
2000,Bailey,6,15,0.4
2000,Dominique,5,24,0.208
2000,Jaiden,5,7,0.714
2000,Payton,5,8,0.625
2000,Skylar,5,13,0.385
2001,Ryan,98,8,12.25
2001,Tyler,86,5,17.2
2001,Angel,75,58,1.293
2001,Cameron,54,9,6.0
2001,Logan,51,7,7.286
2001,Jordan,48,41,1.171
2001,Jaden,34,11,3.091
2001,Alexis,29,139,0.209
2001,Jayden,24,11,2.182
2001,Dakota,20,9,2.222
2001,Skyler,13,6,2.167
2001,Taylor,13,65,0.2
2001,Riley,12,11,1.091
2001,Casey,11,7,1.571
2001,Morgan,10,17,0.588
2001,Avery,7,12,0.583
2001,Skylar,7,11,0.636
2001,Justice,6,9,0.667
2002,Ryan,107,7,15.286
2002,Angel,93,36,2.583
2002,Jordan,62,50,1.24
2002,Cameron,52,13,4.0
2002,Jaden,41,17,2.412
2002,Tristan,27,5,5.4
2002,Jayden,25,18,1.389
2002,Alexis,19,144,0.132
2002,Riley,18,9,2.0
2002,Taylor,14,49,0.286
2002,Dakota,13,11,1.182
2002,Justice,9,12,0.75
2002,Skyler,9,5,1.8
2002,Ariel,7,13,0.538
2002,Avery,7,15,0.467
2002,Jessie,7,6,1.167
2002,Skylar,7,6,1.167
2002,Guadalupe,6,7,0.857
2002,Dominique,5,21,0.238
2002,Raven,5,12,0.417
2003,Ryan,111,5,22.2
2003,Angel,85,53,1.604
2003,Jordan,52,47,1.106
2003,Cameron,43,7,6.143
2003,Jayden,38,19,2.0
2003,Jaden,33,13,2.538
2003,Ashton,26,8,3.25
2003,Alexis,17,118,0.144
2003,Dakota,16,5,3.2
2003,Riley,16,18,0.889
2003,Taylor,14,43,0.326
2003,Avery,13,13,1.0
2003,Morgan,11,31,0.355
2003,Jaiden,9,7,1.286
2003,Casey,8,6,1.333
2004,Angel,108,35,3.086
2004,Dylan,79,5,15.8
2004,Tyler,78,5,15.6
2004,Jordan,52,27,1.926
2004,Jaden,42,12,3.5
2004,Jayden,42,16,2.625
2004,Cameron,34,7,4.857
2004,Alexis,29,109,0.266
2004,Dakota,16,10,1.6
2004,Jaiden,13,5,2.6
2004,Riley,12,14,0.857
2004,Peyton,10,5,2.0
2004,Taylor,8,31,0.258
2004,Avery,7,20,0.35
2004,Jessie,7,7,1.0
2004,Morgan,7,30,0.233
2004,Harley,6,6,1.0
2004,Bailey,5,20,0.25
2004,Dominique,5,17,0.294
2004,Payton,5,7,0.714
2005,Angel,107,41,2.61
2005,Jayden,56,20,2.8
2005,Jordan,47,21,2.238
2005,Alexis,28,95,0.295
2005,Ashton,22,5,4.4
2005,Riley,19,22,0.864
2005,Dakota,12,11,1.091
2005,Peyton,12,8,1.5
2005,Avery,11,22,0.5
2005,Taylor,10,38,0.263
2005,Payton,6,8,0.75
2005,Santana,6,12,0.5
2006,Angel,135,35,3.857
2006,Jordan,63,21,3.0
2006,Jayden,56,16,3.5
2006,Alexis,34,69,0.493
2006,Jaden,31,10,3.1
2006,Riley,25,21,1.19
2006,Avery,13,23,0.565
2006,Jaiden,13,5,2.6
2006,Dakota,12,12,1.0
2006,Skyler,9,5,1.8
2006,Peyton,8,9,0.889
2006,Santana,7,8,0.875
2006,Morgan,6,27,0.222
2006,Payton,6,11,0.545
2006,Taylor,5,45,0.111
2007,Angel,135,35,3.857
2007,Jayden,98,24,4.083
2007,Aiden,91,5,18.2
2007,Jordan,65,20,3.25
2007,Jaden,37,15,2.467
2007,Cameron,35,8,4.375
2007,Alexis,24,73,0.329
2007,Hayden,22,7,3.143
2007,Micah,22,5,4.4
2007,Kayden,13,6,2.167
2007,Riley,13,21,0.619
2007,Jaiden,12,10,1.2
2007,Peyton,12,14,0.857
2007,Dakota,9,10,0.9
2007,Avery,8,18,0.444
2007,Taylor,8,28,0.286
2007,Payton,7,13,0.538
2007,Rowan,7,10,0.7
2007,Morgan,5,20,0.25
2008,Angel,91,30,3.033
2008,Jayden,90,22,4.091
2008,Jordan,69,23,3.0
2008,Cameron,30,8,3.75
2008,Hayden,28,27,1.037
2008,Riley,20,27,0.741
2008,Alexis,19,87,0.218
2008,Jaiden,19,5,3.8
2008,Avery,17,19,0.895
2008,Skyler,15,8,1.875
2008,Dakota,11,12,0.917
2008,Peyton,10,31,0.323
2008,Payton,9,19,0.474
2008,Rowan,7,6,1.167
2008,Santana,7,7,1.0
2008,Guadalupe,6,7,0.857
2008,Jamie,6,8,0.75
2008,Harley,5,7,0.714
2008,Marley,5,18,0.278
2009,Angel,88,24,3.667
2009,Jayden,81,18,4.5
2009,Ryan,69,6,11.5
2009,Jordan,59,14,4.214
2009,Micah,26,5,5.2
2009,Hayden,24,22,1.091
2009,Alexis,18,60,0.3
2009,Riley,15,21,0.714
2009,Dakota,13,7,1.857
2009,Peyton,12,31,0.387
2009,Jaiden,11,9,1.222
2009,Avery,9,31,0.29
2009,Taylor,8,38,0.211
2009,Payton,7,30,0.233
2009,Reese,6,5,1.2
2010,Jayden,103,21,4.905
2010,Angel,82,23,3.565
2010,Jordan,69,11,6.273
2010,Jaden,34,5,6.8
2010,Jaiden,23,7,3.286
2010,Riley,19,17,1.118
2010,Hayden,18,16,1.125
2010,Alexis,16,61,0.262
2010,Peyton,8,24,0.333
2010,Dallas,7,6,1.167
2010,Payton,7,17,0.412
2010,August,6,6,1.0
2010,Taylor,6,29,0.207
2010,Emery,5,7,0.714
2010,Morgan,5,14,0.357
2010,Rylee,5,10,0.5
2010,Tatum,5,5,1.0
2011,Jayden,97,12,8.083
2011,Jordan,81,9,9.0
2011,Angel,66,16,4.125
2011,Riley,25,20,1.25
2011,Hayden,16,11,1.455
2011,Avery,11,33,0.333
2011,Alexis,9,58,0.155
2011,Peyton,8,16,0.5
2011,Charlie,6,6,1.0
2011,Quinn,6,5,1.2
2011,Rylee,6,7,0.857
2011,Skyler,6,6,1.0
2011,Ariel,5,14,0.357
2012,Jayden,109,12,9.083
2012,Jordan,72,9,8.0
2012,Angel,69,14,4.929
2012,Ryan,47,5,9.4
2012,Riley,22,25,0.88
2012,Parker,19,5,3.8
2012,Avery,11,35,0.314
2012,Hayden,11,9,1.222
2012,Peyton,10,22,0.455
2012,Alexis,8,41,0.195
2012,Azariah,7,6,1.167
2012,Rowan,7,10,0.7
2012,Eden,6,16,0.375
2012,Payton,6,21,0.286
2012,Charlie,5,5,1.0
2012,Dakota,5,12,0.417
2012,Sage,5,6,0.833
2012,Tatum,5,11,0.455
2012,Taylor,5,21,0.238
2013,Jayden,97,10,9.7
2013,Jordan,71,15,4.733
2013,Angel,61,15,4.067
2013,Azariah,14,5,2.8
2013,Alexis,12,35,0.343
2013,Parker,12,5,2.4
2013,Dakota,11,6,1.833
2013,Riley,11,25,0.44
2013,Avery,10,31,0.323
2013,Skylar,9,11,0.818
2013,Hayden,7,12,0.583
2013,Peyton,7,24,0.292
2013,Taylor,7,20,0.35
2013,Amari,6,9,0.667
2013,Eden,6,11,0.545
2013,Santana,6,7,0.857
2013,Charlie,5,8,0.625
2013,Rowan,5,6,0.833
2014,Jayden,93,5,18.6
2014,Angel,68,10,6.8
2014,Jordan,66,7,9.429
2014,Parker,23,5,4.6
2014,Avery,15,37,0.405
2014,Hayden,13,9,1.444
2014,Alexis,11,32,0.344
2014,Riley,11,17,0.647
2014,Peyton,9,28,0.321
2014,Skyler,7,6,1.167
2014,Charlie,6,5,1.2
2014,Reese,6,5,1.2
2014,Rowan,6,9,0.667
2014,Azariah,5,5,1.0
2015,Jayden,75,6,12.5
2015,Jordan,67,8,8.375
2015,Angel,59,12,4.917
2015,Avery,22,50,0.44
2015,Parker,18,5,3.6
2015,Riley,15,18,0.833
2015,Eden,12,12,1.0
2015,Hayden,11,11,1.0
2015,Blake,9,5,1.8
2015,Peyton,8,18,0.444
2015,Amari,6,6,1.0
2015,Ariel,6,18,0.333
2015,Quinn,5,12,0.417
2016,Jayden,77,5,15.4
2016,Angel,54,7,7.714
2016,Hunter,49,5,9.8
2016,Jordan,45,8,5.625
2016,Riley,12,32,0.375
2016,Rowan,12,5,2.4
2016,Dakota,10,10,1.0
2016,Phoenix,10,5,2.0
2016,Alexis,7,16,0.438
2016,Amari,7,9,0.778
2016,Ariel,7,16,0.438
2016,Charlie,7,11,0.636
2016,Avery,5,30,0.167
2016,Quinn,5,19,0.263
2016,Sage,5,6,0.833
2016,Taylor,5,9,0.556
2017,Logan,85,6,14.167
2017,Jayden,67,5,13.4
2017,Angel,50,8,6.25
2017,Jordan,32,5,6.4
2017,Avery,11,39,0.282
2017,Remington,11,7,1.571
2017,Sawyer,11,5,2.2
2017,Eden,9,12,0.75
2017,Charlie,8,10,0.8
2017,Riley,7,32,0.219
2017,Rowan,7,8,0.875
2017,Sage,7,6,1.167
2017,Skyler,7,5,1.4
2017,Parker,6,6,1.0
2017,Quinn,6,10,0.6
2017,Amari,5,10,0.5
2017,Ariel,5,25,0.2
2017,Finley,5,7,0.714
2018,Logan,85,6,14.167
2018,Angel,32,11,2.909
2018,Kayden,19,5,3.8
2018,River,15,5,3.0
2018,Rowan,12,8,1.5
2018,Avery,11,42,0.262
2018,Azariah,10,10,1.0
2018,Blake,10,8,1.25
2018,Parker,10,5,2.0
2018,Riley,10,31,0.323
2018,Ariel,9,17,0.529
2018,Charlie,8,10,0.8
2018,Amari,7,10,0.7
2018,Dakota,7,6,1.167
2018,Hayden,5,8,0.625
2019,Jayden,49,5,9.8
2019,Angel,47,7,6.714
2019,Avery,12,37,0.324
2019,Riley,10,28,0.357
2019,Amari,8,15,0.533
2019,Eden,8,11,0.727
2019,Parker,8,5,1.6
2019,River,8,5,1.6
2019,Sage,8,6,1.333
2019,Ariel,7,21,0.333
2019,Azariah,7,10,0.7
2019,Charlie,7,10,0.7
2019,Phoenix,7,5,1.4
2019,Alexis,5,8,0.625
2020,Ezra,53,5,10.6
2020,Angel,32,7,4.571
2020,Dylan,28,5,5.6
2020,Ryan,27,6,4.5
2020,Azariah,21,6,3.5
2020,River,17,6,2.833
2020,Rowan,17,6,2.833
2020,Parker,14,7,2.0
2020,Avery,12,23,0.522
2020,Hayden,12,7,1.714
2020,Armani,9,6,1.5
2020,Phoenix,8,5,1.6
2020,Remington,8,5,1.6
2020,Riley,8,23,0.348
2020,Sage,8,9,0.889
2020,Charlie,7,11,0.636
2020,Alexis,5,7,0.714
2020,Amari,5,10,0.5
2021,Angel,29,7,4.143
2021,Jordan,16,7,2.286
2021,Avery,14,25,0.56
2021,River,13,11,1.182
2021,Azariah,10,5,2.0
2021,Dakota,9,8,1.125
2021,Oakley,9,10,0.9
2021,Charlie,8,9,0.889
2021,Eden,8,10,0.8
2021,Sage,6,10,0.6
2021,Amari,5,14,0.357
2021,Remi,5,10,0.5
2021,Santana,5,6,0.833
