YOB,Name,mFrequency,fFrequency,mForF
1946,Terry,11,6,1.833
1947,Terry,16,6,2.667
1947,Lee,8,5,1.6
1947,Lynn,5,10,0.5
1948,Leslie,6,5,1.2
1949,Terry,10,11,0.909
1950,Terry,10,5,2.0
1951,Terry,13,10,1.3
1952,Terry,16,9,1.778
1953,Terry,23,8,2.875
1953,Leslie,7,15,0.467
1954,Terry,14,20,0.7
1954,Kim,6,7,0.857
1954,Robin,6,10,0.6
1955,Terry,23,15,1.533
1955,Kim,6,15,0.4
1955,Lynn,6,6,1.0
1956,Terry,28,14,2.0
1956,Kim,10,20,0.5
1956,Leslie,9,11,0.818
1956,Robin,8,24,0.333
1957,Terry,22,16,1.375
1957,Leslie,9,16,0.562
1957,Kelly,8,7,1.143
1957,Lee,7,5,1.4
1957,Tracy,6,6,1.0
1957,Kim,5,24,0.208
1958,Terry,23,11,2.091
1958,Kelly,10,18,0.556
1958,Lee,8,5,1.6
1958,Robin,7,14,0.5
1959,Terry,14,11,1.273
1959,Dana,8,7,1.143
1959,Kelly,8,20,0.4
1959,Robin,8,19,0.421
1959,Tracy,7,5,1.4
1960,Terry,21,15,1.4
1960,Kelly,9,24,0.375
1960,Dana,6,7,0.857
1960,Robin,5,26,0.192
1960,Tracy,5,13,0.385
1961,Terry,22,5,4.4
1961,Chris,19,5,3.8
1961,Kelly,10,28,0.357
1961,Tracy,8,20,0.4
1961,Kim,6,25,0.24
1961,Robin,5,19,0.263
1961,Shawn,5,6,0.833
1962,Chris,23,6,3.833
1962,Kelly,15,27,0.556
1962,Terry,10,9,1.111
1962,Kim,5,35,0.143
1963,Michael,169,5,33.8
1963,Terry,23,11,2.091
1963,Shawn,16,7,2.286
1963,Kelly,15,31,0.484
1963,Tracy,9,33,0.273
1963,Dana,7,17,0.412
1963,Leslie,7,23,0.304
1963,Kim,5,42,0.119
1964,Shawn,13,7,1.857
1964,Kelly,9,43,0.209
1964,Tracy,9,41,0.22
1964,Robin,6,33,0.182
1964,Kim,5,25,0.2
1964,Leslie,5,18,0.278
1965,Shawn,36,8,4.5
1965,Kelly,19,25,0.76
1965,Terry,19,6,3.167
1965,Lee,9,5,1.8
1965,Tracy,8,36,0.222
1965,Shannon,7,14,0.5
1965,Dana,6,12,0.5
1965,Leslie,5,19,0.263
1966,Shawn,30,7,4.286
1966,Kelly,25,34,0.735
1966,Lee,11,5,2.2
1966,Tracy,10,39,0.256
1966,Dana,6,22,0.273
1966,Kim,6,21,0.286
1967,Kelly,20,24,0.833
1967,Tracy,14,30,0.467
1967,Dana,10,15,0.667
1967,Stacy,6,11,0.545
1967,Jody,5,7,0.714
1968,Kelly,13,32,0.406
1968,Stacy,11,19,0.579
1968,Tracy,9,29,0.31
1968,Shannon,6,33,0.182
1969,Shawn,30,5,6.0
1969,Kelly,17,32,0.531
1969,Shannon,15,53,0.283
1969,Tracy,6,31,0.194
1970,Shawn,29,10,2.9
1970,Kelly,10,26,0.385
1970,Dana,9,12,0.75
1970,Jamie,7,15,0.467
1971,Shawn,39,5,7.8
1971,Tracy,15,27,0.556
1971,Kelly,12,25,0.48
1971,Jamie,7,8,0.875
1971,Shannon,6,54,0.111
1971,Leslie,5,13,0.385
1972,Kelly,10,15,0.667
1972,Tracy,6,30,0.2
1972,Jamie,5,10,0.5
1972,Shannon,5,38,0.132
1973,Jamie,10,14,0.714
1973,Tracy,10,19,0.526
1973,Kelly,6,25,0.24
1974,Jamie,9,15,0.6
1974,Kelly,7,14,0.5
1974,Dana,5,9,0.556
1974,Robin,5,17,0.294
1975,Kelly,9,27,0.333
1975,Jamie,5,24,0.208
1976,Kelly,11,31,0.355
1977,Casey,10,6,1.667
1977,Jaime,7,18,0.389
1977,Kelly,7,35,0.2
1978,Casey,10,5,2.0
1978,Kelly,9,40,0.225
1978,Jamie,7,49,0.143
1979,Ryan,86,5,17.2
1979,Casey,19,9,2.111
1979,Jamie,9,52,0.173
1979,Kelly,8,28,0.286
1979,Jessie,7,7,1.0
1979,Robin,5,10,0.5
1980,Jaime,6,24,0.25
1980,Jamie,6,67,0.09
1980,Ashley,5,14,0.357
1981,Shawn,24,5,4.8
1981,Casey,21,8,2.625
1981,Kelly,10,42,0.238
1981,Jaime,7,10,0.7
1981,Jessie,5,8,0.625
1981,Robin,5,11,0.455
1982,Morgan,8,10,0.8
1982,Taylor,8,5,1.6
1982,Jamie,7,63,0.111
1983,Casey,22,7,3.143
1983,Kelly,6,28,0.214
1983,Courtney,5,18,0.278
1984,Casey,26,16,1.625
1984,Kelly,7,34,0.206
1984,Morgan,7,7,1.0
1984,Taylor,7,6,1.167
1984,Jaime,5,13,0.385
1985,Ryan,139,6,23.167
1985,Casey,24,14,1.714
1985,Taylor,21,6,3.5
1985,Jamie,9,56,0.161
1985,Kelly,8,38,0.211
1985,Jessie,7,7,1.0
1985,Jaime,6,8,0.75
1986,Casey,27,11,2.455
1986,Jordan,26,14,1.857
1986,Devin,15,5,3.0
1986,Adrian,12,5,2.4
1986,Taylor,11,8,1.375
1986,Jaime,7,5,1.4
1986,Jessie,6,9,0.667
1986,Angel,5,6,0.833
1986,Robin,5,12,0.417
1987,Jordan,43,7,6.143
1987,Casey,23,15,1.533
1987,Taylor,10,18,0.556
1987,Jaime,7,7,1.0
1987,Kelly,7,31,0.226
1987,Jessie,6,5,1.2
1987,Jamie,5,44,0.114
1988,Jordan,39,10,3.9
1988,Alex,31,5,6.2
1988,Casey,23,10,2.3
1988,Taylor,13,12,1.083
1988,Jamie,7,36,0.194
1988,Jessie,6,8,0.75
1989,Jordan,66,27,2.444
1989,Taylor,29,26,1.115
1989,Casey,23,16,1.438
1989,Jessie,8,8,1.0
1989,Angel,6,9,0.667
1989,Jamie,5,40,0.125
1989,Kelly,5,27,0.185
1989,Morgan,5,18,0.278
1990,Ryan,172,5,34.4
1990,Jordan,74,38,1.947
1990,Taylor,60,56,1.071
1990,Christian,52,10,5.2
1990,Alex,40,5,8.0
1990,Casey,34,11,3.091
1990,Devin,17,8,2.125
1990,Angel,11,7,1.571
1990,Alexis,9,41,0.22
1990,Jaime,7,11,0.636
1990,Morgan,7,30,0.233
1990,Jamie,6,39,0.154
1991,Jordan,99,50,1.98
1991,Taylor,60,67,0.896
1991,Unknown,25,21,1.19
1991,Devin,24,14,1.714
1991,Casey,23,16,1.438
1991,Angel,11,9,1.222
1991,Devon,10,8,1.25
1991,Jaime,9,7,1.286
1991,Jessie,9,9,1.0
1991,Dominique,7,7,1.0
1991,Alexis,6,61,0.098
1991,Ariel,5,41,0.122
1991,Jamie,5,41,0.122
1991,Kelly,5,28,0.179
1991,Morgan,5,25,0.2
1992,Tyler,184,8,23.0
1992,Jordan,93,31,3.0
1992,Taylor,50,96,0.521
1992,Casey,33,19,1.737
1992,Devin,31,5,6.2
1992,Unknown,30,21,1.429
1992,Angel,21,8,2.625
1992,Jessie,13,9,1.444
1992,Kelly,13,21,0.619
1992,Alexis,10,72,0.139
1992,Dominique,9,9,1.0
1992,Morgan,7,40,0.175
1992,Jamie,6,35,0.171
1992,Mackenzie,6,12,0.5
1992,Dallas,5,7,0.714
1992,Kasey,5,5,1.0
1993,Tyler,165,7,23.571
1993,Jordan,118,51,2.314
1993,Jesse,60,5,12.0
1993,Taylor,50,140,0.357
1993,Casey,31,11,2.818
1993,Dakota,31,9,3.444
1993,Angel,27,11,2.455
1993,Devon,20,6,3.333
1993,Unknown,19,14,1.357
1993,Dallas,10,7,1.429
1993,Alexis,9,84,0.107
1993,Dominique,9,12,0.75
1993,Jessie,6,12,0.5
1993,Jamie,5,23,0.217
1993,Kelly,5,21,0.238
1993,Kendall,5,6,0.833
1993,Morgan,5,39,0.128
1994,Tyler,188,6,31.333
1994,Jordan,115,50,2.3
1994,Devin,47,10,4.7
1994,Logan,46,5,9.2
1994,Taylor,38,164,0.232
1994,Dakota,35,11,3.182
1994,Hunter,29,11,2.636
1994,Casey,21,8,2.625
1994,Angel,20,5,4.0
1994,Alexis,13,102,0.127
1994,Devon,13,5,2.6
1994,Jessie,11,12,0.917
1994,Riley,11,8,1.375
1994,Dominique,9,21,0.429
1994,Morgan,8,43,0.186
1994,Harley,7,5,1.4
1994,Darian,6,7,0.857
1994,Kendall,6,11,0.545
1994,Sidney,6,7,0.857
1995,Tyler,198,10,19.8
1995,Jordan,91,47,1.936
1995,Dakota,53,7,7.571
1995,Hunter,37,5,7.4
1995,Angel,33,10,3.3
1995,Taylor,31,160,0.194
1995,Casey,26,17,1.529
1995,Devon,26,5,5.2
1995,Tristan,26,5,5.2
1995,Alexis,19,113,0.168
1995,Chandler,15,8,1.875
1995,Riley,12,12,1.0
1995,Darian,10,5,2.0
1995,Drew,10,5,2.0
1995,Morgan,9,48,0.188
1995,Dallas,8,11,0.727
1995,Jaime,7,6,1.167
1995,Kendall,7,8,0.875
1995,Skylar,7,8,0.875
1995,Ariel,6,8,0.75
1995,Justice,6,7,0.857
1995,Mackenzie,6,24,0.25
1995,Bailey,5,28,0.179
1995,Jessie,5,11,0.455
1995,Unknown,5,6,0.833
1996,Tyler,171,13,13.154
1996,Ryan,134,5,26.8
1996,Jordan,118,37,3.189
1996,Hunter,53,8,6.625
1996,Alex,47,5,9.4
1996,Dakota,47,11,4.273
1996,Taylor,43,119,0.361
1996,Angel,42,14,3.0
1996,Spencer,25,5,5.0
1996,Alexis,22,110,0.2
1996,Casey,22,17,1.294
1996,Riley,20,8,2.5
1996,Bailey,14,23,0.609
1996,Skyler,13,9,1.444
1996,Morgan,10,44,0.227
1996,Dallas,9,13,0.692
1996,Drew,7,6,1.167
1996,Jessie,7,11,0.636
1996,Payton,6,5,1.2
1996,Guadalupe,5,14,0.357
1996,Skylar,5,5,1.0
1997,Tyler,169,6,28.167
1997,Jordan,108,53,2.038
1997,Logan,67,5,13.4
1997,Angel,56,14,4.0
1997,Hunter,54,6,9.0
1997,Alexis,40,127,0.315
1997,Devin,31,7,4.429
1997,Taylor,29,154,0.188
1997,Dakota,28,15,1.867
1997,Riley,22,17,1.294
1997,Casey,18,10,1.8
1997,Bailey,17,35,0.486
1997,Skyler,15,7,2.143
1997,Dominique,8,19,0.421
1997,Skylar,8,9,0.889
1997,Ashton,7,5,1.4
1997,Jessie,7,9,0.778
1997,Guadalupe,6,23,0.261
1997,Morgan,6,61,0.098
1997,Jamie,5,21,0.238
1997,Kasey,5,6,0.833
1998,Tyler,173,8,21.625
1998,Jordan,107,50,2.14
1998,Cameron,84,12,7.0
1998,Logan,57,10,5.7
1998,Hunter,53,15,3.533
1998,Angel,48,17,2.824
1998,Dakota,45,11,4.091
1998,Alexis,35,140,0.25
1998,Riley,27,14,1.929
1998,Devon,20,5,4.0
1998,Taylor,20,130,0.154
1998,Chandler,18,5,3.6
1998,Bailey,17,34,0.5
1998,Skyler,16,11,1.455
1998,Casey,13,7,1.857
1998,Morgan,9,53,0.17
1998,Jessie,8,5,1.6
1998,Ashton,7,6,1.167
1998,Avery,6,7,0.857
1998,Darian,6,6,1.0
1998,Payton,6,7,0.857
1998,Skylar,6,13,0.462
1998,Addison,5,5,1.0
1998,Harley,5,6,0.833
1999,Tyler,183,14,13.071
1999,Ryan,155,7,22.143
1999,Jordan,111,37,3.0
1999,Angel,85,16,5.312
1999,Hunter,71,15,4.733
1999,Cameron,68,10,6.8
1999,Logan,50,6,8.333
1999,Devin,44,5,8.8
1999,Dakota,39,7,5.571
1999,Alexis,37,119,0.311
1999,Riley,26,17,1.529
1999,Jaden,20,8,2.5
1999,Taylor,20,141,0.142
1999,Bailey,18,45,0.4
1999,Jaime,18,5,3.6
1999,Casey,16,12,1.333
1999,Jayden,13,5,2.6
1999,Skyler,12,12,1.0
1999,Morgan,11,50,0.22
1999,Micah,10,6,1.667
1999,Avery,8,6,1.333
1999,Justice,7,8,0.875
1999,Ariel,6,9,0.667
1999,Jessie,6,7,0.857
1999,Kendall,6,7,0.857
1999,Payton,6,8,0.75
1999,Sage,6,7,0.857
1999,Peyton,5,9,0.556
2000,Tyler,181,6,30.167
2000,Angel,118,13,9.077
2000,Hunter,88,14,6.286
2000,Jordan,88,30,2.933
2000,Cameron,82,8,10.25
2000,Alexis,42,129,0.326
2000,Dakota,30,11,2.727
2000,Jaden,21,5,4.2
2000,Parker,20,5,4.0
2000,Riley,20,16,1.25
2000,Jayden,19,6,3.167
2000,Skyler,19,19,1.0
2000,Payton,15,10,1.5
2000,Taylor,15,120,0.125
2000,Dallas,13,5,2.6
2000,Peyton,12,12,1.0
2000,Skylar,8,25,0.32
2000,Casey,7,9,0.778
2000,Bailey,6,36,0.167
2000,Avery,5,6,0.833
2001,Logan,119,6,19.833
2001,Angel,108,23,4.696
2001,Jordan,91,40,2.275
2001,Hunter,83,11,7.545
2001,Jaden,34,7,4.857
2001,Alexis,27,118,0.229
2001,Dakota,23,10,2.3
2001,Jayden,22,9,2.444
2001,Riley,20,16,1.25
2001,Casey,17,5,3.4
2001,Taylor,16,100,0.16
2001,Ashton,15,5,3.0
2001,Skyler,13,8,1.625
2001,Drew,10,6,1.667
2001,Morgan,8,63,0.127
2001,Peyton,8,14,0.571
2001,Reese,8,6,1.333
2001,Kendall,7,7,1.0
2001,Payton,7,13,0.538
2001,Bailey,6,33,0.182
2001,Skylar,6,15,0.4
2001,Avery,5,6,0.833
2002,Ryan,129,13,9.923
2002,Angel,128,22,5.818
2002,Dylan,107,6,17.833
2002,Jordan,94,36,2.611
2002,Logan,82,5,16.4
2002,Cameron,78,5,15.6
2002,Jayden,47,7,6.714
2002,Jaden,39,13,3.0
2002,Alexis,24,121,0.198
2002,Dakota,22,5,4.4
2002,Riley,22,28,0.786
2002,Skyler,19,20,0.95
2002,Taylor,17,92,0.185
2002,Payton,12,9,1.333
2002,Morgan,10,43,0.233
2002,Avery,7,10,0.7
2002,Jaiden,7,5,1.4
2002,Reese,7,6,1.167
2002,Bailey,6,26,0.231
2002,Justice,6,11,0.545
2002,Peyton,6,11,0.545
2002,Dominique,5,8,0.625
2002,Jade,5,54,0.093
2002,Skylar,5,17,0.294
2003,Tyler,161,6,26.833
2003,Angel,156,33,4.727
2003,Dylan,133,5,26.6
2003,Logan,97,9,10.778
2003,Jordan,89,38,2.342
2003,Jayden,57,11,5.182
2003,Cameron,55,6,9.167
2003,Jaden,43,18,2.389
2003,Alexis,39,129,0.302
2003,Riley,32,38,0.842
2003,Skyler,15,5,3.0
2003,Taylor,12,72,0.167
2003,Payton,8,8,1.0
2003,Peyton,8,13,0.615
2003,Morgan,7,43,0.163
2003,Justice,6,7,0.857
2003,Ariel,5,12,0.417
2003,Quinn,5,6,0.833
2003,Reagan,5,7,0.714
2003,Reese,5,6,0.833
2003,Skylar,5,13,0.385
2004,Angel,179,25,7.16
2004,Tyler,138,5,27.6
2004,Dylan,117,5,23.4
2004,Jordan,85,34,2.5
2004,Jayden,71,18,3.944
2004,Hunter,69,5,13.8
2004,Alexis,64,90,0.711
2004,Cameron,52,10,5.2
2004,Jaden,48,10,4.8
2004,Hayden,40,5,8.0
2004,Riley,24,38,0.632
2004,Jaiden,15,9,1.667
2004,Peyton,15,17,0.882
2004,Skyler,14,9,1.556
2004,Taylor,14,69,0.203
2004,Dakota,13,8,1.625
2004,Morgan,9,39,0.231
2004,Payton,9,15,0.6
2004,Avery,8,32,0.25
2004,Ariel,6,17,0.353
2004,Amari,5,7,0.714
2004,Kendall,5,14,0.357
2005,Angel,207,12,17.25
2005,Ryan,148,10,14.8
2005,Dylan,117,8,14.625
2005,Logan,113,7,16.143
2005,Jordan,104,30,3.467
2005,Jayden,73,19,3.842
2005,Cameron,68,6,11.333
2005,Alexis,42,92,0.457
2005,Riley,40,36,1.111
2005,Hayden,39,5,7.8
2005,Jaden,36,9,4.0
2005,Dakota,28,15,1.867
2005,Taylor,15,66,0.227
2005,Jaiden,14,7,2.0
2005,Peyton,14,22,0.636
2005,Avery,10,21,0.476
2005,Justice,9,5,1.8
2005,Morgan,8,41,0.195
2005,Payton,8,19,0.421
2005,Phoenix,8,5,1.6
2005,Rowan,8,5,1.6
2005,Casey,7,5,1.4
2005,Amari,6,8,0.75
2005,Bailey,5,29,0.172
2005,Guadalupe,5,17,0.294
2005,Jadyn,5,13,0.385
2005,Sage,5,14,0.357
2005,Skylar,5,14,0.357
2006,Angel,237,25,9.48
2006,Tyler,154,5,30.8
2006,Logan,96,5,19.2
2006,Jordan,89,31,2.871
2006,Hunter,75,7,10.714
2006,Jayden,73,18,4.056
2006,Cameron,51,6,8.5
2006,Hayden,49,10,4.9
2006,Alexis,47,94,0.5
2006,Jaden,47,10,4.7
2006,Riley,36,40,0.9
2006,Peyton,26,21,1.238
2006,Parker,24,5,4.8
2006,Drew,20,5,4.0
2006,Kayden,17,6,2.833
2006,Jaiden,16,6,2.667
2006,Avery,14,28,0.5
2006,Skyler,14,17,0.824
2006,Taylor,13,65,0.2
2006,Quinn,9,7,1.286
2006,Jaeden,8,5,1.6
2006,Payton,8,15,0.533
2006,Reese,8,14,0.571
2006,Dakota,7,17,0.412
2006,Morgan,7,49,0.143
2006,Ariel,5,15,0.333
2006,Jaidyn,5,11,0.455
2006,Rylee,5,35,0.143
2006,Skylar,5,17,0.294
2007,Angel,234,13,18.0
2007,Jayden,137,18,7.611
2007,Ryan,136,12,11.333
2007,Logan,121,9,13.444
2007,Jordan,113,31,3.645
2007,Cameron,57,8,7.125
2007,Jaden,57,11,5.182
2007,Hunter,56,5,11.2
2007,Alexis,42,96,0.438
2007,Riley,37,42,0.881
2007,Hayden,31,20,1.55
2007,Parker,30,6,5.0
2007,Micah,24,5,4.8
2007,Jaiden,20,7,2.857
2007,Peyton,19,21,0.905
2007,Skyler,18,9,2.0
2007,Casey,14,6,2.333
2007,Quinn,13,5,2.6
2007,Taylor,13,66,0.197
2007,Avery,12,36,0.333
2007,Dakota,9,12,0.75
2007,Reese,8,14,0.571
2007,Zion,8,5,1.6
2007,Morgan,6,31,0.194
2007,Ocean,6,5,1.2
2007,Skylar,6,14,0.429
2007,Jessie,5,8,0.625
2007,Payton,5,21,0.238
2007,Skye,5,9,0.556
2008,Angel,180,13,13.846
2008,Jayden,140,23,6.087
2008,Ryan,119,11,10.818
2008,Logan,112,5,22.4
2008,Dylan,101,7,14.429
2008,Jordan,69,23,3.0
2008,Cameron,63,7,9.0
2008,Jaden,48,6,8.0
2008,Riley,48,39,1.231
2008,Hayden,38,33,1.152
2008,Alexis,35,97,0.361
2008,Parker,30,7,4.286
2008,Peyton,20,29,0.69
2008,Sawyer,16,5,3.2
2008,Taylor,16,51,0.314
2008,Dakota,14,7,2.0
2008,Avery,12,38,0.316
2008,Amari,9,10,0.9
2008,River,9,6,1.5
2008,London,8,26,0.308
2008,Payton,7,31,0.226
2008,Rowan,7,8,0.875
2008,Justice,6,8,0.75
2008,Harley,5,7,0.714
2008,Jaylin,5,5,1.0
2008,Jessie,5,6,0.833
2008,Reese,5,18,0.278
2008,Sage,5,5,1.0
2009,Jayden,164,20,8.2
2009,Angel,158,16,9.875
2009,Logan,143,5,28.6
2009,Dylan,106,8,13.25
2009,Jordan,94,24,3.917
2009,Cameron,44,6,7.333
2009,Hayden,39,10,3.9
2009,Alexis,34,85,0.4
2009,Parker,32,5,6.4
2009,Riley,31,38,0.816
2009,Avery,16,42,0.381
2009,Skyler,15,8,1.875
2009,Taylor,14,52,0.269
2009,Peyton,11,54,0.204
2009,Quinn,11,6,1.833
2009,Payton,10,21,0.476
2009,Phoenix,10,5,2.0
2009,River,9,7,1.286
2009,Dakota,8,10,0.8
2009,Dallas,7,5,1.4
2009,London,7,16,0.438
2009,Morgan,7,30,0.233
2009,Rylee,7,31,0.226
2009,Skylar,7,12,0.583
2009,Charlie,6,8,0.75
2009,Eden,5,9,0.556
2009,Frankie,5,6,0.833
2009,Harley,5,8,0.625
2009,Jordyn,5,21,0.238
2010,Jayden,188,16,11.75
2010,Angel,142,7,20.286
2010,Dylan,96,7,13.714
2010,Ryan,94,7,13.429
2010,Jordan,85,14,6.071
2010,Hunter,51,5,10.2
2010,Parker,38,12,3.167
2010,Cameron,34,7,4.857
2010,Riley,33,44,0.75
2010,Kayden,32,6,5.333
2010,Hayden,31,15,2.067
2010,Alexis,27,69,0.391
2010,Maddox,22,5,4.4
2010,Peyton,12,38,0.316
2010,Quinn,12,10,1.2
2010,Amari,11,6,1.833
2010,Avery,11,31,0.355
2010,Charlie,10,7,1.429
2010,Skyler,10,6,1.667
2010,Taylor,10,54,0.185
2010,Jessie,8,5,1.6
2010,London,8,14,0.571
2010,Payton,7,27,0.259
2010,Dakota,6,9,0.667
2010,Harley,6,8,0.75
2010,Jordyn,6,30,0.2
2010,Amani,5,5,1.0
2010,Justice,5,10,0.5
2010,Rylee,5,31,0.161
2010,Sage,5,11,0.455
2010,Skylar,5,5,1.0
2011,Jayden,174,16,10.875
2011,Angel,129,14,9.214
2011,Logan,108,7,15.429
2011,Dylan,105,6,17.5
2011,Ryan,88,6,14.667
2011,Jordan,87,10,8.7
2011,Cameron,54,6,9.0
2011,Hunter,47,5,9.4
2011,Hayden,41,9,4.556
2011,Parker,35,8,4.375
2011,Kayden,27,6,4.5
2011,Riley,27,49,0.551
2011,Alexis,23,48,0.479
2011,Charlie,15,6,2.5
2011,Sawyer,15,5,3.0
2011,Peyton,13,37,0.351
2011,Avery,11,50,0.22
2011,Justice,9,6,1.5
2011,Skyler,9,5,1.8
2011,Taylor,9,34,0.265
2011,Dakota,8,11,0.727
2011,Emerson,5,5,1.0
2011,Harley,5,7,0.714
2011,Jordyn,5,18,0.278
2011,Quinn,5,9,0.556
2012,Jayden,169,8,21.125
2012,Angel,116,12,9.667
2012,Logan,116,7,16.571
2012,Jordan,82,12,6.833
2012,Ryan,66,7,9.429
2012,Blake,43,5,8.6
2012,Parker,38,9,4.222
2012,Kayden,31,5,6.2
2012,Kai,24,6,4.0
2012,Hayden,23,18,1.278
2012,Riley,23,34,0.676
2012,Alexis,19,48,0.396
2012,Peyton,15,37,0.405
2012,Avery,11,52,0.212
2012,Charlie,10,13,0.769
2012,Dakota,10,15,0.667
2012,Quinn,10,18,0.556
2012,Skyler,10,7,1.429
2012,Rowan,7,5,1.4
2012,Taylor,7,39,0.179
2012,Teagan,7,11,0.636
2012,Eden,6,8,0.75
2012,Jaylin,6,6,1.0
2012,London,6,19,0.316
2012,Harper,5,43,0.116
2012,Morgan,5,16,0.312
2013,Jayden,157,11,14.273
2013,Angel,120,9,13.333
2013,Dylan,84,11,7.636
2013,Jordan,63,9,7.0
2013,Parker,54,7,7.714
2013,Blake,49,5,9.8
2013,Sawyer,26,5,5.2
2013,Hayden,15,16,0.938
2013,Riley,14,41,0.341
2013,Skyler,14,5,2.8
2013,Alexis,13,38,0.342
2013,Avery,13,71,0.183
2013,Rylan,13,5,2.6
2013,Peyton,12,26,0.462
2013,River,12,10,1.2
2013,Charlie,11,13,0.846
2013,Quinn,10,26,0.385
2013,Justice,9,12,0.75
2013,Taylor,9,29,0.31
2013,Emerson,8,5,1.6
2013,Quincy,8,5,1.6
2013,Tatum,8,13,0.615
2013,Dakota,7,9,0.778
2013,Dallas,6,6,1.0
2013,Reese,6,15,0.4
2013,Eden,5,11,0.455
2013,Payton,5,17,0.294
2013,Rowan,5,6,0.833
2014,Jayden,154,5,30.8
2014,Logan,130,5,26.0
2014,Dylan,96,6,16.0
2014,Jordan,79,11,7.182
2014,Ryan,69,9,7.667
2014,Carter,60,5,12.0
2014,Parker,53,8,6.625
2014,Hayden,25,9,2.778
2014,Charlie,17,11,1.545
2014,Riley,17,39,0.436
2014,Avery,16,53,0.302
2014,Alexis,14,39,0.359
2014,Rylan,10,6,1.667
2014,Skyler,10,12,0.833
2014,Phoenix,9,12,0.75
2014,Royal,9,6,1.5
2014,Amari,8,5,1.6
2014,Peyton,8,35,0.229
2014,Emerson,7,6,1.167
2014,River,7,5,1.4
2014,Eden,6,21,0.286
2014,Frankie,6,5,1.2
2014,Harley,6,9,0.667
2014,Justice,6,6,1.0
2014,Remy,6,5,1.2
2014,Dakota,5,11,0.455
2014,Milan,5,6,0.833
2014,Payton,5,20,0.25
2015,Jayden,141,5,28.2
2015,Angel,109,14,7.786
2015,Dylan,97,6,16.167
2015,Carter,72,5,14.4
2015,Cameron,56,6,9.333
2015,Jordan,52,12,4.333
2015,Parker,39,11,3.545
2015,Kai,36,5,7.2
2015,Blake,35,7,5.0
2015,Sawyer,33,12,2.75
2015,Rowan,19,6,3.167
2015,Avery,17,63,0.27
2015,Hayden,17,13,1.308
2015,River,15,6,2.5
2015,Amari,13,6,2.167
2015,Dallas,13,7,1.857
2015,Riley,13,56,0.232
2015,Alexis,12,30,0.4
2015,Charlie,12,13,0.923
2015,Lennox,11,5,2.2
2015,Skyler,11,13,0.846
2015,Justice,10,8,1.25
2015,Quinn,10,28,0.357
2015,Emerson,9,5,1.8
2015,Peyton,9,27,0.333
2015,Phoenix,9,8,1.125
2015,Ariel,8,46,0.174
2015,Milan,8,5,1.6
2015,Eden,7,19,0.368
2015,Lennon,7,5,1.4
2015,London,7,25,0.28
2015,Tatum,7,7,1.0
2015,Finley,6,5,1.2
2015,Frankie,6,5,1.2
2015,Lyric,6,17,0.353
2015,Morgan,5,16,0.312
2015,Rylee,5,22,0.227
2015,Taylor,5,29,0.172
2016,Angel,99,8,12.375
2016,Logan,98,6,16.333
2016,Dylan,89,5,17.8
2016,Carter,74,8,9.25
2016,Cameron,52,5,10.4
2016,Jordan,52,11,4.727
2016,Ryan,51,7,7.286
2016,Parker,33,16,2.062
2016,Blake,29,6,4.833
2016,Sawyer,26,6,4.333
2016,Tyler,22,5,4.4
2016,Avery,21,67,0.313
2016,Royal,18,7,2.571
2016,Hayden,16,15,1.067
2016,Amari,15,6,2.5
2016,Charlie,12,14,0.857
2016,Alexis,11,30,0.367
2016,Skyler,11,5,2.2
2016,Riley,10,47,0.213
2016,River,10,13,0.769
2016,Dakota,9,15,0.6
2016,Emerson,9,16,0.562
2016,Milan,9,5,1.8
2016,Rowan,9,5,1.8
2016,Dallas,8,6,1.333
2016,Eden,8,13,0.615
2016,Remy,8,6,1.333
2016,Ariel,7,26,0.269
2016,Armani,7,5,1.4
2016,Quinn,7,36,0.194
2016,Emery,6,24,0.25
2016,Finley,6,8,0.75
2016,Tatum,6,7,0.857
2016,Lennox,5,7,0.714
2016,London,5,31,0.161
2016,Taylor,5,34,0.147
2017,Logan,135,10,13.5
2017,Dylan,77,10,7.7
2017,Carter,68,6,11.333
2017,Ryan,57,7,8.143
2017,Jordan,50,6,8.333
2017,Parker,36,9,4.0
2017,Avery,26,68,0.382
2017,Blake,23,6,3.833
2017,Sawyer,20,9,2.222
2017,Maxwell,16,5,3.2
2017,River,16,5,3.2
2017,Rowan,16,8,2.0
2017,Hayden,15,12,1.25
2017,Karter,14,6,2.333
2017,Charlie,13,18,0.722
2017,Phoenix,12,8,1.5
2017,Alexis,11,18,0.611
2017,Sage,11,9,1.222
2017,Skyler,11,6,1.833
2017,Riley,9,44,0.205
2017,Taylor,9,21,0.429
2017,Ariel,8,26,0.308
2017,Lennox,8,5,1.6
2017,Quincy,8,6,1.333
2017,Remi,7,12,0.583
2017,Remy,7,7,1.0
2017,Dakota,6,11,0.545
2017,Eden,6,8,0.75
2017,Kennedy,6,28,0.214
2017,Emerson,5,8,0.625
2017,Peyton,5,29,0.172
2017,Quinn,5,31,0.161
2017,Reign,5,5,1.0
2018,Logan,112,15,7.467
2018,Angel,67,12,5.583
2018,Dylan,67,5,13.4
2018,Parker,27,9,3.0
2018,Avery,26,51,0.51
2018,Sawyer,23,12,1.917
2018,Rowan,22,15,1.467
2018,Amari,19,5,3.8
2018,Phoenix,19,13,1.462
2018,Blake,17,13,1.308
2018,Charlie,16,19,0.842
2018,Remington,14,6,2.333
2018,Riley,13,55,0.236
2018,Hayden,12,5,2.4
2018,Lennox,12,6,2.0
2018,Alexis,10,12,0.833
2018,Royal,10,5,2.0
2018,Dakota,9,11,0.818
2018,Emerson,9,8,1.125
2018,River,9,19,0.474
2018,Rylan,8,5,1.6
2018,Skyler,8,6,1.333
2018,Eden,7,22,0.318
2018,Lennon,7,9,0.778
2018,Ariel,6,22,0.273
2018,Harley,6,13,0.462
2018,Jamie,6,9,0.667
2018,Quincy,6,5,1.2
2018,Sage,6,8,0.75
2018,Shiloh,6,5,1.2
2018,Ari,5,5,1.0
2018,London,5,15,0.333
2018,Remy,5,6,0.833
2018,Tatum,5,5,1.0
2019,Logan,93,10,9.3
2019,Angel,75,13,5.769
2019,Dylan,70,9,7.778
2019,Carter,57,6,9.5
2019,Cameron,48,5,9.6
2019,Ryan,46,7,6.571
2019,Jordan,45,7,6.429
2019,Alex,30,5,6.0
2019,Rowan,27,8,3.375
2019,Parker,26,16,1.625
2019,Sawyer,24,8,3.0
2019,Karter,23,6,3.833
2019,Blake,22,12,1.833
2019,River,19,14,1.357
2019,Amari,18,9,2.0
2019,Avery,17,37,0.459
2019,Charlie,16,19,0.842
2019,Phoenix,16,19,0.842
2019,Riley,16,45,0.356
2019,Elliot,15,5,3.0
2019,Hayden,14,16,0.875
2019,Dallas,12,6,2.0
2019,Sage,11,10,1.1
2019,Dakota,9,8,1.125
2019,Quincy,9,5,1.8
2019,Quinn,9,31,0.29
2019,Reign,9,10,0.9
2019,Alexis,8,17,0.471
2019,Armani,8,7,1.143
2019,London,8,28,0.286
2019,Ariel,6,28,0.214
2019,Eden,6,15,0.4
2019,Tatum,6,10,0.6
2019,Legacy,5,9,0.556
2019,Lennon,5,8,0.625
2019,Oakley,5,9,0.556
2020,Logan,88,9,9.778
2020,Ezra,86,5,17.2
2020,Angel,64,5,12.8
2020,Dylan,64,9,7.111
2020,Carter,60,5,12.0
2020,Kai,44,8,5.5
2020,Ryan,29,8,3.625
2020,Parker,26,12,2.167
2020,Amari,22,5,4.4
2020,Rowan,22,7,3.143
2020,Emerson,21,7,3.0
2020,Elliott,19,5,3.8
2020,River,19,11,1.727
2020,Hayden,18,7,2.571
2020,Phoenix,18,13,1.385
2020,August,15,5,3.0
2020,Riley,15,53,0.283
2020,Avery,13,43,0.302
2020,Blake,13,10,1.3
2020,Lennox,13,5,2.6
2020,Remy,12,5,2.4
2020,Sage,12,18,0.667
2020,Alexis,10,8,1.25
2020,Remington,10,13,0.769
2020,Eden,9,16,0.562
2020,Charlie,8,23,0.348
2020,Frankie,7,8,0.875
2020,Reign,7,18,0.389
2020,Ariel,6,16,0.375
2020,Quinn,6,28,0.214
2020,Dior,5,9,0.556
2020,Finley,5,6,0.833
2020,Lyric,5,5,1.0
2021,Logan,91,8,11.375
2021,Dylan,50,5,10.0
2021,Kai,47,6,7.833
2021,Carter,41,5,8.2
2021,Parker,25,19,1.316
2021,Hayden,23,11,2.091
2021,Amari,21,8,2.625
2021,River,20,17,1.176
2021,Sawyer,19,15,1.267
2021,Phoenix,18,11,1.636
2021,Remington,17,10,1.7
2021,Onyx,15,5,3.0
2021,Riley,15,32,0.469
2021,Sage,15,21,0.714
2021,Blake,14,7,2.0
2021,Emerson,14,13,1.077
2021,Finley,14,6,2.333
2021,Rowan,14,10,1.4
2021,Lennox,13,5,2.6
2021,Charlie,12,16,0.75
2021,Remy,11,6,1.833
2021,Ari,10,5,2.0
2021,Alexis,9,10,0.9
2021,Avery,9,48,0.188
2021,Rory,9,5,1.8
2021,Dior,7,13,0.538
2021,Eden,7,18,0.389
2021,Reign,7,11,0.636
2021,Royal,7,6,1.167
2021,Ariel,6,16,0.375
2021,Dakota,6,14,0.429
2021,Tatum,6,10,0.6
2021,Peyton,5,21,0.238
