YOB,Name,mFrequency,fFrequency,mForF
1912,Marion,7,9,0.778
1912,Merle,5,5,1.0
1913,Marion,6,16,0.375
1914,Marion,8,16,0.5
1915,Marion,15,23,0.652
1915,Gail,6,6,1.0
1916,Marion,11,21,0.524
1916,Fay,5,6,0.833
1916,Merle,5,5,1.0
1917,Marion,13,19,0.684
1918,Marion,12,26,0.462
1919,Marion,10,15,0.667
1919,Merle,8,8,1.0
1919,Laverne,6,11,0.545
1920,Merle,18,5,3.6
1920,Marion,12,26,0.462
1921,Gene,18,6,3.0
1921,Marion,14,18,0.778
1921,Jean,5,102,0.049
1922,Marion,14,14,1.0
1923,Marion,11,20,0.55
1923,Merle,10,6,1.667
1924,Marion,18,26,0.692
1925,Marion,9,17,0.529
1926,Marion,14,23,0.609
1927,Leslie,20,5,4.0
1927,Merle,12,5,2.4
1927,Marion,6,11,0.545
1927,Billie,5,14,0.357
1928,Leslie,15,6,2.5
1928,Marion,12,9,1.333
1928,Laverne,6,7,0.857
1929,Jerry,28,8,3.5
1929,Marion,10,26,0.385
1931,Jackie,7,10,0.7
1931,Marion,6,13,0.462
1932,Jackie,8,8,1.0
1932,Marion,8,9,0.889
1932,Pat,5,26,0.192
1933,Jackie,6,11,0.545
1933,Marion,5,6,0.833
1933,Pat,5,13,0.385
1934,Jerry,58,5,11.6
1934,Leslie,12,6,2.0
1934,Lynn,7,5,1.4
1934,Marion,6,7,0.857
1934,Pat,5,22,0.227
1935,Leslie,14,6,2.333
1935,Pat,5,25,0.2
1936,Lee,20,6,3.333
1936,Jackie,6,11,0.545
1936,Marion,6,9,0.667
1936,Pat,5,18,0.278
1937,Jerry,94,7,13.429
1937,Merle,9,5,1.8
1937,Jackie,8,10,0.8
1937,Lynn,8,5,1.6
1937,Marion,5,12,0.417
1938,Jerry,123,5,24.6
1938,Lynn,13,11,1.182
1938,Pat,11,34,0.324
1938,Jackie,6,13,0.462
1938,Jan,5,7,0.714
1938,Marion,5,11,0.455
1939,Lynn,15,11,1.364
1939,Pat,9,26,0.346
1939,Gail,8,30,0.267
1939,Marion,5,5,1.0
1940,Lee,23,7,3.286
1940,Leslie,22,6,3.667
1940,Lynn,21,8,2.625
1940,Marion,8,10,0.8
1940,Pat,8,41,0.195
1940,Jackie,5,13,0.385
1941,Jerry,161,5,32.2
1941,Leslie,16,12,1.333
1941,Lynn,13,10,1.3
1941,Gail,7,30,0.233
1941,Jackie,7,12,0.583
1941,Gayle,5,16,0.312
1942,Jerry,178,9,19.778
1942,Terry,84,22,3.818
1942,Lee,30,7,4.286
1942,Lynn,27,13,2.077
1942,Leslie,16,10,1.6
1942,Jan,11,11,1.0
1942,Jackie,10,20,0.5
1942,Pat,7,34,0.206
1942,Robin,7,6,1.167
1942,Gail,5,38,0.132
1943,Jerry,180,6,30.0
1943,Terry,102,18,5.667
1943,Lee,28,6,4.667
1943,Lynn,21,24,0.875
1943,Leslie,13,25,0.52
1943,Gale,12,6,2.0
1943,Gail,7,43,0.163
1943,Jan,7,27,0.259
1943,Gerry,6,6,1.0
1943,Pat,6,33,0.182
1944,Terry,96,17,5.647
1944,Lynn,30,21,1.429
1944,Leslie,25,28,0.893
1944,Robin,13,6,2.167
1944,Jan,10,16,0.625
1944,Pat,9,38,0.237
1944,Jackie,8,5,1.6
1944,Kerry,8,7,1.143
1944,Marion,6,7,0.857
1944,Gale,5,5,1.0
1945,Jerry,150,5,30.0
1945,Terry,133,26,5.115
1945,Lee,34,8,4.25
1945,Leslie,23,20,1.15
1945,Lynn,19,23,0.826
1945,Pat,17,34,0.5
1945,Jan,10,20,0.5
1945,Gail,7,51,0.137
1945,Robin,6,15,0.4
1945,Jackie,5,7,0.714
1946,Terry,211,30,7.033
1946,Jerry,165,5,33.0
1946,Lee,34,8,4.25
1946,Lynn,33,31,1.065
1946,Leslie,29,27,1.074
1946,Pat,14,29,0.483
1946,Chris,13,8,1.625
1946,Robin,12,12,1.0
1946,Jan,11,24,0.458
1946,Gale,10,5,2.0
1946,Kerry,9,5,1.8
1946,Dana,7,15,0.467
1946,Gail,7,70,0.1
1946,Dee,6,7,0.857
1947,Terry,234,56,4.179
1947,Jerry,228,5,45.6
1947,Dale,105,6,17.5
1947,Lee,42,14,3.0
1947,Leslie,32,40,0.8
1947,Lynn,30,54,0.556
1947,Pat,21,37,0.568
1947,Jan,17,32,0.531
1947,Chris,16,8,2.0
1947,Gale,15,6,2.5
1947,Robin,12,24,0.5
1947,Dana,10,15,0.667
1947,Kim,9,6,1.5
1947,Gerry,8,7,1.143
1947,Jackie,8,26,0.308
1947,Dee,5,9,0.556
1947,Gayle,5,43,0.116
1948,Terry,219,48,4.562
1948,Dale,98,7,14.0
1948,Randy,62,5,12.4
1948,Lee,44,11,4.0
1948,Leslie,31,52,0.596
1948,Lynn,27,57,0.474
1948,Chris,26,12,2.167
1948,Lonnie,25,5,5.0
1948,Robin,16,18,0.889
1948,Gale,13,5,2.6
1948,Dana,12,14,0.857
1948,Jan,10,27,0.37
1948,Kim,9,7,1.286
1948,Pat,9,24,0.375
1948,Jackie,8,22,0.364
1948,Gail,5,64,0.078
1949,Terry,193,54,3.574
1949,Dale,99,5,19.8
1949,Lee,46,14,3.286
1949,Lynn,42,56,0.75
1949,Leslie,37,45,0.822
1949,Chris,25,11,2.273
1949,Robin,24,29,0.828
1949,Dana,23,15,1.533
1949,Kerry,21,6,3.5
1949,Kelly,14,6,2.333
1949,Pat,10,5,2.0
1949,Gail,9,68,0.132
1949,Mickey,9,6,1.5
1949,Jan,7,31,0.226
1949,Gale,6,11,0.545
1949,Jackie,6,17,0.353
1949,Marion,5,5,1.0
1950,Terry,199,43,4.628
1950,Dale,128,5,25.6
1950,Lee,47,8,5.875
1950,Leslie,36,49,0.735
1950,Lynn,31,43,0.721
1950,Kerry,26,6,4.333
1950,Chris,23,5,4.6
1950,Robin,22,30,0.733
1950,Dana,13,19,0.684
1950,Gale,13,6,2.167
1950,Jan,10,31,0.323
1950,Pat,10,6,1.667
1950,Jean,6,73,0.082
1950,Shannon,6,17,0.353
1951,Terry,197,68,2.897
1951,Lee,28,10,2.8
1951,Leslie,28,45,0.622
1951,Lynn,27,51,0.529
1951,Kerry,24,9,2.667
1951,Chris,23,5,4.6
1951,Kim,23,11,2.091
1951,Robin,23,41,0.561
1951,Dana,12,18,0.667
1951,Gale,9,10,0.9
1951,Tracy,7,5,1.4
1951,Gail,5,86,0.058
1951,Jan,5,31,0.161
1951,Mickey,5,5,1.0
1951,Rene,5,6,0.833
1952,Terry,185,56,3.304
1952,Randy,154,5,30.8
1952,Jerry,153,5,30.6
1952,Dale,126,8,15.75
1952,Leslie,49,73,0.671
1952,Kim,44,22,2.0
1952,Kelly,37,13,2.846
1952,Lynn,33,59,0.559
1952,Chris,32,9,3.556
1952,Kerry,23,7,3.286
1952,Robin,21,36,0.583
1952,Gale,11,5,2.2
1952,Dana,9,26,0.346
1952,Jan,8,46,0.174
1952,Kimberly,7,17,0.412
1952,Gayle,5,71,0.07
1952,Shannon,5,25,0.2
1953,Terry,172,50,3.44
1953,Robin,49,70,0.7
1953,Leslie,38,60,0.633
1953,Kim,37,15,2.467
1953,Lee,37,10,3.7
1953,Kerry,30,13,2.308
1953,Lynn,24,58,0.414
1953,Chris,21,10,2.1
1953,Dana,21,17,1.235
1953,Jan,8,53,0.151
1953,Kris,8,6,1.333
1953,Shawn,8,6,1.333
1953,Shannon,5,22,0.227
1954,Terry,175,69,2.536
1954,Kim,43,26,1.654
1954,Kelly,42,24,1.75
1954,Leslie,38,62,0.613
1954,Lee,37,11,3.364
1954,Chris,34,11,3.091
1954,Robin,32,78,0.41
1954,Kerry,29,9,3.222
1954,Dana,22,22,1.0
1954,Lynn,17,54,0.315
1954,Shawn,10,9,1.111
1954,Jan,8,65,0.123
1954,Kimberly,7,56,0.125
1954,Carey,6,5,1.2
1954,Jackie,6,24,0.25
1954,Tracy,6,9,0.667
1955,Terry,172,62,2.774
1955,Robin,51,84,0.607
1955,Kelly,46,28,1.643
1955,Kim,45,75,0.6
1955,Chris,39,10,3.9
1955,Leslie,36,66,0.545
1955,Lee,31,24,1.292
1955,Kerry,30,7,4.286
1955,Dana,22,23,0.957
1955,Lynn,20,52,0.385
1955,Casey,17,5,3.4
1955,Shawn,13,15,0.867
1955,Tracy,11,17,0.647
1955,Carey,8,5,1.6
1955,Jackie,8,25,0.32
1955,Kimberly,5,78,0.064
1956,Terry,149,51,2.922
1956,Kelly,56,24,2.333
1956,Robin,44,92,0.478
1956,Leslie,37,73,0.507
1956,Kim,34,103,0.33
1956,Kerry,33,11,3.0
1956,Lee,24,19,1.263
1956,Lonnie,22,5,4.4
1956,Dana,17,37,0.459
1956,Tracy,14,28,0.5
1956,Marty,13,5,2.6
1956,Lynn,12,92,0.13
1956,Shawn,9,20,0.45
1956,Jackie,7,25,0.28
1956,Kelley,6,9,0.667
1956,Jamie,5,13,0.385
1956,Lauren,5,11,0.455
1956,Shannon,5,30,0.167
1957,Terry,170,48,3.542
1957,Kelly,82,72,1.139
1957,Chris,43,12,3.583
1957,Kerry,39,9,4.333
1957,Robin,39,97,0.402
1957,Lee,38,14,2.714
1957,Leslie,27,89,0.303
1957,Kim,26,122,0.213
1957,Lonnie,25,5,5.0
1957,Dana,24,36,0.667
1957,Tracy,21,34,0.618
1957,Lynn,17,64,0.266
1957,Shawn,16,17,0.941
1957,Carey,5,5,1.0
1957,Jody,5,40,0.125
1957,Kris,5,10,0.5
1957,Rene,5,11,0.455
1958,William,365,5,73.0
1958,Terry,159,53,3.0
1958,Kelly,69,116,0.595
1958,Chris,56,15,3.733
1958,Lee,38,11,3.455
1958,Kerry,32,8,4.0
1958,Kim,29,123,0.236
1958,Leslie,26,96,0.271
1958,Tracy,26,36,0.722
1958,Shawn,24,22,1.091
1958,Robin,22,98,0.224
1958,Pat,20,8,2.5
1958,Dana,16,30,0.533
1958,Lynn,11,54,0.204
1958,Casey,10,6,1.667
1958,Jamie,7,12,0.583
1958,Jody,7,26,0.269
1958,Kris,6,11,0.545
1958,Stacey,5,13,0.385
1959,Terry,138,41,3.366
1959,Dale,107,5,21.4
1959,Chris,69,22,3.136
1959,Kelly,65,121,0.537
1959,Lee,34,13,2.615
1959,Shawn,34,24,1.417
1959,Pat,30,11,2.727
1959,Robin,25,103,0.243
1959,Tracy,25,52,0.481
1959,Kerry,21,13,1.615
1959,Leslie,20,69,0.29
1959,Lynn,19,52,0.365
1959,Dana,16,37,0.432
1959,Shannon,15,38,0.395
1959,Kim,12,135,0.089
1959,Jody,11,21,0.524
1959,Kris,7,17,0.412
1959,Jackie,6,20,0.3
1959,Stacy,6,10,0.6
1959,Jamie,5,18,0.278
1960,Terry,171,37,4.622
1960,Dale,106,6,17.667
1960,Chris,93,19,4.895
1960,Kelly,91,164,0.555
1960,Tracy,43,77,0.558
1960,Kerry,40,20,2.0
1960,Shawn,35,18,1.944
1960,Robin,22,120,0.183
1960,Dana,17,53,0.321
1960,Jody,17,30,0.567
1960,Kim,16,154,0.104
1960,Leslie,15,69,0.217
1960,Lynn,14,60,0.233
1960,Jamie,10,24,0.417
1960,Kris,10,12,0.833
1960,Shannon,8,46,0.174
1960,Stacy,8,11,0.727
1960,Jackie,6,30,0.2
1960,Kelley,5,13,0.385
1960,Stacey,5,9,0.556
1961,Terry,131,27,4.852
1961,Chris,90,32,2.812
1961,Kelly,80,158,0.506
1961,Tracy,58,91,0.637
1961,Shawn,42,24,1.75
1961,Lee,34,9,3.778
1961,Robin,29,121,0.24
1961,Kerry,27,15,1.8
1961,Dana,17,45,0.378
1961,Kim,16,126,0.127
1961,Kris,16,18,0.889
1961,Leslie,16,70,0.229
1961,Lynn,14,51,0.275
1961,Jody,10,32,0.312
1961,Shannon,10,54,0.185
1961,Jamie,7,24,0.292
1961,Dee,6,10,0.6
1961,Gale,5,6,0.833
1961,Stacey,5,12,0.417
1962,William,265,5,53.0
1962,Terry,133,25,5.32
1962,Chris,91,25,3.64
1962,Kelly,60,167,0.359
1962,Tracy,59,125,0.472
1962,Shawn,53,21,2.524
1962,Kerry,32,15,2.133
1962,Lee,30,5,6.0
1962,Dana,27,50,0.54
1962,Robin,27,102,0.265
1962,Leslie,19,73,0.26
1962,Pat,15,5,3.0
1962,Kris,10,14,0.714
1962,Lynn,10,46,0.217
1962,Jody,8,36,0.222
1962,Kim,7,143,0.049
1962,Shannon,7,60,0.117
1962,Stacey,5,16,0.312
1963,Terry,138,14,9.857
1963,Chris,86,23,3.739
1963,Kelly,74,175,0.423
1963,Shawn,63,13,4.846
1963,Tracy,46,108,0.426
1963,Lee,27,7,3.857
1963,Dana,24,56,0.429
1963,Kerry,22,8,2.75
1963,Robin,18,76,0.237
1963,Marty,15,7,2.143
1963,Shannon,14,85,0.165
1963,Kim,11,125,0.088
1963,Lynn,10,45,0.222
1963,Jamie,9,19,0.474
1963,Kris,9,24,0.375
1963,Leslie,9,49,0.184
1963,Jody,7,35,0.2
1963,Tracey,7,26,0.269
1963,Stacey,5,33,0.152
1964,Terry,100,19,5.263
1964,Chris,82,24,3.417
1964,Shawn,71,21,3.381
1964,Kelly,65,141,0.461
1964,Tracy,32,110,0.291
1964,Lee,29,11,2.636
1964,Leslie,22,66,0.333
1964,Shannon,20,75,0.267
1964,Lonnie,18,6,3.0
1964,Kerry,15,14,1.071
1964,Dana,13,70,0.186
1964,Jamie,9,31,0.29
1964,Lynn,9,31,0.29
1964,Jody,7,26,0.269
1964,Kim,5,116,0.043
1965,Terry,97,10,9.7
1965,Chris,91,22,4.136
1965,Shawn,75,22,3.409
1965,Kelly,52,150,0.347
1965,Lee,34,6,5.667
1965,Tracy,33,115,0.287
1965,Kerry,20,11,1.818
1965,Shannon,14,81,0.173
1965,Dana,13,59,0.22
1965,Robin,12,87,0.138
1965,Leslie,10,52,0.192
1965,Lynn,10,26,0.385
1965,Kris,9,24,0.375
1965,Tracey,7,31,0.226
1965,Jody,6,23,0.261
1966,Michael,680,9,75.556
1966,Robert,468,6,78.0
1966,Terry,93,10,9.3
1966,Shawn,82,24,3.417
1966,Chris,68,14,4.857
1966,Kelly,50,126,0.397
1966,Tracy,37,120,0.308
1966,Lee,28,6,4.667
1966,Shannon,21,100,0.21
1966,Dana,14,57,0.246
1966,Robin,12,69,0.174
1966,Leslie,11,54,0.204
1966,Jamie,10,20,0.5
1966,Kerry,10,11,0.909
1966,Jody,8,26,0.308
1966,Jan,5,13,0.385
1966,Kim,5,86,0.058
1967,Robert,481,6,80.167
1967,Shawn,108,25,4.32
1967,Chris,73,13,5.615
1967,Kelly,71,116,0.612
1967,Terry,70,10,7.0
1967,Tracy,39,95,0.411
1967,Lee,21,11,1.909
1967,Shannon,19,108,0.176
1967,Kerry,16,13,1.231
1967,Stacey,14,36,0.389
1967,Stacy,14,34,0.412
1967,Dana,12,71,0.169
1967,Leslie,12,52,0.231
1967,Robin,9,51,0.176
1967,Jackie,7,23,0.304
1967,Jamie,7,23,0.304
1967,Jody,7,17,0.412
1967,Lynn,6,19,0.316
1967,Courtney,5,8,0.625
1967,Kelley,5,19,0.263
1968,Shawn,108,39,2.769
1968,Kelly,71,153,0.464
1968,Terry,55,5,11.0
1968,Chris,54,9,6.0
1968,Tracy,30,133,0.226
1968,Lee,26,11,2.364
1968,Shannon,25,149,0.168
1968,Stacy,22,40,0.55
1968,Stacey,17,48,0.354
1968,Jamie,14,37,0.378
1968,Kerry,13,15,0.867
1968,Jody,12,29,0.414
1968,Dana,10,60,0.167
1968,Joey,9,5,1.8
1968,Robin,8,41,0.195
1968,Kelley,7,16,0.438
1968,Tracey,7,33,0.212
1968,Erin,6,30,0.2
1968,Leslie,6,75,0.08
1968,Lynn,6,21,0.286
1968,Kim,5,56,0.089
1969,Shawn,124,27,4.593
1969,Kelly,69,140,0.493
1969,Terry,65,13,5.0
1969,Chris,58,8,7.25
1969,Tracy,31,153,0.203
1969,Lee,26,10,2.6
1969,Casey,24,6,4.0
1969,Shannon,23,172,0.134
1969,Jamie,21,25,0.84
1969,Jody,18,22,0.818
1969,Leslie,15,55,0.273
1969,Stacy,13,30,0.433
1969,Kerry,11,18,0.611
1969,Stacey,11,46,0.239
1969,Morgan,10,5,2.0
1969,Dana,8,68,0.118
1969,Robin,8,63,0.127
1969,Erin,7,46,0.152
1969,Lynn,7,23,0.304
1969,Tracey,7,34,0.206
1969,Kimberly,6,301,0.02
1970,James,496,5,99.2
1970,Scott,352,6,58.667
1970,Steven,283,7,40.429
1970,Shawn,177,17,10.412
1970,Corey,70,6,11.667
1970,Chris,55,5,11.0
1970,Cory,51,10,5.1
1970,Kelly,43,119,0.361
1970,Shannon,24,211,0.114
1970,Tracy,22,151,0.146
1970,Jamie,20,42,0.476
1970,Kerry,14,18,0.778
1970,Joey,13,5,2.6
1970,Robin,12,53,0.226
1970,Stacy,12,47,0.255
1970,Leslie,11,53,0.208
1970,Dana,9,65,0.138
1970,Jody,8,26,0.308
1970,Stacey,7,56,0.125
1970,Cary,6,5,1.2
1970,Kris,6,9,0.667
1970,Tracey,6,50,0.12
1970,Erin,5,51,0.098
1970,Jackie,5,20,0.25
1970,Lynn,5,25,0.2
1971,Jason,660,5,132.0
1971,Shawn,180,27,6.667
1971,Terry,48,6,8.0
1971,Kelly,38,78,0.487
1971,Casey,31,7,4.429
1971,Jamie,25,35,0.714
1971,Shannon,22,190,0.116
1971,Tracy,22,119,0.185
1971,Jody,13,39,0.333
1971,Kerry,12,17,0.706
1971,Stacy,11,52,0.212
1971,Erin,10,51,0.196
1971,Leslie,10,53,0.189
1971,Robin,6,46,0.13
1971,Carey,5,7,0.714
1971,Jackie,5,16,0.312
1971,Stacey,5,50,0.1
1972,Michael,631,6,105.167
1972,Robert,332,6,55.333
1972,John,323,5,64.6
1972,Shawn,134,20,6.7
1972,Kelly,42,78,0.538
1972,Tracy,38,103,0.369
1972,Cory,37,9,4.111
1972,Casey,36,11,3.273
1972,Jamie,35,47,0.745
1972,Shannon,18,153,0.118
1972,Kerry,12,17,0.706
1972,Jody,11,23,0.478
1972,Dana,10,50,0.2
1972,Leslie,9,38,0.237
1972,Robin,9,41,0.22
1972,Erin,8,59,0.136
1972,Stacy,7,39,0.179
1973,Jason,716,6,119.333
1973,Michael,587,7,83.857
1973,Shawn,154,24,6.417
1973,Casey,49,19,2.579
1973,Kelly,38,83,0.458
1973,Terry,37,5,7.4
1973,Jamie,34,27,1.259
1973,Tracy,25,99,0.253
1973,Lee,14,5,2.8
1973,Shannon,14,138,0.101
1973,Stacey,13,50,0.26
1973,Leslie,12,45,0.267
1973,Jody,11,33,0.333
1973,Kerry,9,16,0.562
1973,Dana,8,38,0.211
1973,Stacy,8,56,0.143
1973,Jessie,5,5,1.0
1973,Lynn,5,12,0.417
1974,Michael,534,5,106.8
1974,Jeremy,262,6,43.667
1974,Shawn,114,23,4.957
1974,Casey,51,13,3.923
1974,Corey,45,9,5.0
1974,Jamie,38,39,0.974
1974,Kelly,36,95,0.379
1974,Terry,33,5,6.6
1974,Tracy,21,77,0.273
1974,Shannon,19,166,0.114
1974,Jessie,9,7,1.286
1974,Kris,9,5,1.8
1974,Erin,8,89,0.09
1974,Jody,8,20,0.4
1974,Leslie,8,37,0.216
1974,Dana,7,38,0.184
1974,Kerry,6,19,0.316
1974,Carey,5,12,0.417
1974,Courtney,5,24,0.208
1975,Jason,657,5,131.4
1975,Michael,621,5,124.2
1975,William,202,6,33.667
1975,Shawn,129,7,18.429
1975,Casey,56,15,3.733
1975,Cory,51,6,8.5
1975,Jamie,40,56,0.714
1975,Kelly,39,88,0.443
1975,Tracy,16,76,0.211
1975,Shannon,15,138,0.109
1975,Lee,14,6,2.333
1975,Stacy,13,64,0.203
1975,Erin,11,92,0.12
1975,Kerry,11,12,0.917
1975,Leslie,10,30,0.333
1975,Jody,9,24,0.375
1975,Robin,9,35,0.257
1975,Jessie,8,11,0.727
1975,Dana,6,29,0.207
1975,Jackie,6,12,0.5
1975,Jaime,6,11,0.545
1975,Stacey,6,64,0.094
1975,Carey,5,11,0.455
1976,Michael,627,12,52.25
1976,James,364,5,72.8
1976,Jeremy,349,6,58.167
1976,Thomas,139,6,23.167
1976,Shawn,104,8,13.0
1976,Casey,60,12,5.0
1976,Corey,48,5,9.6
1976,Kelly,48,73,0.658
1976,Jamie,32,198,0.162
1976,Shannon,18,152,0.118
1976,Lee,16,6,2.667
1976,Tracy,13,76,0.171
1976,Jaime,10,112,0.089
1976,Kerry,10,15,0.667
1976,Stacy,10,47,0.213
1976,Erin,9,125,0.072
1976,Dana,8,36,0.222
1976,Jessie,8,10,0.8
1976,Jody,8,26,0.308
1976,Noel,7,5,1.4
1976,Billie,5,11,0.455
1976,Robin,5,37,0.135
1977,Jason,581,5,116.2
1977,Ryan,426,8,53.25
1977,Travis,210,5,42.0
1977,Shawn,110,7,15.714
1977,Casey,100,14,7.143
1977,Cory,65,8,8.125
1977,Kelly,41,148,0.277
1977,Jamie,31,173,0.179
1977,Jessie,15,7,2.143
1977,Morgan,13,8,1.625
1977,Tracy,12,52,0.231
1977,Kerry,11,10,1.1
1977,Courtney,9,46,0.196
1977,Jaime,9,73,0.123
1977,Devon,7,5,1.4
1977,Shannon,7,137,0.051
1977,Dana,6,28,0.214
1977,Jackie,6,17,0.353
1977,Jody,6,27,0.222
1977,Stacy,6,55,0.109
1977,Billie,5,11,0.455
1977,Dusty,5,7,0.714
1977,Erin,5,120,0.042
1977,Jennifer,5,727,0.007
1977,Kasey,5,11,0.455
1977,Kelsey,5,10,0.5
1977,Robin,5,36,0.139
1978,Michael,646,5,129.2
1978,Ryan,494,5,98.8
1978,James,411,6,68.5
1978,Shawn,154,9,17.111
1978,Cory,84,7,12.0
1978,Casey,83,23,3.609
1978,Kelly,39,136,0.287
1978,Devin,21,6,3.5
1978,Jamie,20,138,0.145
1978,Robin,16,31,0.516
1978,Morgan,12,10,1.2
1978,Jessie,9,17,0.529
1978,Shannon,9,121,0.074
1978,Jaime,8,61,0.131
1978,Courtney,7,43,0.163
1978,Devon,7,9,0.778
1978,Erin,7,154,0.045
1978,Kerry,7,10,0.7
1978,Tracy,7,52,0.135
1978,Dana,6,32,0.188
1978,Kasey,6,8,0.75
1978,Elisha,5,10,0.5
1978,Jody,5,19,0.263
1979,Joshua,616,7,88.0
1979,Ryan,489,10,48.9
1979,Casey,86,29,2.966
1979,Cody,54,6,9.0
1979,Jordan,45,7,6.429
1979,Jamie,37,176,0.21
1979,Kelly,34,120,0.283
1979,Devin,24,5,4.8
1979,Morgan,23,15,1.533
1979,Jessie,15,25,0.6
1979,Robin,11,42,0.262
1979,Shannon,11,159,0.069
1979,Courtney,10,45,0.222
1979,Jaime,9,32,0.281
1979,Kasey,8,10,0.8
1979,Dana,7,35,0.2
1979,Erin,7,175,0.04
1979,Kerry,7,9,0.778
1979,Stacy,7,61,0.115
1979,Jody,6,26,0.231
1979,Kelsey,6,14,0.429
1979,Aubrey,5,15,0.333
1979,Leslie,5,51,0.098
1979,Mackenzie,5,5,1.0
1980,Michael,703,8,87.875
1980,Daniel,396,6,66.0
1980,Robert,344,5,68.8
1980,Joseph,310,5,62.0
1980,Brandon,226,5,45.2
1980,Jesse,219,8,27.375
1980,Casey,102,16,6.375
1980,Cory,76,7,10.857
1980,Cody,43,5,8.6
1980,Jordan,41,9,4.556
1980,Jamie,30,199,0.151
1980,Kelly,27,128,0.211
1980,Morgan,25,22,1.136
1980,Lee,24,5,4.8
1980,Bobby,21,5,4.2
1980,Devin,17,6,2.833
1980,Robin,16,34,0.471
1980,Jessie,12,14,0.857
1980,Erin,11,199,0.055
1980,Devon,10,8,1.25
1980,Shannon,10,121,0.083
1980,Jaime,9,50,0.18
1980,Kasey,8,6,1.333
1980,Dusty,7,6,1.167
1980,Tracy,7,63,0.111
1980,Ashley,6,72,0.083
1980,Courtney,5,53,0.094
1980,Kelley,5,14,0.357
1981,Joshua,610,5,122.0
1981,Ryan,544,7,77.714
1981,Daniel,351,5,70.2
1981,Jesse,277,10,27.7
1981,Aaron,265,5,53.0
1981,Jonathan,246,7,35.143
1981,Casey,124,22,5.636
1981,Cody,78,5,15.6
1981,Jordan,73,7,10.429
1981,Cory,61,6,10.167
1981,Corey,54,5,10.8
1981,Kelly,38,102,0.373
1981,Jamie,29,160,0.181
1981,Lee,28,6,4.667
1981,Micah,27,7,3.857
1981,Morgan,25,37,0.676
1981,Taylor,22,9,2.444
1981,Jessie,15,29,0.517
1981,Jaime,13,38,0.342
1981,Dusty,10,6,1.667
1981,Robin,9,33,0.273
1981,Shannon,8,132,0.061
1981,Kasey,7,8,0.875
1981,Courtney,6,61,0.098
1981,Dana,6,29,0.207
1981,Devon,6,7,0.857
1981,Jody,6,16,0.375
1981,Quinn,6,5,1.2
1981,Erin,5,228,0.022
1981,Melissa,5,348,0.014
1981,Shelby,5,13,0.385
1981,Tracy,5,40,0.125
1982,Christopher,696,5,139.2
1982,Michael,649,6,108.167
1982,David,460,5,92.0
1982,Jesse,200,5,40.0
1982,Tyler,161,6,26.833
1982,Casey,100,23,4.348
1982,Jordan,90,6,15.0
1982,Cory,59,6,9.833
1982,Kelly,33,100,0.33
1982,Taylor,25,12,2.083
1982,Jessie,22,24,0.917
1982,Jamie,19,150,0.127
1982,Morgan,15,25,0.6
1982,Dana,10,26,0.385
1982,Kasey,9,9,1.0
1982,Erin,8,183,0.044
1982,Robin,8,30,0.267
1982,Leslie,7,46,0.152
1982,Shannon,7,95,0.074
1982,Alexis,6,23,0.261
1982,Kelsey,6,56,0.107
1982,Ashley,5,106,0.047
1982,Jaime,5,33,0.152
1983,Michael,689,6,114.833
1983,Christopher,669,8,83.625
1983,Matthew,627,5,125.4
1983,Ryan,458,6,76.333
1983,Andrew,389,5,77.8
1983,Casey,88,26,3.385
1983,Jordan,87,9,9.667
1983,Taylor,25,13,1.923
1983,Jamie,23,162,0.142
1983,Kelly,20,95,0.211
1983,Adrian,18,7,2.571
1983,Jessie,14,17,0.824
1983,Jaime,12,25,0.48
1983,Devon,11,6,1.833
1983,Morgan,11,37,0.297
1983,Robin,9,29,0.31
1983,Jennifer,6,567,0.011
1983,Ashley,5,293,0.017
1983,Dana,5,22,0.227
1983,Elisha,5,11,0.455
1983,Lauren,5,79,0.063
1983,Leslie,5,35,0.143
1983,Shannon,5,100,0.05
1984,Michael,688,12,57.333
1984,Joshua,501,7,71.571
1984,Daniel,414,6,69.0
1984,Casey,96,18,5.333
1984,Jordan,83,7,11.857
1984,Cameron,49,6,8.167
1984,Taylor,34,7,4.857
1984,Kelly,29,84,0.345
1984,Morgan,20,30,0.667
1984,Devon,19,11,1.727
1984,Jessie,19,22,0.864
1984,Jamie,16,133,0.12
1984,Tristan,15,5,3.0
1984,Robin,12,22,0.545
1984,Kasey,10,8,1.25
1984,Erin,8,176,0.045
1984,Jaime,8,18,0.444
1984,Tracy,8,33,0.242
1984,Kendall,6,11,0.545
1984,Kerry,6,7,0.857
1984,Mackenzie,5,12,0.417
1984,Rian,5,5,1.0
1984,Shannon,5,73,0.068
1985,Michael,583,6,97.167
1985,Ryan,432,5,86.4
1985,Daniel,395,5,79.0
1985,Jesse,175,7,25.0
1985,Jordan,102,14,7.286
1985,Shawn,84,7,12.0
1985,Casey,82,25,3.28
1985,Cory,58,5,11.6
1985,Devin,42,6,7.0
1985,Drew,39,6,6.5
1985,Taylor,30,10,3.0
1985,Kelly,26,78,0.333
1985,Morgan,15,25,0.6
1985,Jamie,14,143,0.098
1985,Jessie,13,24,0.542
1985,Jaime,12,22,0.545
1985,Robin,10,27,0.37
1985,Kasey,7,7,1.0
1985,Shannon,7,94,0.074
1985,Kendall,5,9,0.556
1986,Michael,607,6,101.167
1986,Christopher,566,6,94.333
1986,Andrew,464,6,77.333
1986,Ryan,391,8,48.875
1986,Daniel,367,8,45.875
1986,Kyle,345,5,69.0
1986,Jordan,166,22,7.545
1986,Casey,87,18,4.833
1986,Cory,79,6,13.167
1986,Corey,51,6,8.5
1986,Taylor,46,16,2.875
1986,Devin,41,5,8.2
1986,Christian,23,7,3.286
1986,Kelly,23,73,0.315
1986,Morgan,21,26,0.808
1986,Jessie,19,16,1.188
1986,Riley,12,7,1.714
1986,Jamie,9,106,0.085
1986,Dana,8,22,0.364
1986,Jaime,7,17,0.412
1986,Kasey,7,11,0.636
1986,Robin,6,25,0.24
1986,Sarah,5,365,0.014
1987,Kyle,328,5,65.6
1987,Jordan,143,20,7.15
1987,Casey,103,28,3.679
1987,Corey,55,5,11.0
1987,Taylor,45,24,1.875
1987,Micah,20,8,2.5
1987,Jessie,18,20,0.9
1987,Devon,17,7,2.429
1987,Kelly,16,68,0.235
1987,Morgan,14,33,0.424
1987,Jamie,13,105,0.124
1987,Jaime,7,8,0.875
1987,Kasey,7,11,0.636
1987,Mackenzie,7,11,0.636
1987,Dana,6,21,0.286
1987,Mckenzie,6,16,0.375
1987,Erin,5,99,0.051
1988,Michael,657,8,82.125
1988,Cody,207,6,34.5
1988,Jordan,153,25,6.12
1988,Jesse,147,5,29.4
1988,Alex,101,6,16.833
1988,Casey,86,19,4.526
1988,Taylor,77,28,2.75
1988,Kelly,20,54,0.37
1988,Jessie,12,30,0.4
1988,Kasey,12,11,1.091
1988,Morgan,10,48,0.208
1988,Jamie,9,94,0.096
1988,Robin,8,11,0.727
1988,Alexis,7,33,0.212
1988,Angel,6,8,0.75
1988,Ariel,6,11,0.545
1988,Dana,6,18,0.333
1988,Jaime,6,11,0.545
1988,Kendall,6,8,0.75
1988,Dominique,5,8,0.625
1988,Kelsey,5,111,0.045
1988,Mackenzie,5,11,0.455
1989,Daniel,363,5,72.6
1989,Ryan,322,5,64.4
1989,Jordan,224,60,3.733
1989,Casey,77,22,3.5
1989,Taylor,73,36,2.028
1989,Unknown,47,50,0.94
1989,Riley,24,6,4.0
1989,Christian,21,6,3.5
1989,Morgan,19,45,0.422
1989,Kasey,17,8,2.125
1989,Kelly,17,57,0.298
1989,Devon,16,7,2.286
1989,Jamie,16,75,0.213
1989,Jessie,13,20,0.65
1989,Mackenzie,13,32,0.406
1989,Kelsey,9,170,0.053
1989,Guadalupe,7,6,1.167
1989,Jaime,7,11,0.636
1989,Robin,7,20,0.35
1989,Angel,6,9,0.667
1989,Tracy,6,18,0.333
1989,Ashley,5,503,0.01
1989,Dominique,5,8,0.625
1989,Shannon,5,34,0.147
1990,Michael,580,10,58.0
1990,Ryan,354,7,50.571
1990,Jordan,329,86,3.826
1990,Cody,320,5,64.0
1990,Jesse,171,7,24.429
1990,Taylor,123,97,1.268
1990,Cameron,108,5,21.6
1990,Casey,96,27,3.556
1990,Alex,89,9,9.889
1990,Corey,72,7,10.286
1990,Dylan,70,5,14.0
1990,Devin,69,5,13.8
1990,Unknown,48,36,1.333
1990,Devon,31,12,2.583
1990,Dakota,22,7,3.143
1990,Jamie,18,94,0.191
1990,Morgan,17,47,0.362
1990,Kelly,15,45,0.333
1990,Jaime,12,12,1.0
1990,Mackenzie,12,29,0.414
1990,Jessie,10,15,0.667
1990,Shelby,10,62,0.161
1990,Devan,9,5,1.8
1990,Guadalupe,9,10,0.9
1990,Kendall,9,15,0.6
1990,Robin,8,12,0.667
1990,Skylar,8,5,1.6
1990,Angel,7,7,1.0
1990,Kasey,7,11,0.636
1990,Madison,7,20,0.35
1990,Dominique,6,8,0.75
1990,Kelsey,6,186,0.032
1990,Bailey,5,24,0.208
1990,Mckenzie,5,29,0.172
1991,Tyler,397,6,66.167
1991,Jordan,334,93,3.591
1991,Cody,321,5,64.2
1991,Taylor,148,113,1.31
1991,Christian,76,8,9.5
1991,Casey,62,24,2.583
1991,Devin,56,9,6.222
1991,Devon,43,11,3.909
1991,Dakota,41,12,3.417
1991,Riley,40,5,8.0
1991,Unknown,33,38,0.868
1991,Kelly,19,67,0.284
1991,Micah,19,5,3.8
1991,Quinn,18,5,3.6
1991,Kasey,17,7,2.429
1991,Morgan,15,51,0.294
1991,Angel,13,14,0.929
1991,Jessie,12,8,1.5
1991,Mackenzie,8,54,0.148
1991,Kelsey,7,187,0.037
1991,Shelby,7,162,0.043
1991,Ariel,6,81,0.074
1991,Jamie,6,71,0.085
1991,Alexis,5,89,0.056
1991,Dominique,5,10,0.5
1991,Jade,5,13,0.385
1991,Kendall,5,14,0.357
1991,Mckenzie,5,47,0.106
1991,Robin,5,17,0.294
1992,Tyler,442,7,63.143
1992,Ryan,264,6,44.0
1992,Jordan,245,88,2.784
1992,Austin,231,7,33.0
1992,Taylor,165,175,0.943
1992,Jesse,141,10,14.1
1992,Alex,97,7,13.857
1992,Dakota,73,14,5.214
1992,Casey,69,14,4.929
1992,Devin,69,14,4.929
1992,Corey,54,8,6.75
1992,Unknown,38,39,0.974
1992,Devon,35,8,4.375
1992,Skyler,34,8,4.25
1992,Riley,29,11,2.636
1992,Dallas,21,8,2.625
1992,Jaime,15,12,1.25
1992,Jessie,15,22,0.682
1992,Mackenzie,14,91,0.154
1992,Dominique,13,8,1.625
1992,Kelly,13,38,0.342
1992,Skylar,13,7,1.857
1992,Kasey,12,14,0.857
1992,Morgan,11,84,0.131
1992,Angel,10,7,1.429
1992,Shelby,10,153,0.065
1992,Ashton,6,7,0.857
1992,Jamie,6,65,0.092
1992,Noel,6,5,1.2
1992,Payton,6,8,0.75
1992,Alexis,5,72,0.069
1992,Tayler,5,6,0.833
1993,Tyler,469,9,52.111
1993,Jordan,253,83,3.048
1993,Taylor,132,213,0.62
1993,Cameron,128,6,21.333
1993,Christian,108,5,21.6
1993,Alex,84,9,9.333
1993,Dakota,80,18,4.444
1993,Devin,61,7,8.714
1993,Logan,60,6,10.0
1993,Casey,58,16,3.625
1993,Corey,58,5,11.6
1993,Devon,50,8,6.25
1993,Riley,48,14,3.429
1993,Unknown,34,26,1.308
1993,Drew,31,5,6.2
1993,Mackenzie,23,71,0.324
1993,Angel,17,8,2.125
1993,Dallas,16,6,2.667
1993,Morgan,16,62,0.258
1993,Jessie,15,19,0.789
1993,Jamie,12,62,0.194
1993,Dominique,11,18,0.611
1993,Jaime,11,14,0.786
1993,Skylar,11,7,1.571
1993,Kasey,10,10,1.0
1993,Kelly,10,47,0.213
1993,Payton,10,9,1.111
1993,Jorden,9,5,1.8
1993,Darian,8,11,0.727
1993,Jade,7,30,0.233
1993,Noel,7,5,1.4
1993,Robin,6,14,0.429
1993,Sidney,6,6,1.0
1993,Guadalupe,5,15,0.333
1993,Sage,5,10,0.5
1993,Shannon,5,46,0.109
1993,Shelby,5,107,0.047
1993,Tayler,5,12,0.417
1994,Tyler,474,5,94.8
1994,Jordan,231,77,3.0
1994,Jesse,164,12,13.667
1994,Taylor,133,188,0.707
1994,Dakota,102,15,6.8
1994,Devin,86,8,10.75
1994,Alex,85,8,10.625
1994,Logan,72,8,9.0
1994,Hayden,62,5,12.4
1994,Riley,58,20,2.9
1994,Casey,57,12,4.75
1994,Hunter,49,8,6.125
1994,Skyler,41,5,8.2
1994,Devon,38,6,6.333
1994,Unknown,36,32,1.125
1994,Adrian,31,6,5.167
1994,Drew,27,6,4.5
1994,Dallas,24,5,4.8
1994,Morgan,20,107,0.187
1994,Jaime,18,8,2.25
1994,Mackenzie,18,78,0.231
1994,Angel,17,12,1.417
1994,Avery,15,15,1.0
1994,Dominique,15,19,0.789
1994,Kendall,15,33,0.455
1994,Skylar,11,10,1.1
1994,Ashton,10,6,1.667
1994,Jessie,10,21,0.476
1994,Bailey,9,44,0.205
1994,Mckenzie,9,77,0.117
1994,Alexis,7,113,0.062
1994,Chandler,7,9,0.778
1994,Darian,7,10,0.7
1994,Jade,7,22,0.318
1994,Justice,7,9,0.778
1994,Kelly,6,49,0.122
1994,Addison,5,5,1.0
1994,Devyn,5,5,1.0
1994,Kasey,5,7,0.714
1994,Shelby,5,90,0.056
1995,Austin,461,5,92.2
1995,Tyler,375,5,75.0
1995,Jordan,200,77,2.597
1995,Dakota,136,27,5.037
1995,Christian,133,5,26.6
1995,Jesse,133,13,10.231
1995,Taylor,112,205,0.546
1995,Cameron,111,5,22.2
1995,Devin,85,8,10.625
1995,Hunter,76,5,15.2
1995,Alex,71,8,8.875
1995,Casey,56,15,3.733
1995,Tristan,50,7,7.143
1995,Devon,43,16,2.688
1995,Riley,42,16,2.625
1995,Unknown,40,32,1.25
1995,Skyler,38,10,3.8
1995,Morgan,29,108,0.269
1995,Drew,28,5,5.6
1995,Angel,27,14,1.929
1995,Bailey,22,54,0.407
1995,Dallas,22,10,2.2
1995,Mackenzie,19,90,0.211
1995,Tristen,18,6,3.0
1995,Chandler,17,5,3.4
1995,Harley,17,11,1.545
1995,Skylar,16,6,2.667
1995,Alexis,14,134,0.104
1995,Justice,14,12,1.167
1995,Kasey,13,9,1.444
1995,Jaime,12,7,1.714
1995,Loren,11,5,2.2
1995,Ashton,10,7,1.429
1995,Jamie,10,57,0.175
1995,Kelly,10,39,0.256
1995,Avery,9,11,0.818
1995,Jessie,9,14,0.643
1995,Mckenzie,8,91,0.088
1995,Payton,8,6,1.333
1995,Tristin,8,6,1.333
1995,Dominique,6,11,0.545
1995,Robin,6,11,0.545
1995,Aspen,5,7,0.714
1995,Darian,5,8,0.625
1995,Guadalupe,5,9,0.556
1995,Kendall,5,24,0.208
1996,Tyler,353,6,58.833
1996,Jordan,215,76,2.829
1996,Logan,135,7,19.286
1996,Taylor,111,190,0.584
1996,Dakota,102,22,4.636
1996,Alex,82,6,13.667
1996,Gabriel,76,7,10.857
1996,Riley,63,26,2.423
1996,Casey,47,17,2.765
1996,Devon,41,10,4.1
1996,Hayden,39,6,6.5
1996,Skyler,38,9,4.222
1996,Bailey,34,83,0.41
1996,Corey,33,5,6.6
1996,Chandler,30,6,5.0
1996,Angel,29,16,1.812
1996,Morgan,26,93,0.28
1996,Unknown,26,28,0.929
1996,Alexis,16,159,0.101
1996,Avery,16,11,1.455
1996,Skylar,16,7,2.286
1996,Justice,14,9,1.556
1996,Jaime,13,5,2.6
1996,Sage,11,11,1.0
1996,Tristin,11,5,2.2
1996,Dominique,10,21,0.476
1996,Harley,10,9,1.111
1996,Kelly,10,27,0.37
1996,Mackenzie,10,98,0.102
1996,Kasey,9,13,0.692
1996,Ashton,8,6,1.333
1996,Madison,8,227,0.035
1996,Payton,8,12,0.667
1996,Peyton,8,8,1.0
1996,Jamie,7,43,0.163
1996,Jessie,7,15,0.467
1996,Jordyn,7,21,0.333
1996,Tayler,7,18,0.389
1996,Darian,6,5,1.2
1996,Elisha,6,6,1.0
1996,Cheyenne,5,81,0.062
1996,Erin,5,59,0.085
1996,Leslie,5,22,0.227
1997,Tyler,305,6,50.833
1997,Jordan,208,79,2.633
1997,Taylor,125,228,0.548
1997,Cameron,122,8,15.25
1997,Gabriel,113,5,22.6
1997,Dakota,111,15,7.4
1997,Hunter,106,11,9.636
1997,Jesse,101,7,14.429
1997,Devin,83,5,16.6
1997,Alex,79,9,8.778
1997,Riley,77,40,1.925
1997,Mason,63,5,12.6
1997,Bailey,59,99,0.596
1997,Skyler,51,11,4.636
1997,Alexis,45,130,0.346
1997,Devon,40,8,5.0
1997,Casey,38,13,2.923
1997,Angel,35,17,2.059
1997,Drew,31,5,6.2
1997,Avery,25,14,1.786
1997,Quinn,25,6,4.167
1997,Dallas,21,7,3.0
1997,Morgan,18,89,0.202
1997,Chandler,17,6,2.833
1997,Justice,16,10,1.6
1997,Sage,15,7,2.143
1997,Payton,13,11,1.182
1997,Ashton,11,7,1.571
1997,Harley,8,8,1.0
1997,Jessie,8,10,0.8
1997,Jamie,7,39,0.179
1997,Kendall,7,23,0.304
1997,Peyton,7,16,0.438
1997,Skylar,7,9,0.778
1997,Dominique,6,23,0.261
1997,Robin,6,6,1.0
1997,Rowan,6,5,1.2
1997,Tayler,6,19,0.316
1997,Ariel,5,20,0.25
1997,Darian,5,6,0.833
1997,Kelly,5,29,0.172
1997,Rylee,5,16,0.312
1998,Tyler,295,9,32.778
1998,Ryan,267,5,53.4
1998,Jordan,177,63,2.81
1998,Hunter,159,13,12.231
1998,Cameron,153,16,9.562
1998,Logan,140,5,28.0
1998,Dakota,114,23,4.957
1998,Alex,106,6,17.667
1998,Chase,90,6,15.0
1998,Taylor,90,186,0.484
1998,Riley,68,36,1.889
1998,Hayden,60,8,7.5
1998,Bailey,56,85,0.659
1998,Skyler,50,20,2.5
1998,Angel,39,21,1.857
1998,Morgan,38,105,0.362
1998,Casey,35,10,3.5
1998,Micah,27,5,5.4
1998,Chandler,23,5,4.6
1998,Alexis,22,195,0.113
1998,Quinn,20,10,2.0
1998,Avery,18,23,0.783
1998,Peyton,15,19,0.789
1998,Jayden,14,6,2.333
1998,Skylar,14,22,0.636
1998,Ashton,13,7,1.857
1998,Jaime,12,7,1.714
1998,Payton,11,25,0.44
1998,Darian,10,5,2.0
1998,Justice,10,10,1.0
1998,Sage,10,10,1.0
1998,Addison,9,9,1.0
1998,Jessie,9,5,1.8
1998,Jamie,8,42,0.19
1998,Reilly,7,6,1.167
1998,Mckenzie,6,70,0.086
1998,Aspen,5,9,0.556
1998,Harley,5,9,0.556
1998,Kelly,5,28,0.179
1998,Mackenzie,5,102,0.049
1998,Noel,5,5,1.0
1998,Raven,5,9,0.556
1998,Rylee,5,28,0.179
1999,Jordan,188,71,2.648
1999,Hunter,160,11,14.545
1999,Cameron,144,17,8.471
1999,Logan,140,6,23.333
1999,Dakota,89,23,3.87
1999,Jesse,84,5,16.8
1999,Taylor,78,199,0.392
1999,Devin,66,7,9.429
1999,Riley,64,46,1.391
1999,Angel,52,24,2.167
1999,Hayden,48,7,6.857
1999,Bailey,47,89,0.528
1999,Skyler,47,16,2.938
1999,Casey,38,10,3.8
1999,Alexis,33,165,0.2
1999,Devon,31,5,6.2
1999,Jaden,29,10,2.9
1999,Morgan,28,105,0.267
1999,Jayden,25,8,3.125
1999,Avery,19,23,0.826
1999,Drew,19,12,1.583
1999,Skylar,16,14,1.143
1999,Quinn,15,6,2.5
1999,Ashton,14,5,2.8
1999,Dallas,12,6,2.0
1999,Peyton,12,15,0.8
1999,Tristen,12,5,2.4
1999,Justice,11,8,1.375
1999,Payton,11,26,0.423
1999,Sage,11,14,0.786
1999,Jaime,10,6,1.667
1999,Rowan,9,7,1.286
1999,Rylee,8,25,0.32
1999,Tayler,8,7,1.143
1999,Darian,6,10,0.6
1999,Jessie,6,14,0.429
1999,Ariel,5,19,0.263
1999,Dominique,5,7,0.714
1999,Harley,5,11,0.455
1999,Reilly,5,8,0.625
1999,Robin,5,5,1.0
2000,Tyler,285,7,40.714
2000,Hunter,167,13,12.846
2000,Jordan,162,47,3.447
2000,Logan,154,9,17.111
2000,Cameron,145,20,7.25
2000,Hayden,79,8,9.875
2000,Riley,78,32,2.438
2000,Jesse,76,8,9.5
2000,Taylor,73,168,0.435
2000,Carson,72,6,12.0
2000,Dakota,69,22,3.136
2000,Devin,67,5,13.4
2000,Aidan,59,5,11.8
2000,Skyler,55,9,6.111
2000,Angel,54,21,2.571
2000,Parker,52,5,10.4
2000,Jaden,48,25,1.92
2000,Bailey,37,75,0.493
2000,Payton,33,34,0.971
2000,Jayden,32,9,3.556
2000,Casey,31,11,2.818
2000,Alexis,28,170,0.165
2000,Morgan,27,94,0.287
2000,Quinn,27,6,4.5
2000,Drew,25,9,2.778
2000,Colby,22,5,4.4
2000,Avery,19,26,0.731
2000,Peyton,18,32,0.562
2000,Harley,16,9,1.778
2000,Jaime,16,6,2.667
2000,Justice,16,7,2.286
2000,Rowan,13,7,1.857
2000,Sage,13,19,0.684
2000,Dallas,9,8,1.125
2000,Noel,9,9,1.0
2000,Skylar,9,18,0.5
2000,Addison,8,8,1.0
2000,Jessie,7,12,0.583
2000,Raven,7,11,0.636
2000,Tayler,6,12,0.5
2000,Ariel,5,12,0.417
2000,Devyn,5,8,0.625
2000,Mackenzie,5,66,0.076
2000,Teagan,5,6,0.833
2001,Logan,188,7,26.857
2001,Hunter,163,14,11.643
2001,Jordan,127,65,1.954
2001,Riley,94,36,2.611
2001,Carson,89,6,14.833
2001,Alex,88,9,9.778
2001,Hayden,69,6,11.5
2001,Angel,68,16,4.25
2001,Parker,66,12,5.5
2001,Dakota,59,26,2.269
2001,Jesse,58,6,9.667
2001,Jaden,54,25,2.16
2001,Jayden,54,13,4.154
2001,Taylor,54,157,0.344
2001,Skyler,46,8,5.75
2001,Ashton,31,5,6.2
2001,Alexis,29,164,0.177
2001,Avery,29,32,0.906
2001,Quinn,27,5,5.4
2001,Payton,25,30,0.833
2001,Casey,24,6,4.0
2001,Morgan,23,85,0.271
2001,Peyton,20,22,0.909
2001,Drew,18,6,3.0
2001,Jaime,17,12,1.417
2001,Skylar,16,26,0.615
2001,Bailey,15,80,0.188
2001,Justice,15,10,1.5
2001,Rowan,14,10,1.4
2001,Sage,10,9,1.111
2001,Kelly,7,20,0.35
2001,Rene,7,5,1.4
2001,Devyn,5,6,0.833
2001,Jaiden,5,11,0.455
2002,Logan,207,10,20.7
2002,Tyler,203,9,22.556
2002,Ryan,188,5,37.6
2002,Dylan,178,6,29.667
2002,Hunter,167,9,18.556
2002,Cameron,130,17,7.647
2002,Jordan,125,67,1.866
2002,Hayden,100,10,10.0
2002,Angel,92,33,2.788
2002,Riley,90,61,1.475
2002,Jayden,68,27,2.519
2002,Jaden,67,20,3.35
2002,Jesse,65,5,13.0
2002,Parker,65,8,8.125
2002,Dakota,60,16,3.75
2002,Taylor,47,151,0.311
2002,Alexis,43,149,0.289
2002,Avery,26,45,0.578
2002,Payton,25,25,1.0
2002,Devon,24,5,4.8
2002,Casey,19,7,2.714
2002,Peyton,19,27,0.704
2002,Quinn,18,9,2.0
2002,Bailey,17,56,0.304
2002,Skylar,17,10,1.7
2002,Justice,14,10,1.4
2002,Darian,11,6,1.833
2002,Jaime,11,5,2.2
2002,Sage,11,12,0.917
2002,Addison,10,15,0.667
2002,Morgan,9,71,0.127
2002,Jaiden,7,10,0.7
2002,Jessie,7,8,0.875
2002,Devyn,6,8,0.75
2002,Raven,6,9,0.667
2002,Reese,6,15,0.4
2002,Dominique,5,8,0.625
2002,Rowan,5,7,0.714
2003,Ryan,210,8,26.25
2003,Dylan,195,9,21.667
2003,Logan,175,6,29.167
2003,Jordan,131,57,2.298
2003,Cameron,120,11,10.909
2003,Hayden,117,14,8.357
2003,Angel,93,21,4.429
2003,Carson,81,5,16.2
2003,Riley,79,44,1.795
2003,Jayden,78,29,2.69
2003,Jaden,72,19,3.789
2003,Ashton,66,5,13.2
2003,Parker,60,5,12.0
2003,Dakota,59,18,3.278
2003,Taylor,47,113,0.416
2003,Skyler,41,7,5.857
2003,Alexis,35,152,0.23
2003,Quinn,27,15,1.8
2003,Avery,26,49,0.531
2003,Payton,20,36,0.556
2003,Rowan,19,8,2.375
2003,Jaiden,17,14,1.214
2003,Peyton,17,24,0.708
2003,Bailey,16,57,0.281
2003,Kayden,16,5,3.2
2003,Harley,14,9,1.556
2003,Skylar,13,13,1.0
2003,Morgan,12,71,0.169
2003,Justice,9,11,0.818
2003,Reese,7,17,0.412
2003,Guadalupe,6,16,0.375
2003,Jadyn,6,21,0.286
2003,Kasey,6,6,1.0
2003,Cadence,5,14,0.357
2003,Jessie,5,11,0.455
2003,Sage,5,16,0.312
2004,Logan,207,7,29.571
2004,Tyler,191,6,31.833
2004,Ryan,187,5,37.4
2004,Dylan,172,9,19.111
2004,Mason,125,5,25.0
2004,Jordan,122,32,3.812
2004,Cameron,106,12,8.833
2004,Angel,99,26,3.808
2004,Hayden,99,11,9.0
2004,Jayden,94,20,4.7
2004,Riley,77,64,1.203
2004,Alexis,59,143,0.413
2004,Jaden,57,27,2.111
2004,Dakota,53,20,2.65
2004,Parker,49,10,4.9
2004,Skyler,38,10,3.8
2004,Peyton,37,44,0.841
2004,Quinn,27,11,2.455
2004,Taylor,27,103,0.262
2004,Rowan,26,10,2.6
2004,Avery,22,59,0.373
2004,Casey,22,5,4.4
2004,Payton,22,45,0.489
2004,Morgan,21,61,0.344
2004,Drew,19,5,3.8
2004,Jaiden,16,13,1.231
2004,Charlie,15,6,2.5
2004,Justice,12,5,2.4
2004,Harley,11,10,1.1
2004,Skylar,11,23,0.478
2004,Addison,9,24,0.375
2004,Sage,8,25,0.32
2004,Bailey,7,62,0.113
2004,Jessie,7,9,0.778
2004,Reese,7,12,0.583
2005,Tyler,206,12,17.167
2005,Logan,191,13,14.692
2005,Dylan,164,5,32.8
2005,Angel,129,19,6.789
2005,Jordan,121,36,3.361
2005,Hayden,90,10,9.0
2005,Alex,88,5,17.6
2005,Cameron,83,9,9.222
2005,Riley,77,53,1.453
2005,Jayden,66,33,2.0
2005,Jaden,58,18,3.222
2005,Alexis,51,126,0.405
2005,Ayden,41,6,6.833
2005,Skyler,35,9,3.889
2005,Dakota,34,18,1.889
2005,Peyton,30,33,0.909
2005,Taylor,27,106,0.255
2005,Kayden,26,7,3.714
2005,Avery,24,70,0.343
2005,Rowan,22,10,2.2
2005,Drew,21,6,3.5
2005,Morgan,21,71,0.296
2005,Casey,19,5,3.8
2005,Payton,19,35,0.543
2005,Elliot,17,7,2.429
2005,Charlie,16,7,2.286
2005,Jaiden,15,8,1.875
2005,Reece,14,6,2.333
2005,Skylar,13,17,0.765
2005,Bailey,10,52,0.192
2005,Jadyn,9,14,0.643
2005,Sage,9,11,0.818
2005,Harley,8,7,1.143
2005,Jessie,8,6,1.333
2005,London,8,6,1.333
2005,Reese,8,23,0.348
2005,River,8,5,1.6
2005,Addison,7,29,0.241
2005,Justice,7,9,0.778
2005,Emerson,5,10,0.5
2005,Rylee,5,44,0.114
2006,Dylan,167,8,20.875
2006,Ryan,149,5,29.8
2006,Angel,120,21,5.714
2006,Hayden,108,12,9.0
2006,Alex,98,8,12.25
2006,Jordan,98,28,3.5
2006,Cameron,85,7,12.143
2006,Riley,85,55,1.545
2006,Jayden,84,20,4.2
2006,Parker,60,8,7.5
2006,Alexis,43,123,0.35
2006,Jaden,43,16,2.688
2006,Taylor,35,118,0.297
2006,Peyton,34,33,1.03
2006,Skyler,32,5,6.4
2006,Dakota,31,30,1.033
2006,Quinn,29,15,1.933
2006,Avery,25,51,0.49
2006,Payton,24,32,0.75
2006,Kayden,23,5,4.6
2006,Rowan,20,23,0.87
2006,Morgan,17,65,0.262
2006,River,17,6,2.833
2006,Jaiden,13,9,1.444
2006,Reese,13,17,0.765
2006,Skylar,12,11,1.091
2006,Teagan,10,9,1.111
2006,Marley,8,19,0.421
2006,Addison,7,87,0.08
2006,Bailey,7,49,0.143
2006,Emery,7,7,1.0
2006,Justice,7,8,0.875
2006,London,7,9,0.778
2006,Campbell,6,5,1.2
2006,Charlie,6,8,0.75
2006,Jessie,6,12,0.5
2006,Emerson,5,16,0.312
2006,Harley,5,9,0.556
2006,Rylee,5,44,0.114
2006,Sage,5,8,0.625
2007,Logan,249,7,35.571
2007,Ryan,166,7,23.714
2007,Dylan,145,13,11.154
2007,Jayden,144,26,5.538
2007,Angel,133,20,6.65
2007,Hayden,106,24,4.417
2007,Jordan,104,31,3.355
2007,Cameron,92,11,8.364
2007,Parker,63,6,10.5
2007,Jaden,62,10,6.2
2007,Riley,58,62,0.935
2007,Peyton,44,57,0.772
2007,Taylor,38,124,0.306
2007,Alexis,37,136,0.272
2007,Dakota,36,22,1.636
2007,Kayden,33,9,3.667
2007,Skyler,33,6,5.5
2007,Quinn,30,10,3.0
2007,Rowan,28,23,1.217
2007,Jaiden,24,13,1.846
2007,Avery,23,74,0.311
2007,Payton,22,37,0.595
2007,Casey,19,6,3.167
2007,Phoenix,17,6,2.833
2007,Elliot,16,6,2.667
2007,River,15,9,1.667
2007,Morgan,13,46,0.283
2007,Justice,12,5,2.4
2007,Reese,11,35,0.314
2007,Emerson,10,13,0.769
2007,London,10,11,0.909
2007,Sage,10,17,0.588
2007,Teagan,9,11,0.818
2007,Jessie,7,9,0.778
2007,Addison,6,144,0.042
2007,Finley,6,11,0.545
2007,Jamie,6,13,0.462
2007,Lyric,6,6,1.0
2007,Ariel,5,16,0.312
2007,Jordyn,5,29,0.172
2007,Rylee,5,43,0.116
2008,Logan,206,9,22.889
2008,Mason,153,5,30.6
2008,Tyler,138,5,27.6
2008,Angel,133,14,9.5
2008,Ryan,131,7,18.714
2008,Jayden,124,24,5.167
2008,Dylan,117,13,9.0
2008,Jordan,110,29,3.793
2008,Riley,96,71,1.352
2008,Hayden,88,38,2.316
2008,Cameron,85,13,6.538
2008,Parker,69,12,5.75
2008,Alex,55,6,9.167
2008,Rowan,45,18,2.5
2008,Peyton,42,63,0.667
2008,Jaden,38,9,4.222
2008,Taylor,35,115,0.304
2008,Alexis,34,109,0.312
2008,Avery,34,76,0.447
2008,Kayden,34,11,3.091
2008,Skyler,33,5,6.6
2008,Dakota,29,24,1.208
2008,Payton,29,59,0.492
2008,Quinn,25,15,1.667
2008,Elliot,24,5,4.8
2008,River,21,9,2.333
2008,Jaiden,18,12,1.5
2008,Charlie,17,5,3.4
2008,Phoenix,17,7,2.429
2008,Finley,12,20,0.6
2008,Kasey,10,6,1.667
2008,Morgan,10,49,0.204
2008,Sage,9,13,0.692
2008,Skylar,9,16,0.562
2008,Ali,8,6,1.333
2008,Emery,8,15,0.533
2008,Justice,8,5,1.6
2008,London,8,19,0.421
2008,Reese,8,35,0.229
2008,Rylee,8,56,0.143
2008,Campbell,7,8,0.875
2008,Emerson,7,14,0.5
2008,Harper,7,14,0.5
2008,Marley,7,32,0.219
2008,Harley,6,12,0.5
2008,Addison,5,132,0.038
2008,Jessie,5,8,0.625
2008,Sidney,5,7,0.714
2008,Teagan,5,17,0.294
2009,Logan,206,7,29.429
2009,Jayden,124,29,4.276
2009,Ryan,124,6,20.667
2009,Dylan,102,11,9.273
2009,Angel,101,16,6.312
2009,Parker,90,11,8.182
2009,Cameron,86,10,8.6
2009,Jordan,83,18,4.611
2009,Hayden,67,35,1.914
2009,Riley,64,60,1.067
2009,Peyton,35,81,0.432
2009,Elliot,34,7,4.857
2009,Jasper,34,5,6.8
2009,Kayden,34,6,5.667
2009,Rylan,34,5,6.8
2009,Skyler,33,10,3.3
2009,Alexis,31,114,0.272
2009,Rowan,30,12,2.5
2009,Jaden,28,6,4.667
2009,Dakota,26,13,2.0
2009,Quinn,26,13,2.0
2009,Jaiden,22,10,2.2
2009,Avery,21,70,0.3
2009,Finley,18,13,1.385
2009,Taylor,16,90,0.178
2009,Unknown,16,14,1.143
2009,Elliott,15,6,2.5
2009,Casey,13,5,2.6
2009,Phoenix,13,5,2.6
2009,Morgan,12,44,0.273
2009,Payton,10,50,0.2
2009,Teagan,10,15,0.667
2009,Jessie,9,5,1.8
2009,London,9,13,0.692
2009,Emerson,8,10,0.8
2009,Emery,8,18,0.444
2009,Harley,8,6,1.333
2009,Lyric,8,7,1.143
2009,Reece,8,7,1.143
2009,Rylee,7,32,0.219
2009,Sage,7,11,0.636
2009,Harper,6,28,0.214
2009,Reese,6,26,0.231
2009,Skylar,6,15,0.4
2009,Addison,5,130,0.038
2009,Ariel,5,11,0.455
2009,Guadalupe,5,19,0.263
2009,Jamie,5,9,0.556
2010,Logan,200,5,40.0
2010,Jayden,130,18,7.222
2010,Dylan,101,6,16.833
2010,Angel,95,8,11.875
2010,Carter,94,6,15.667
2010,Ryan,94,9,10.444
2010,Jordan,87,22,3.955
2010,Cameron,75,5,15.0
2010,Riley,70,67,1.045
2010,Parker,65,12,5.417
2010,Hayden,56,21,2.667
2010,Sawyer,49,8,6.125
2010,Kayden,41,7,5.857
2010,Rowan,38,11,3.455
2010,Quinn,34,24,1.417
2010,Jaden,33,7,4.714
2010,Elliott,28,7,4.0
2010,Alexis,27,102,0.265
2010,Taylor,22,83,0.265
2010,Avery,21,82,0.256
2010,River,21,11,1.909
2010,Unknown,21,17,1.235
2010,Charlie,20,12,1.667
2010,Peyton,20,63,0.317
2010,Dakota,15,15,1.0
2010,Finley,13,21,0.619
2010,Morgan,13,44,0.295
2010,Payton,13,54,0.241
2010,Phoenix,12,12,1.0
2010,Reese,9,33,0.273
2010,Justice,8,9,0.889
2010,Emerson,7,19,0.368
2010,Harley,7,9,0.778
2010,Lyric,7,9,0.778
2010,London,6,20,0.3
2010,Skylar,6,6,1.0
2010,Tatum,6,14,0.429
2010,Ali,5,7,0.714
2010,Emery,5,15,0.333
2010,Harper,5,38,0.132
2010,Reece,5,7,0.714
2010,Rylee,5,50,0.1
2011,Jayden,109,10,10.9
2011,Brayden,98,5,19.6
2011,Jordan,97,21,4.619
2011,Dylan,95,7,13.571
2011,Angel,87,10,8.7
2011,Parker,83,11,7.545
2011,Cameron,73,9,8.111
2011,Hayden,72,15,4.8
2011,Riley,63,57,1.105
2011,Sawyer,48,8,6.0
2011,Rowan,37,16,2.312
2011,Elliot,28,6,4.667
2011,Elliott,28,6,4.667
2011,Skyler,26,6,4.333
2011,Charlie,25,11,2.273
2011,Avery,24,101,0.238
2011,Peyton,23,68,0.338
2011,Quinn,23,31,0.742
2011,River,20,7,2.857
2011,Unknown,20,31,0.645
2011,Dakota,15,14,1.071
2011,Finley,15,15,1.0
2011,Alexis,14,63,0.222
2011,Payton,13,50,0.26
2011,Taylor,11,58,0.19
2011,Harley,10,13,0.769
2011,Phoenix,10,8,1.25
2011,Rylee,10,51,0.196
2011,Skylar,9,16,0.562
2011,Teagan,9,19,0.474
2011,Emerson,8,8,1.0
2011,Justice,8,7,1.143
2011,Lyric,8,7,1.143
2011,Rory,8,5,1.6
2011,Morgan,7,34,0.206
2011,Sage,7,7,1.0
2011,Eden,6,28,0.214
2011,Reese,6,24,0.25
2011,Ali,5,5,1.0
2011,Emery,5,22,0.227
2011,London,5,18,0.278
2011,Remy,5,5,1.0
2012,Logan,165,8,20.625
2012,Jayden,118,12,9.833
2012,Dylan,110,6,18.333
2012,Ryan,94,5,18.8
2012,Blake,86,7,12.286
2012,Angel,83,8,10.375
2012,Parker,77,12,6.417
2012,Jordan,76,16,4.75
2012,Sawyer,64,8,8.0
2012,Hayden,58,17,3.412
2012,Riley,57,46,1.239
2012,Elliot,33,10,3.3
2012,Avery,28,105,0.267
2012,Alexis,27,61,0.443
2012,Unknown,26,20,1.3
2012,River,24,11,2.182
2012,Rowan,24,16,1.5
2012,Skyler,24,11,2.182
2012,August,22,6,3.667
2012,Charlie,22,14,1.571
2012,Quinn,22,32,0.688
2012,Dakota,21,16,1.312
2012,Peyton,19,57,0.333
2012,Finley,15,15,1.0
2012,Phoenix,13,6,2.167
2012,Emerson,12,13,0.923
2012,Rory,12,6,2.0
2012,Sage,12,8,1.5
2012,Taylor,10,64,0.156
2012,Harley,9,11,0.818
2012,Quincy,9,7,1.286
2012,Dallas,8,6,1.333
2012,Lyric,8,9,0.889
2012,Harper,7,94,0.074
2012,Morgan,7,16,0.438
2012,Payton,7,35,0.2
2012,Ariel,6,18,0.333
2012,Eden,6,28,0.214
2012,Reese,6,20,0.3
2012,Amari,5,6,0.833
2012,London,5,10,0.5
2012,Payson,5,5,1.0
2012,Teagan,5,22,0.227
2013,Logan,163,6,27.167
2013,Jayden,120,14,8.571
2013,Dylan,88,7,12.571
2013,Parker,86,24,3.583
2013,Blake,78,7,11.143
2013,Angel,67,6,11.167
2013,Jordan,56,6,9.333
2013,Riley,56,44,1.273
2013,Sawyer,53,17,3.118
2013,Hayden,37,18,2.056
2013,Rowan,31,12,2.583
2013,Unknown,30,18,1.667
2013,Avery,28,136,0.206
2013,Elliot,27,11,2.455
2013,River,27,11,2.455
2013,Charlie,26,14,1.857
2013,Peyton,20,56,0.357
2013,Quinn,19,35,0.543
2013,Alexis,18,57,0.316
2013,Finley,18,29,0.621
2013,Phoenix,15,5,3.0
2013,Dallas,14,10,1.4
2013,Emerson,12,12,1.0
2013,Dakota,11,12,0.917
2013,Payton,11,45,0.244
2013,Justice,9,5,1.8
2013,Tatum,8,13,0.615
2013,Emery,7,25,0.28
2013,Harley,7,12,0.583
2013,Morgan,7,29,0.241
2013,Reese,7,34,0.206
2013,London,6,17,0.353
2013,Shiloh,6,6,1.0
2013,Taylor,6,41,0.146
2013,Cedar,5,5,1.0
2013,Harlow,5,18,0.278
2013,Harper,5,104,0.048
2013,Jamie,5,8,0.625
2013,Sage,5,15,0.333
2013,Skylar,5,17,0.294
2014,Logan,189,13,14.538
2014,Hunter,151,5,30.2
2014,Jayden,125,5,25.0
2014,Ryder,88,5,17.6
2014,Parker,87,21,4.143
2014,Lincoln,82,5,16.4
2014,Jordan,78,19,4.105
2014,Ryan,68,13,5.231
2014,Dylan,66,12,5.5
2014,Sawyer,63,13,4.846
2014,Angel,56,7,8.0
2014,Rowan,51,9,5.667
2014,River,43,18,2.389
2014,Hayden,40,24,1.667
2014,Riley,38,50,0.76
2014,Elliot,36,7,5.143
2014,Elliott,31,9,3.444
2014,Unknown,31,34,0.912
2014,Avery,29,120,0.242
2014,Charlie,24,25,0.96
2014,Finley,24,27,0.889
2014,Quinn,23,54,0.426
2014,Dakota,22,16,1.375
2014,Skyler,22,12,1.833
2014,Alexis,19,46,0.413
2014,Emerson,17,21,0.81
2014,Peyton,13,57,0.228
2014,Remy,13,9,1.444
2014,Sage,12,14,0.857
2014,Dallas,11,9,1.222
2014,Rory,11,6,1.833
2014,Morgan,10,27,0.37
2014,Phoenix,10,8,1.25
2014,Ari,8,5,1.6
2014,Cedar,8,7,1.143
2014,Harley,7,12,0.583
2014,Lennon,6,7,0.857
2014,Shiloh,6,8,0.75
2014,Taylor,6,29,0.207
2014,Teagan,6,17,0.353
2014,Harper,5,122,0.041
2014,Justice,5,7,0.714
2014,Reese,5,24,0.208
2014,Skylar,5,36,0.139
2014,Tatum,5,15,0.333
2015,Logan,148,7,21.143
2015,Hunter,125,7,17.857
2015,Lincoln,101,6,16.833
2015,Ezra,95,5,19.0
2015,Jayden,93,6,15.5
2015,Parker,74,26,2.846
2015,Sawyer,73,30,2.433
2015,Angel,71,10,7.1
2015,Dylan,70,8,8.75
2015,Ryan,61,5,12.2
2015,Blake,55,11,5.0
2015,Rowan,51,22,2.318
2015,Jordan,43,16,2.688
2015,Avery,41,123,0.333
2015,Hayden,37,25,1.48
2015,Elliot,36,11,3.273
2015,Elliott,35,10,3.5
2015,Riley,34,61,0.557
2015,Emerson,29,19,1.526
2015,Unknown,29,24,1.208
2015,Skyler,25,15,1.667
2015,Charlie,23,34,0.676
2015,Finley,23,35,0.657
2015,River,23,14,1.643
2015,Phoenix,22,14,1.571
2015,Dakota,21,9,2.333
2015,Remington,20,6,3.333
2015,Quinn,18,50,0.36
2015,Sage,18,19,0.947
2015,Harley,16,20,0.8
2015,Peyton,15,44,0.341
2015,Karter,14,6,2.333
2015,Alexis,13,41,0.317
2015,Morgan,13,18,0.722
2015,Drew,12,6,2.0
2015,Payton,12,32,0.375
2015,Eden,11,30,0.367
2015,Francis,11,5,2.2
2015,Quincy,11,5,2.2
2015,Rory,11,6,1.833
2015,Taylor,11,43,0.256
2015,Cedar,10,5,2.0
2015,Oakley,10,13,0.769
2015,Tatum,10,11,0.909
2015,Dallas,9,6,1.5
2015,Ariel,7,10,0.7
2015,Justice,7,7,1.0
2015,Lyric,7,7,1.0
2015,Skylar,7,22,0.318
2015,Emery,6,35,0.171
2015,Harper,6,134,0.045
2015,Henley,6,19,0.316
2015,Jamie,6,5,1.2
2015,Remy,6,5,1.2
2015,Shiloh,6,10,0.6
2015,Aspen,5,19,0.263
2015,Haven,5,17,0.294
2015,Lennon,5,12,0.417
2015,Reese,5,24,0.208
2016,Logan,142,11,12.909
2016,Carter,132,8,16.5
2016,Hunter,130,5,26.0
2016,Sawyer,89,20,4.45
2016,Dylan,82,17,4.824
2016,Ryan,78,7,11.143
2016,Jayden,72,6,12.0
2016,Parker,71,28,2.536
2016,Cooper,61,5,12.2
2016,Jordan,61,9,6.778
2016,Cameron,52,5,10.4
2016,Rowan,51,30,1.7
2016,Blake,50,17,2.941
2016,Elliot,50,13,3.846
2016,Elliott,44,15,2.933
2016,River,38,25,1.52
2016,Avery,32,107,0.299
2016,Charlie,32,43,0.744
2016,Hayden,31,20,1.55
2016,Emerson,27,29,0.931
2016,Finley,27,32,0.844
2016,Riley,25,74,0.338
2016,Ellis,24,6,4.0
2016,Quinn,24,52,0.462
2016,Rylan,24,8,3.0
2016,Rory,21,8,2.625
2016,Unknown,21,19,1.105
2016,Peyton,16,36,0.444
2016,Remington,16,10,1.6
2016,Sage,16,14,1.143
2016,Rowen,14,7,2.0
2016,Alexis,13,29,0.448
2016,Phoenix,13,11,1.182
2016,Dallas,12,5,2.4
2016,Ariel,8,19,0.421
2016,Dakota,8,11,0.727
2016,Eden,7,29,0.241
2016,Emery,7,31,0.226
2016,Remi,7,20,0.35
2016,Harley,6,18,0.333
2016,Lennon,6,13,0.462
2016,Reese,6,24,0.25
2016,Skylar,6,32,0.188
2016,Amari,5,8,0.625
2016,Austyn,5,6,0.833
2016,Harper,5,148,0.034
2016,Lyric,5,8,0.625
2016,Oakley,5,8,0.625
2016,Quincy,5,6,0.833
2016,Reagan,5,33,0.152
2016,Sidney,5,6,0.833
2016,Taylor,5,24,0.208
2017,Logan,165,9,18.333
2017,Carter,110,15,7.333
2017,Lincoln,110,7,15.714
2017,Sawyer,84,28,3.0
2017,Jayden,80,8,10.0
2017,Rowan,73,24,3.042
2017,Parker,65,20,3.25
2017,Dylan,62,13,4.769
2017,Ryan,59,7,8.429
2017,Jordan,57,8,7.125
2017,Elliott,52,11,4.727
2017,Cameron,49,5,9.8
2017,Elliot,47,12,3.917
2017,River,41,16,2.562
2017,Angel,40,5,8.0
2017,Finley,38,35,1.086
2017,Blake,34,23,1.478
2017,Avery,31,99,0.313
2017,Hayden,30,10,3.0
2017,Phoenix,26,9,2.889
2017,Riley,26,73,0.356
2017,Remington,25,14,1.786
2017,Charlie,24,29,0.828
2017,Unknown,24,15,1.6
2017,Emerson,23,23,1.0
2017,Sage,20,17,1.176
2017,Quinn,19,65,0.292
2017,Spencer,19,5,3.8
2017,Ari,16,5,3.2
2017,Dakota,16,18,0.889
2017,Skyler,15,7,2.143
2017,Alexis,12,20,0.6
2017,Ellis,12,6,2.0
2017,Morgan,12,18,0.667
2017,Remy,12,11,1.091
2017,Rory,12,7,1.714
2017,Amari,11,5,2.2
2017,Emery,11,38,0.289
2017,Taylor,11,32,0.344
2017,Ariel,10,13,0.769
2017,Lennon,10,6,1.667
2017,Eden,9,13,0.692
2017,Quincy,8,7,1.143
2017,Peyton,7,40,0.175
2017,Reece,7,7,1.0
2017,Marley,6,20,0.3
2017,Oakley,6,14,0.429
2017,Skylar,6,21,0.286
2017,Briar,5,12,0.417
2017,Dallas,5,6,0.833
2017,Lyric,5,12,0.417
2017,Payton,5,30,0.167
2018,Ezra,116,5,23.2
2018,Logan,115,16,7.188
2018,Carter,94,8,11.75
2018,Lincoln,94,5,18.8
2018,Hunter,92,5,18.4
2018,Sawyer,79,23,3.435
2018,Carson,68,6,11.333
2018,Parker,67,23,2.913
2018,Elliot,60,11,5.455
2018,Ryan,59,12,4.917
2018,Dylan,57,14,4.071
2018,Cooper,50,5,10.0
2018,Rowan,50,43,1.163
2018,Jayden,49,12,4.083
2018,Arlo,42,5,8.4
2018,Jude,42,6,7.0
2018,River,40,26,1.538
2018,Jordan,39,11,3.545
2018,Avery,38,82,0.463
2018,Elliott,38,7,5.429
2018,Angel,34,7,4.857
2018,Riley,32,57,0.561
2018,Unknown,28,31,0.903
2018,Blake,27,17,1.588
2018,Finley,23,23,1.0
2018,Emerson,22,11,2.0
2018,Hayden,22,11,2.0
2018,Sage,17,19,0.895
2018,Charlie,16,35,0.457
2018,Dakota,16,5,3.2
2018,Phoenix,16,8,2.0
2018,Remington,16,12,1.333
2018,Remy,16,6,2.667
2018,Quinn,14,49,0.286
2018,Skyler,13,7,1.857
2018,Rory,12,6,2.0
2018,Finnley,10,8,1.25
2018,Alexis,9,17,0.529
2018,Eden,9,22,0.409
2018,Noel,9,5,1.8
2018,Remi,9,25,0.36
2018,Royal,9,5,1.8
2018,Casey,8,6,1.333
2018,Reese,8,20,0.4
2018,Amari,7,6,1.167
2018,Ariel,7,11,0.636
2018,Emery,7,34,0.206
2018,Lennox,7,6,1.167
2018,Peyton,7,40,0.175
2018,Taylor,7,28,0.25
2018,Indigo,6,6,1.0
2018,Lennon,6,14,0.429
2018,Marley,6,22,0.273
2018,Joey,5,5,1.0
2018,London,5,6,0.833
2018,Morgan,5,10,0.5
2019,Logan,133,8,16.625
2019,Carter,97,11,8.818
2019,Hunter,70,6,11.667
2019,Sawyer,64,20,3.2
2019,Ryan,61,7,8.714
2019,Parker,56,34,1.647
2019,Cameron,53,5,10.6
2019,Dylan,53,6,8.833
2019,Rowan,51,21,2.429
2019,Elliott,50,13,3.846
2019,Jordan,44,10,4.4
2019,River,44,32,1.375
2019,Charlie,33,30,1.1
2019,Unknown,30,25,1.2
2019,Elliot,29,9,3.222
2019,Blake,27,13,2.077
2019,Finley,27,28,0.964
2019,Hayden,26,23,1.13
2019,Phoenix,24,11,2.182
2019,Emerson,23,22,1.045
2019,Riley,22,60,0.367
2019,Tyler,22,5,4.4
2019,Remington,19,11,1.727
2019,Sage,19,20,0.95
2019,Avery,18,88,0.205
2019,Ari,16,5,3.2
2019,Quinn,15,44,0.341
2019,Remy,15,10,1.5
2019,Skyler,13,8,1.625
2019,Rory,12,7,1.714
2019,Taylor,12,22,0.545
2019,Oakley,10,18,0.556
2019,Dakota,9,11,0.818
2019,Quincy,9,6,1.5
2019,Alexis,8,11,0.727
2019,Amari,7,10,0.7
2019,Harley,7,17,0.412
2019,Shiloh,7,7,1.0
2019,Jessie,6,10,0.6
2019,Leighton,6,11,0.545
2019,Peyton,6,28,0.214
2019,Tatum,6,7,0.857
2019,Briar,5,18,0.278
2019,Lennon,5,15,0.333
2019,Morgan,5,14,0.357
2019,Payton,5,36,0.139
2019,Reese,5,31,0.161
2020,Ezra,129,10,12.9
2020,Lincoln,105,9,11.667
2020,Everett,85,6,14.167
2020,Logan,80,10,8.0
2020,Carter,77,6,12.833
2020,Wesley,69,5,13.8
2020,Hunter,59,5,11.8
2020,Rowan,56,21,2.667
2020,Sawyer,50,24,2.083
2020,Dylan,48,11,4.364
2020,Parker,45,25,1.8
2020,Ryan,44,8,5.5
2020,Elliott,38,13,2.923
2020,Jordan,38,7,5.429
2020,River,38,29,1.31
2020,Elliot,36,12,3.0
2020,Micah,35,5,7.0
2020,Phoenix,29,11,2.636
2020,Avery,28,80,0.35
2020,Finley,28,21,1.333
2020,Unknown,27,16,1.688
2020,Blake,25,12,2.083
2020,Charlie,25,38,0.658
2020,Hayden,23,17,1.353
2020,Remy,22,16,1.375
2020,Riley,21,66,0.318
2020,Emerson,20,21,0.952
2020,Remington,19,14,1.357
2020,Sage,16,23,0.696
2020,Dakota,14,9,1.556
2020,Cedar,13,5,2.6
2020,Ellis,13,7,1.857
2020,Quinn,13,48,0.271
2020,Finnley,12,9,1.333
2020,Morgan,11,13,0.846
2020,Oakley,11,18,0.611
2020,Quincy,11,7,1.571
2020,Rory,11,10,1.1
2020,Shiloh,11,8,1.375
2020,Skyler,11,5,2.2
2020,Eden,10,22,0.455
2020,Layne,10,5,2.0
2020,Peyton,10,40,0.25
2020,Alexis,8,6,1.333
2020,Lennox,8,8,1.0
2020,Taylor,8,23,0.348
2020,Aspen,7,21,0.333
2020,Bellamy,7,6,1.167
2020,Lennon,7,16,0.438
2020,Lyric,7,5,1.4
2020,Rio,7,5,1.4
2020,Tatum,7,15,0.467
2020,Harley,6,12,0.5
2020,Remi,6,35,0.171
2020,Scout,6,7,0.857
2020,Ariel,5,7,0.714
2020,Ripley,5,9,0.556
2020,Robin,5,8,0.625
2020,Rogue,5,5,1.0
2021,Noah,151,5,30.2
2021,Ezra,113,6,18.833
2021,Carter,81,10,8.1
2021,Logan,77,12,6.417
2021,River,73,31,2.355
2021,Rowan,71,27,2.63
2021,Dylan,54,13,4.154
2021,Ryder,49,5,9.8
2021,Sawyer,49,23,2.13
2021,Jordan,46,13,3.538
2021,Parker,45,39,1.154
2021,Cameron,42,8,5.25
2021,Charlie,34,32,1.062
2021,Elliott,34,8,4.25
2021,Finley,32,24,1.333
2021,Unknown,30,22,1.364
2021,Avery,27,62,0.435
2021,Ellis,25,10,2.5
2021,Hayden,24,18,1.333
2021,Phoenix,24,10,2.4
2021,Ari,23,6,3.833
2021,Remy,21,9,2.333
2021,Riley,21,61,0.344
2021,Blake,20,32,0.625
2021,Oakley,20,30,0.667
2021,Amari,19,7,2.714
2021,Sage,19,29,0.655
2021,Remington,18,13,1.385
2021,Dakota,17,7,2.429
2021,Rory,16,13,1.231
2021,Cedar,15,5,3.0
2021,Emerson,15,23,0.652
2021,Quinn,15,44,0.341
2021,Finnley,14,5,2.8
2021,Skyler,12,5,2.4
2021,Tatum,11,10,1.1
2021,Alexis,10,10,1.0
2021,Remi,10,33,0.303
2021,Lennox,9,7,1.286
2021,Peyton,9,27,0.333
2021,Dallas,8,7,1.143
2021,Eden,8,24,0.333
2021,Lennon,8,16,0.5
2021,Quincy,8,9,0.889
2021,Rowen,8,5,1.6
2021,Sterling,8,7,1.143
2021,Morgan,7,13,0.538
2021,Palmer,7,6,1.167
2021,Robin,7,6,1.167
2021,Taylor,7,27,0.259
2021,Emery,5,30,0.167
2021,Harley,5,13,0.385
2021,Leighton,5,7,0.714
