YOB,Name,mFrequency,fFrequency,mForF
1920,Jean,5,26,0.192
1921,Jean,6,22,0.273
1922,Jean,5,23,0.217
1924,Jean,11,31,0.355
1925,Jean,10,41,0.244
1926,Jean,7,44,0.159
1927,Jean,6,62,0.097
1929,Jean,10,69,0.145
1931,John,315,5,63.0
1931,Jean,5,61,0.082
1932,Jean,16,70,0.229
1933,Jean,11,66,0.167
1935,Jean,7,68,0.103
1936,Jean,6,67,0.09
1937,Charles,106,5,21.2
1937,Jean,9,72,0.125
1940,Jean,10,68,0.147
1941,Jean,6,65,0.092
1942,Jean,8,66,0.121
1944,Lee,8,6,1.333
1944,Jean,6,64,0.094
1945,Jean,8,61,0.131
1945,Leslie,5,25,0.2
1946,Leslie,10,26,0.385
1946,Dale,6,12,0.5
1946,Jean,5,72,0.069
1947,Lee,15,6,2.5
1947,Dale,7,9,0.778
1947,Jean,7,83,0.084
1948,Jean,9,66,0.136
1948,Dale,8,13,0.615
1948,Lee,5,7,0.714
1948,Leslie,5,23,0.217
1949,Lee,12,5,2.4
1949,Terry,12,8,1.5
1949,Dale,10,9,1.111
1949,Leslie,7,23,0.304
1950,Lee,11,8,1.375
1950,Dale,10,8,1.25
1950,Jean,8,62,0.129
1951,Dale,12,5,2.4
1951,Robin,7,27,0.259
1951,Jean,5,65,0.077
1951,Leslie,5,37,0.135
1952,Leslie,14,33,0.424
1952,Dale,12,14,0.857
1952,Dana,11,7,1.571
1952,Kim,7,5,1.4
1953,Dale,7,14,0.5
1953,Jean,6,45,0.133
1953,Lee,6,9,0.667
1953,Leslie,5,35,0.143
1953,Terry,5,6,0.833
1954,Jean,9,64,0.141
1954,Lee,9,13,0.692
1954,Terry,8,10,0.8
1954,Dale,7,16,0.438
1954,Leslie,6,27,0.222
1955,Terry,13,10,1.3
1955,Jean,7,58,0.121
1955,Lee,6,12,0.5
1955,Robin,6,101,0.059
1955,Kim,5,26,0.192
1956,Dale,12,6,2.0
1956,Jean,9,58,0.155
1956,Lee,9,7,1.286
1956,Terry,8,13,0.615
1956,Kerry,6,7,0.857
1956,Kim,5,51,0.098
1957,Dana,11,6,1.833
1957,Lee,11,7,1.571
1957,Jean,6,52,0.115
1957,Terry,5,12,0.417
1958,Dale,16,9,1.778
1958,Terry,7,10,0.7
1958,Jean,6,60,0.1
1958,Lee,6,10,0.6
1959,Dale,10,5,2.0
1959,Terry,9,15,0.6
1959,Jean,6,56,0.107
1959,Lee,6,11,0.545
1960,Rene,15,6,2.5
1960,Dale,12,6,2.0
1960,Dana,9,10,0.9
1960,Lee,8,12,0.667
1960,Jean,6,50,0.12
1960,Tracy,6,26,0.231
1960,Terry,5,13,0.385
1961,Terry,12,12,1.0
1961,Dale,11,10,1.1
1961,Rene,9,5,1.8
1961,Jean,6,42,0.143
1961,Tracy,6,27,0.222
1961,Dana,5,10,0.5
1961,Lee,5,15,0.333
1962,Dana,9,8,1.125
1962,Terry,7,10,0.7
1962,Kerry,5,18,0.278
1962,Lee,5,8,0.625
1963,John,506,5,101.2
1963,Dana,12,15,0.8
1963,Dale,11,7,1.571
1963,Kelly,5,51,0.098
1963,Terry,5,14,0.357
1964,Shawn,16,5,3.2
1964,Dale,14,7,2.0
1964,Dana,12,16,0.75
1964,Lee,8,5,1.6
1964,Terry,7,11,0.636
1964,Kelly,5,39,0.128
1964,Tracy,5,34,0.147
1965,John,477,5,95.4
1966,John,398,5,79.6
1966,Steven,196,5,39.2
1966,Dana,7,17,0.412
1966,Kelly,6,54,0.111
1966,Lee,5,10,0.5
1966,Tracy,5,46,0.109
1967,Dana,7,21,0.333
1967,Lee,6,7,0.857
1968,John,357,6,59.5
1968,Lee,10,8,1.25
1968,Dana,6,16,0.375
1968,Jean,5,16,0.312
1969,Jamie,8,7,1.143
1969,Lee,8,8,1.0
1969,Tracy,7,85,0.082
1970,Shawn,37,5,7.4
1970,Jamie,10,8,1.25
1970,Jody,9,8,1.125
1970,Dana,8,18,0.444
1970,Lee,7,8,0.875
1971,Jamie,20,8,2.5
1971,Dana,8,22,0.364
1971,Jody,7,9,0.778
1971,Shannon,6,45,0.133
1971,Lee,5,5,1.0
1972,Jamie,34,7,4.857
1972,Dana,8,16,0.5
1972,Jody,7,9,0.778
1972,Shannon,5,29,0.172
1973,Jamie,28,8,3.5
1973,Erin,5,39,0.128
1973,Jody,5,6,0.833
1974,Jamie,31,5,6.2
1974,Dana,10,13,0.769
1975,Lee,6,6,1.0
1975,Angel,5,10,0.5
1976,Jamie,26,34,0.765
1977,Jamie,17,33,0.515
1977,Jaime,7,36,0.194
1977,Casey,5,5,1.0
1978,Jamie,8,31,0.258
1979,Michael,391,5,78.2
1979,Jamie,11,31,0.355
1979,Casey,6,8,0.75
1980,Jamie,17,27,0.63
1980,Casey,6,8,0.75
1980,Lee,5,5,1.0
1981,Casey,6,7,0.857
1981,Jamie,6,34,0.176
1982,Jamie,9,32,0.281
1982,Casey,6,10,0.6
1983,Dana,6,6,1.0
1983,Jamie,6,48,0.125
1983,Alexis,5,14,0.357
1983,Angel,5,5,1.0
1983,Jaime,5,11,0.455
1984,Casey,8,12,0.667
1984,Jamie,8,36,0.222
1984,Taylor,6,5,1.2
1984,Jaime,5,10,0.5
1985,Ryan,159,5,31.8
1985,Casey,6,6,1.0
1985,Jamie,6,36,0.167
1985,Taylor,6,5,1.2
1986,Lee,10,5,2.0
1986,Casey,8,10,0.8
1986,Jamie,6,35,0.171
1986,Taylor,5,5,1.0
1987,Jamie,10,29,0.345
1987,Taylor,7,9,0.778
1988,Ryan,123,7,17.571
1988,Jamie,7,21,0.333
1988,Taylor,6,8,0.75
1988,Casey,5,17,0.294
1989,Jordan,28,13,2.154
1989,Taylor,11,11,1.0
1989,Casey,5,17,0.294
1989,Jaime,5,5,1.0
1989,Jamie,5,28,0.179
1990,Jordan,49,18,2.722
1990,Taylor,13,34,0.382
1990,Casey,11,10,1.1
1990,Jamie,5,34,0.147
1991,Jordan,43,16,2.688
1991,Taylor,21,31,0.677
1991,Jamie,14,14,1.0
1991,Casey,13,17,0.765
1991,Angel,10,6,1.667
1991,Jaime,6,5,1.2
1991,Mackenzie,5,8,0.625
1992,Jordan,43,13,3.308
1992,Taylor,18,45,0.4
1992,Devon,11,7,1.571
1992,Angel,8,7,1.143
1992,Casey,8,24,0.333
1992,Jamie,8,21,0.381
1992,Alexis,5,20,0.25
1992,Mackenzie,5,6,0.833
1992,Morgan,5,11,0.455
1993,Jordan,48,19,2.526
1993,Taylor,20,61,0.328
1993,Devin,19,6,3.167
1993,Devon,15,5,3.0
1993,Alexis,8,21,0.381
1993,Casey,8,15,0.533
1993,Mackenzie,5,10,0.5
1994,Jordan,53,14,3.786
1994,Taylor,24,59,0.407
1994,Casey,13,24,0.542
1994,Alexis,7,37,0.189
1994,Jamie,5,20,0.25
1995,Jordan,33,13,2.538
1995,Casey,8,22,0.364
1995,Taylor,8,59,0.136
1995,Alexis,7,53,0.132
1996,Jordan,41,16,2.562
1996,Devon,23,6,3.833
1996,Taylor,11,47,0.234
1996,Alexis,7,60,0.117
1996,Dakota,7,6,1.167
1996,Casey,5,12,0.417
1996,Jamie,5,14,0.357
1997,Jordan,48,20,2.4
1997,Alexis,10,50,0.2
1997,Riley,6,6,1.0
1997,Taylor,6,63,0.095
1998,Cameron,51,6,8.5
1998,Jordan,50,19,2.632
1998,Angel,15,7,2.143
1998,Riley,11,5,2.2
1998,Casey,8,11,0.727
1998,Taylor,8,55,0.145
1998,Jamie,6,14,0.429
1999,Jordan,35,14,2.5
1999,Angel,15,5,3.0
1999,Alexis,6,62,0.097
1999,Bailey,6,5,1.2
1999,Riley,6,10,0.6
2000,Jordan,37,18,2.056
2000,Aidan,36,5,7.2
2000,Angel,23,7,3.286
2000,Riley,8,10,0.8
2000,Dakota,6,6,1.0
2000,Alexis,5,52,0.096
2001,Jordan,30,22,1.364
2001,Riley,10,7,1.429
2001,Casey,7,7,1.0
2002,Jordan,43,24,1.792
2002,Angel,29,10,2.9
2002,Riley,13,17,0.765
2003,Jordan,34,15,2.267
2003,Angel,31,6,5.167
2003,Riley,16,15,1.067
2003,Casey,6,6,1.0
2003,Alexis,5,44,0.114
2004,Jordan,38,11,3.455
2004,Riley,14,23,0.609
2004,Jaiden,12,5,2.4
2004,Alexis,6,39,0.154
2005,Jordan,47,6,7.833
2005,Riley,16,23,0.696
2005,Alexis,5,39,0.128
2005,Taylor,5,17,0.294
2006,Angel,38,5,7.6
2006,Jordan,34,8,4.25
2006,Riley,16,21,0.762
2006,Alexis,6,36,0.167
2006,Avery,6,18,0.333
2006,Peyton,5,5,1.0
2006,Taylor,5,15,0.333
2007,Jordan,45,14,3.214
2007,Angel,29,5,5.8
2007,Riley,11,15,0.733
2007,Hayden,7,10,0.7
2008,Riley,13,27,0.481
2008,Hayden,11,12,0.917
2008,Alexis,6,37,0.162
2008,Avery,6,24,0.25
2009,Jordan,38,5,7.6
2009,Angel,24,7,3.429
2009,Riley,21,19,1.105
2009,Hayden,7,8,0.875
2009,Avery,5,24,0.208
2009,Casey,5,6,0.833
2010,Riley,17,11,1.545
2010,Hayden,10,5,2.0
2010,Taylor,5,13,0.385
2011,Riley,11,21,0.524
2011,Peyton,6,8,0.75
2011,Quinn,6,6,1.0
2012,Quinn,7,13,0.538
2012,Avery,6,29,0.207
2012,Alexis,5,19,0.263
2013,Jordan,20,6,3.333
2013,Riley,8,14,0.571
2013,Avery,7,38,0.184
2013,Hayden,5,6,0.833
2013,Quinn,5,13,0.385
2014,Avery,8,42,0.19
2014,Riley,7,21,0.333
2014,Rowan,6,6,1.0
2015,Blake,13,8,1.625
2015,Avery,7,39,0.179
2015,Quinn,7,18,0.389
2015,Emerson,5,6,0.833
2015,Riley,5,23,0.217
2016,Avery,8,42,0.19
2016,Rowan,5,9,0.556
2017,Logan,55,6,9.167
2017,Rowan,15,9,1.667
2017,Emerson,10,11,0.909
2017,Avery,9,34,0.265
2018,Dylan,32,5,6.4
2018,Parker,11,6,1.833
2018,Charlie,9,5,1.8
2018,Quinn,8,8,1.0
2018,Rowan,8,7,1.143
2018,Avery,7,38,0.184
2019,Cameron,34,5,6.8
2019,Emerson,10,7,1.429
2020,Rowan,13,6,2.167
2020,Avery,11,33,0.333
2020,Rory,9,7,1.286
2020,Blake,8,5,1.6
2020,Parker,8,6,1.333
2021,Rowan,10,5,2.0
2021,Blake,8,5,1.6
2021,Charlie,7,8,0.875
2021,Parker,7,6,1.167
2021,Avery,5,31,0.161
2021,Quinn,5,12,0.417
