YOB,Name,mFrequency,fFrequency,mForF
1913,Merle,7,5,1.4
1914,Marion,11,17,0.647
1915,Merle,15,5,3.0
1915,Marion,9,22,0.409
1916,Merle,16,7,2.286
1916,Laverne,10,7,1.429
1916,Marion,5,20,0.25
1917,Marion,12,21,0.571
1917,Laverne,8,8,1.0
1918,Marion,8,27,0.296
1918,Laverne,7,6,1.167
1919,Laverne,8,6,1.333
1919,Marion,7,23,0.304
1919,Cleo,6,7,0.857
1919,Shirley,5,24,0.208
1920,Marion,18,24,0.75
1920,Laverne,16,7,2.286
1921,Merle,33,5,6.6
1921,Laverne,14,5,2.8
1921,Marion,9,28,0.321
1922,Marion,10,25,0.4
1922,Jean,6,37,0.162
1923,Laverne,13,6,2.167
1923,Marion,11,16,0.688
1923,Gail,6,5,1.2
1924,Laverne,18,7,2.571
1924,Marion,10,22,0.455
1925,Robert,413,5,82.6
1925,Laverne,15,7,2.143
1925,Marion,11,25,0.44
1926,Laverne,20,9,2.222
1926,Marion,9,18,0.5
1926,Laurel,5,5,1.0
1927,Laverne,21,6,3.5
1927,Marion,12,19,0.632
1928,Laverne,21,12,1.75
1928,Carol,5,46,0.109
1929,Laverne,15,8,1.875
1930,Marion,5,14,0.357
1931,Donald,285,6,47.5
1931,Laverne,20,6,3.333
1931,Marion,6,14,0.429
1932,William,122,5,24.4
1933,Donald,289,5,57.8
1933,Laverne,14,5,2.8
1933,Marion,5,12,0.417
1934,Laverne,9,6,1.5
1934,Marion,6,8,0.75
1934,Pat,5,9,0.556
1935,Laverne,8,5,1.6
1935,Pat,7,8,0.875
1936,Jackie,6,5,1.2
1936,Marion,5,14,0.357
1937,Pat,6,10,0.6
1937,Jackie,5,8,0.625
1937,Marion,5,10,0.5
1938,Jackie,8,6,1.333
1941,Terry,35,5,7.0
1941,Lynn,12,9,1.333
1941,Jackie,5,5,1.0
1942,Pat,5,10,0.5
1943,Terry,47,5,9.4
1943,Lynn,15,5,3.0
1943,Pat,6,9,0.667
1944,Lynn,14,6,2.333
1945,Lynn,16,11,1.455
1945,Jackie,5,5,1.0
1946,Terry,73,6,12.167
1946,Lynn,14,13,1.077
1946,Leslie,13,7,1.857
1946,Jackie,5,5,1.0
1946,Marion,5,6,0.833
1946,Pat,5,6,0.833
1947,Terry,91,6,15.167
1947,Lynn,27,23,1.174
1947,Lee,16,5,3.2
1947,Pat,6,15,0.4
1947,Robin,5,7,0.714
1948,Terry,90,10,9.0
1948,Lynn,29,21,1.381
1948,Leslie,22,6,3.667
1948,Jan,6,11,0.545
1948,Robin,6,5,1.2
1949,Terry,126,12,10.5
1949,Leslie,28,7,4.0
1949,Lee,21,5,4.2
1949,Lynn,20,25,0.8
1949,Robin,7,5,1.4
1949,Jan,6,10,0.6
1949,Gail,5,21,0.238
1950,Terry,105,5,21.0
1950,Lynn,25,21,1.19
1950,Lee,23,5,4.6
1950,Leslie,18,6,3.0
1950,Dana,5,7,0.714
1951,Terry,113,11,10.273
1951,Lynn,34,25,1.36
1951,Leslie,14,6,2.333
1951,Dana,11,6,1.833
1951,Jan,8,11,0.727
1952,Terry,130,15,8.667
1952,Kim,42,5,8.4
1952,Lynn,29,27,1.074
1952,Leslie,16,9,1.778
1952,Kerry,13,5,2.6
1952,Robin,6,13,0.462
1953,Terry,99,11,9.0
1953,Kim,33,19,1.737
1953,Lee,26,6,4.333
1953,Lynn,20,23,0.87
1953,Leslie,17,10,1.7
1953,Robin,12,24,0.5
1953,Jackie,5,6,0.833
1953,Jan,5,13,0.385
1954,Terry,101,18,5.611
1954,Kim,34,19,1.789
1954,Lynn,24,26,0.923
1954,Leslie,17,9,1.889
1954,Lee,15,8,1.875
1954,Robin,11,24,0.458
1954,Gale,10,5,2.0
1954,Tracy,7,6,1.167
1955,Terry,129,19,6.789
1955,Kim,29,29,1.0
1955,Leslie,29,11,2.636
1955,Kelly,25,5,5.0
1955,Lee,24,11,2.182
1955,Lynn,22,35,0.629
1955,Dana,13,6,2.167
1955,Robin,12,29,0.414
1955,Kerry,8,8,1.0
1956,Terry,122,13,9.385
1956,Kim,53,55,0.964
1956,Lynn,25,25,1.0
1956,Leslie,17,10,1.7
1956,Robin,13,37,0.351
1956,Lee,12,11,1.091
1956,Jan,9,18,0.5
1956,Jody,8,19,0.421
1956,Dana,7,8,0.875
1956,Gale,5,6,0.833
1957,Terry,106,23,4.609
1957,Kelly,31,12,2.583
1957,Kim,27,69,0.391
1957,Lee,26,6,4.333
1957,Lynn,20,17,1.176
1957,Leslie,17,9,1.889
1957,Kerry,7,5,1.4
1957,Robin,7,37,0.189
1957,Jan,5,15,0.333
1957,Jody,5,14,0.357
1958,Terry,88,19,4.632
1958,Kelly,29,21,1.381
1958,Leslie,19,20,0.95
1958,Kim,16,57,0.281
1958,Dana,12,5,2.4
1958,Robin,12,36,0.333
1958,Lynn,9,27,0.333
1958,Jan,7,16,0.438
1958,Kerry,7,6,1.167
1958,Pat,7,7,1.0
1958,Tracy,6,18,0.333
1959,Terry,89,11,8.091
1959,Kelly,29,47,0.617
1959,Lynn,18,28,0.643
1959,Dana,15,5,3.0
1959,Leslie,15,16,0.938
1959,Chris,14,5,2.8
1959,Shawn,11,6,1.833
1959,Jody,9,21,0.429
1959,Kim,9,72,0.125
1959,Robin,8,46,0.174
1960,Terry,79,9,8.778
1960,Kelly,37,39,0.949
1960,Dana,25,11,2.273
1960,Kim,17,74,0.23
1960,Leslie,17,17,1.0
1960,Tracy,13,25,0.52
1960,Kerry,9,7,1.286
1960,Lynn,9,33,0.273
1960,Shawn,9,11,0.818
1960,Robin,8,62,0.129
1960,Jackie,5,13,0.385
1961,Terry,91,10,9.1
1961,Kelly,40,53,0.755
1961,Chris,19,6,3.167
1961,Lee,18,7,2.571
1961,Kim,16,56,0.286
1961,Robin,12,69,0.174
1961,Lynn,11,22,0.5
1961,Dana,10,7,1.429
1961,Leslie,10,11,0.909
1961,Tracy,9,24,0.375
1961,Kerry,7,9,0.778
1961,Jody,6,16,0.375
1961,Shawn,6,6,1.0
1961,Jan,5,10,0.5
1962,Terry,89,6,14.833
1962,Kelly,48,46,1.043
1962,Chris,17,7,2.429
1962,Lynn,17,24,0.708
1962,Dana,16,5,3.2
1962,Leslie,13,17,0.765
1962,Tracy,13,24,0.542
1962,Robin,12,63,0.19
1962,Kerry,10,5,2.0
1962,Kim,10,70,0.143
1962,Shawn,9,8,1.125
1962,Shannon,5,6,0.833
1963,Terry,88,5,17.6
1963,Kelly,41,49,0.837
1963,Shawn,21,12,1.75
1963,Tracy,14,40,0.35
1963,Kim,12,50,0.24
1963,Leslie,12,15,0.8
1963,Lynn,11,21,0.524
1963,Dana,10,10,1.0
1963,Robin,9,61,0.148
1963,Stacy,5,16,0.312
1964,Terry,68,5,13.6
1964,Kelly,30,42,0.714
1964,Shawn,23,13,1.769
1964,Leslie,18,20,0.9
1964,Lee,17,6,2.833
1964,Tracy,15,35,0.429
1964,Kim,12,45,0.267
1964,Lynn,10,30,0.333
1964,Dana,8,20,0.4
1964,Kerry,8,6,1.333
1964,Shannon,8,9,0.889
1964,Jody,7,22,0.318
1964,Jamie,6,11,0.545
1964,Robin,6,53,0.113
1965,Kelly,29,37,0.784
1965,Shawn,26,9,2.889
1965,Chris,25,5,5.0
1965,Jody,10,21,0.476
1965,Shannon,10,10,1.0
1965,Lynn,9,29,0.31
1965,Tracy,9,21,0.429
1965,Jamie,8,11,0.727
1965,Dana,7,10,0.7
1965,Leslie,6,17,0.353
1965,Stacey,5,10,0.5
1966,Kelly,37,34,1.088
1966,Shawn,32,9,3.556
1966,Tracy,16,27,0.593
1966,Shannon,8,8,1.0
1966,Jody,7,19,0.368
1966,Lynn,7,24,0.292
1966,Dana,6,9,0.667
1966,Leslie,5,10,0.5
1967,Kelly,34,37,0.919
1967,Lee,26,9,2.889
1967,Shawn,26,13,2.0
1967,Tracy,16,33,0.485
1967,Jamie,9,5,1.8
1967,Leslie,9,14,0.643
1967,Marty,9,5,1.8
1967,Stacy,9,18,0.5
1967,Dana,8,10,0.8
1967,Stacey,8,14,0.571
1967,Jody,6,21,0.286
1967,Shannon,6,16,0.375
1967,Kim,5,35,0.143
1968,Kelly,36,28,1.286
1968,Shawn,33,12,2.75
1968,Jody,14,19,0.737
1968,Lee,13,6,2.167
1968,Dana,11,8,1.375
1968,Shannon,11,20,0.55
1968,Stacy,10,20,0.5
1968,Tracy,9,37,0.243
1968,Leslie,7,15,0.467
1968,Jamie,6,8,0.75
1968,Stacey,6,35,0.171
1968,Lynn,5,18,0.278
1969,Shawn,39,14,2.786
1969,Kelly,28,29,0.966
1969,Shannon,18,34,0.529
1969,Stacy,16,29,0.552
1969,Jamie,14,9,1.556
1969,Jody,11,18,0.611
1969,Leslie,10,11,0.909
1969,Tracy,7,43,0.163
1969,Stacey,5,27,0.185
1970,Shawn,43,18,2.389
1970,Kelly,26,23,1.13
1970,Shannon,17,35,0.486
1970,Jamie,13,11,1.182
1970,Dana,11,12,0.917
1970,Jody,9,17,0.529
1970,Kerry,6,6,1.0
1970,Leslie,6,11,0.545
1970,Tracy,6,39,0.154
1970,Stacy,5,40,0.125
1971,Shawn,71,11,6.455
1971,Kelly,27,18,1.5
1971,Shannon,19,30,0.633
1971,Jamie,11,15,0.733
1971,Tracy,10,31,0.323
1971,Dana,9,9,1.0
1971,Leslie,7,11,0.636
1971,Jody,5,17,0.294
1971,Robin,5,15,0.333
1971,Stacy,5,35,0.143
1972,Shawn,50,12,4.167
1972,Kelly,24,16,1.5
1972,Jamie,23,12,1.917
1972,Tracy,17,33,0.515
1972,Shannon,13,35,0.371
1972,Jody,11,14,0.786
1972,Dana,10,11,0.909
1972,Leslie,6,16,0.375
1972,Lynn,6,17,0.353
1973,Shawn,57,9,6.333
1973,Jamie,28,11,2.545
1973,Kelly,20,24,0.833
1973,Shannon,16,30,0.533
1973,Tracy,12,38,0.316
1973,Dana,9,12,0.75
1973,Jody,8,21,0.381
1973,Robin,5,16,0.312
1973,Stacy,5,37,0.135
1974,Shawn,48,6,8.0
1974,Jamie,24,11,2.182
1974,Kelly,24,22,1.091
1974,Shannon,16,38,0.421
1974,Dana,12,7,1.714
1974,Tracy,8,27,0.296
1974,Leslie,7,11,0.636
1974,Jody,6,21,0.286
1974,Stacy,6,45,0.133
1974,Kerry,5,13,0.385
1975,Jamie,38,11,3.455
1975,Kelly,28,38,0.737
1975,Shannon,15,27,0.556
1975,Tracy,11,21,0.524
1975,Dana,9,7,1.286
1975,Jody,5,22,0.227
1975,Kerry,5,5,1.0
1975,Stacy,5,33,0.152
1976,Shawn,54,6,9.0
1976,Jamie,30,34,0.882
1976,Kelly,18,31,0.581
1976,Shannon,12,44,0.273
1976,Jody,8,17,0.471
1976,Jessie,6,7,0.857
1977,Jamie,31,48,0.646
1977,Casey,24,5,4.8
1977,Kelly,16,38,0.421
1977,Dana,9,11,0.818
1977,Jody,7,20,0.35
1977,Shannon,7,38,0.184
1978,Cody,42,6,7.0
1978,Jamie,21,48,0.438
1978,Kelly,13,54,0.241
1978,Dana,9,5,1.8
1978,Courtney,7,10,0.7
1978,Shannon,7,40,0.175
1978,Leslie,5,14,0.357
1978,Tracy,5,26,0.192
1979,Jesse,59,6,9.833
1979,Casey,34,11,3.091
1979,Jamie,22,71,0.31
1979,Kelly,18,44,0.409
1979,Dana,5,10,0.5
1979,Shannon,5,35,0.143
1980,Casey,34,9,3.778
1980,Jamie,21,52,0.404
1980,Kelly,14,42,0.333
1980,Dana,5,14,0.357
1980,Leslie,5,11,0.455
1981,Casey,32,8,4.0
1981,Kelly,15,27,0.556
1981,Jamie,13,50,0.26
1981,Dana,5,6,0.833
1981,Shannon,5,23,0.217
1982,Casey,32,8,4.0
1982,Jordan,26,6,4.333
1982,Kelly,18,29,0.621
1982,Jamie,15,57,0.263
1983,Casey,30,6,5.0
1983,Jordan,28,6,4.667
1983,Jamie,12,53,0.226
1983,Kelly,9,31,0.29
1983,Jessie,5,6,0.833
1983,Morgan,5,7,0.714
1984,Casey,25,12,2.083
1984,Kelly,17,31,0.548
1984,Jamie,8,47,0.17
1984,Jessie,5,11,0.455
1985,Kelly,12,27,0.444
1985,Jamie,8,62,0.129
1986,Jordan,52,5,10.4
1986,Casey,44,11,4.0
1986,Kelly,11,27,0.407
1986,Jamie,10,30,0.333
1986,Dana,5,7,0.714
1987,Jordan,55,6,9.167
1987,Casey,37,10,3.7
1987,Taylor,17,5,3.4
1987,Jamie,12,38,0.316
1987,Kelly,10,26,0.385
1987,Dana,6,9,0.667
1988,Jordan,75,9,8.333
1988,Casey,26,5,5.2
1988,Morgan,9,14,0.643
1988,Dana,6,11,0.545
1988,Kelly,6,13,0.462
1988,Jamie,5,33,0.152
1989,Tyler,112,5,22.4
1989,Jordan,106,22,4.818
1989,Casey,32,8,4.0
1989,Taylor,18,6,3.0
1989,Kelly,9,10,0.9
1989,Jamie,7,31,0.226
1989,Jade,5,5,1.0
1990,Jordan,126,23,5.478
1990,Taylor,45,24,1.875
1990,Casey,28,10,2.8
1990,Jamie,10,30,0.333
1990,Kelly,6,18,0.333
1991,Jordan,115,21,5.476
1991,Jesse,48,6,8.0
1991,Taylor,48,40,1.2
1991,Casey,31,8,3.875
1991,Jamie,8,15,0.533
1991,Jade,5,5,1.0
1991,Kelly,5,8,0.625
1992,Jordan,92,18,5.111
1992,Taylor,54,48,1.125
1992,Casey,23,8,2.875
1992,Devon,10,5,2.0
1992,Morgan,6,46,0.13
1993,Jordan,82,21,3.905
1993,Taylor,42,87,0.483
1993,Hunter,12,5,2.4
1993,Jade,8,10,0.8
1993,Jamie,5,26,0.192
1993,Kelly,5,9,0.556
1993,Morgan,5,32,0.156
1994,Jordan,66,29,2.276
1994,Taylor,49,78,0.628
1994,Logan,45,7,6.429
1994,Jade,6,7,0.857
1995,Jordan,61,31,1.968
1995,Logan,50,7,7.143
1995,Taylor,34,74,0.459
1995,Casey,17,7,2.429
1995,Bailey,8,20,0.4
1995,Jade,6,15,0.4
1995,Morgan,6,60,0.1
1995,Tristan,6,5,1.2
1995,Sidney,5,5,1.0
1996,Jordan,57,18,3.167
1996,Taylor,32,62,0.516
1996,Morgan,11,51,0.216
1996,Bailey,10,30,0.333
1996,Tristen,7,5,1.4
1996,Payton,6,8,0.75
1997,Jordan,53,30,1.767
1997,Riley,42,6,7.0
1997,Taylor,30,70,0.429
1997,Skyler,12,5,2.4
1997,Bailey,10,25,0.4
1997,Dakota,9,5,1.8
1997,Morgan,6,56,0.107
1997,Sage,6,5,1.2
1997,Payton,5,7,0.714
1998,Logan,54,9,6.0
1998,Jordan,50,19,2.632
1998,Cameron,23,5,4.6
1998,Taylor,21,66,0.318
1998,Bailey,12,43,0.279
1998,Payton,12,5,2.4
1998,Peyton,8,7,1.143
1999,Riley,48,6,8.0
1999,Jordan,33,16,2.062
1999,Taylor,18,62,0.29
1999,Jaden,15,9,1.667
1999,Peyton,11,5,2.2
1999,Skyler,11,8,1.375
1999,Bailey,9,24,0.375
1999,Skylar,6,8,0.75
1999,Morgan,5,42,0.119
1999,Sage,5,6,0.833
2000,Hunter,61,5,12.2
2000,Jordan,44,20,2.2
2000,Riley,34,9,3.778
2000,Jaden,19,11,1.727
2000,Jayden,19,6,3.167
2000,Payton,16,6,2.667
2000,Taylor,16,60,0.267
2000,Peyton,13,10,1.3
2000,Bailey,11,27,0.407
2000,Skyler,8,5,1.6
2000,Avery,5,6,0.833
2001,Jordan,37,12,3.083
2001,Riley,30,5,6.0
2001,Jayden,20,10,2.0
2001,Jaden,19,5,3.8
2001,Taylor,19,57,0.333
2001,Peyton,15,7,2.143
2001,Payton,14,13,1.077
2001,Avery,10,14,0.714
2001,Skyler,7,5,1.4
2001,Jade,6,13,0.462
2001,Rylee,6,6,1.0
2001,Morgan,5,51,0.098
2002,Riley,36,12,3.0
2002,Jayden,27,9,3.0
2002,Jordan,25,16,1.562
2002,Jaden,21,8,2.625
2002,Payton,16,15,1.067
2002,Peyton,15,8,1.875
2002,Ashton,13,9,1.444
2002,Bailey,13,21,0.619
2002,Micah,11,5,2.2
2002,Skyler,9,5,1.8
2002,Taylor,8,42,0.19
2002,Avery,7,15,0.467
2002,Angel,6,8,0.75
2003,Dylan,52,5,10.4
2003,Riley,37,7,5.286
2003,Ashton,33,7,4.714
2003,Jaden,26,6,4.333
2003,Jordan,23,16,1.438
2003,Jayden,21,7,3.0
2003,Avery,12,27,0.444
2003,Peyton,12,10,1.2
2003,Payton,10,13,0.769
2003,Taylor,10,53,0.189
2003,Bailey,6,27,0.222
2003,Reese,6,5,1.2
2003,Rylee,6,10,0.6
2004,Riley,46,13,3.538
2004,Jordan,29,11,2.636
2004,Jayden,25,7,3.571
2004,Jaden,22,7,3.143
2004,Peyton,16,6,2.667
2004,Payton,13,13,1.0
2004,Avery,11,12,0.917
2004,Taylor,11,37,0.297
2004,Sage,8,6,1.333
2004,Morgan,6,41,0.146
2004,Reese,5,11,0.455
2005,Riley,38,16,2.375
2005,Peyton,27,10,2.7
2005,Ashton,22,5,4.4
2005,Jayden,19,11,1.727
2005,Jordan,19,12,1.583
2005,Jaden,13,6,2.167
2005,Taylor,11,43,0.256
2005,Avery,10,17,0.588
2005,Payton,8,10,0.8
2005,Angel,7,7,1.0
2005,Reese,5,7,0.714
2006,Riley,37,12,3.083
2006,Jordan,20,6,3.333
2006,Jayden,19,7,2.714
2006,Payton,16,8,2.0
2006,Peyton,13,5,2.6
2006,Taylor,12,39,0.308
2006,Jaden,9,8,1.125
2006,Avery,8,33,0.242
2006,Dakota,7,6,1.167
2006,Charlie,5,5,1.0
2006,Rylee,5,16,0.312
2007,Hayden,43,9,4.778
2007,Logan,43,5,8.6
2007,Riley,37,11,3.364
2007,Jayden,26,10,2.6
2007,Jordan,22,9,2.444
2007,Peyton,17,7,2.429
2007,Taylor,10,36,0.278
2007,Payton,8,9,0.889
2007,Quinn,6,5,1.2
2007,Morgan,5,20,0.25
2008,Riley,38,14,2.714
2008,Hayden,29,11,2.636
2008,Jayden,24,7,3.429
2008,Peyton,20,25,0.8
2008,Jordan,15,8,1.875
2008,Avery,10,28,0.357
2008,Payton,8,14,0.571
2008,Dakota,5,7,0.714
2008,Morgan,5,19,0.263
2008,Quinn,5,6,0.833
2009,Riley,35,9,3.889
2009,Jordan,23,6,3.833
2009,Rylan,20,6,3.333
2009,Cameron,17,6,2.833
2009,Hayden,17,17,1.0
2009,Sawyer,14,6,2.333
2009,Quinn,8,5,1.6
2009,Morgan,7,19,0.368
2009,Peyton,7,18,0.389
2009,Rowan,7,5,1.4
2009,Teagan,7,7,1.0
2009,Hadley,6,7,0.857
2009,Angel,5,5,1.0
2009,Payton,5,15,0.333
2010,Jayden,26,5,5.2
2010,Hayden,20,7,2.857
2010,Riley,19,10,1.9
2010,Avery,12,37,0.324
2010,Sawyer,10,5,2.0
2010,Angel,9,8,1.125
2010,Teagan,9,6,1.5
2010,Peyton,8,23,0.348
2010,Kendall,6,8,0.75
2010,Payton,6,16,0.375
2010,Marley,5,5,1.0
2011,Jayden,27,6,4.5
2011,Riley,25,8,3.125
2011,Hayden,18,8,2.25
2011,Jordan,14,9,1.556
2011,Peyton,10,21,0.476
2011,Avery,9,34,0.265
2011,Teagan,8,8,1.0
2011,Jaden,7,5,1.4
2011,Emerson,5,5,1.0
2011,Payton,5,10,0.5
2011,Quinn,5,16,0.312
2012,Logan,51,5,10.2
2012,Bentley,40,5,8.0
2012,Parker,25,6,4.167
2012,Riley,23,7,3.286
2012,Jordan,17,5,3.4
2012,Hayden,15,5,3.0
2012,Avery,13,34,0.382
2012,Charlie,8,9,0.889
2012,Peyton,7,11,0.636
2012,Angel,5,6,0.833
2012,Emery,5,14,0.357
2012,Payton,5,9,0.556
2013,Riley,20,10,2.0
2013,Sawyer,19,8,2.375
2013,Charlie,16,11,1.455
2013,Hayden,15,11,1.364
2013,Peyton,8,14,0.571
2013,Quinn,7,17,0.412
2013,Finley,6,6,1.0
2013,Dakota,5,6,0.833
2014,Bentley,28,5,5.6
2014,Sawyer,23,5,4.6
2014,Hayden,15,18,0.833
2014,Avery,14,26,0.538
2014,Jayden,12,5,2.4
2014,Peyton,12,19,0.632
2014,Payton,8,12,0.667
2014,Finley,7,5,1.4
2014,Oakley,6,6,1.0
2014,Morgan,5,18,0.278
2014,Taylor,5,13,0.385
2015,Parker,19,7,2.714
2015,Riley,18,11,1.636
2015,Sawyer,18,14,1.286
2015,Blake,17,6,2.833
2015,Hayden,14,12,1.167
2015,Jordan,14,5,2.8
2015,Charlie,13,11,1.182
2015,Oakley,13,11,1.182
2015,Elliot,11,5,2.2
2015,Peyton,10,12,0.833
2015,Rowan,9,8,1.125
2015,Sutton,8,9,0.889
2015,Avery,7,39,0.179
2015,Remington,6,5,1.2
2015,Emerson,5,11,0.455
2016,Sawyer,38,11,3.455
2016,Hayden,13,9,1.444
2016,Rowan,11,9,1.222
2016,Blake,10,6,1.667
2016,Riley,9,20,0.45
2016,Tatum,9,10,0.9
2016,Finley,7,10,0.7
2016,Leighton,7,7,1.0
2016,Oakley,7,6,1.167
2016,Phoenix,7,6,1.167
2016,Sutton,6,9,0.667
2016,Emerson,5,7,0.714
2016,Lennon,5,8,0.625
2016,Peyton,5,8,0.625
2017,Logan,45,6,7.5
2017,Parker,23,9,2.556
2017,Sawyer,22,13,1.692
2017,Oakley,13,10,1.3
2017,Riley,12,16,0.75
2017,Charlie,10,8,1.25
2017,Elliott,10,6,1.667
2017,Emerson,10,10,1.0
2017,Blake,9,14,0.643
2017,Hayden,9,6,1.5
2017,Avery,7,24,0.292
2017,Finley,6,10,0.6
2017,Harley,6,7,0.857
2017,Peyton,5,14,0.357
2018,Sawyer,25,13,1.923
2018,Rowan,13,10,1.3
2018,Parker,12,8,1.5
2018,Charlie,11,7,1.571
2018,Riley,11,15,0.733
2018,Hayden,10,13,0.769
2018,Elliott,9,7,1.286
2018,Oakley,8,11,0.727
2018,Remington,8,7,1.143
2018,Avery,7,35,0.2
2018,Finley,7,8,0.875
2018,Sutton,6,5,1.2
2019,Sawyer,19,9,2.111
2019,Elliot,17,5,3.4
2019,Oakley,17,9,1.889
2019,Parker,14,7,2.0
2019,River,11,13,0.846
2019,Finley,10,9,1.111
2019,Hayden,9,7,1.286
2019,Quinn,8,18,0.444
2019,Riley,8,7,1.143
2019,Avery,7,20,0.35
2019,Charlie,7,8,0.875
2019,Blake,6,5,1.2
2020,Sawyer,20,10,2.0
2020,Rowan,16,5,3.2
2020,Hayden,12,6,2.0
2020,Riley,12,6,2.0
2020,Parker,8,11,0.727
2020,Avery,7,17,0.412
2020,Charlie,7,12,0.583
2020,Oakley,6,8,0.75
2020,Peyton,5,7,0.714
2020,River,5,6,0.833
2021,Logan,19,7,2.714
2021,Parker,15,18,0.833
2021,Sawyer,14,12,1.167
2021,River,13,11,1.182
2021,Blake,10,8,1.25
2021,Rowan,10,6,1.667
2021,Baylor,9,6,1.5
2021,Finley,8,10,0.8
2021,Sutton,8,8,1.0
2021,Riley,7,10,0.7
2021,Avery,6,25,0.24
2021,Charlie,6,7,0.857
2021,Lennox,6,6,1.0
2021,Eden,5,7,0.714
2021,Oakley,5,11,0.455
2021,Remington,5,6,0.833
