YOB,Name,mFrequency,fFrequency,mForF
1912,Marion,6,5,1.2
1913,Marion,10,13,0.769
1914,Alma,12,7,1.714
1915,Fay,7,12,0.583
1915,Afton,5,23,0.217
1916,Marion,10,23,0.435
1916,Fay,6,16,0.375
1916,June,5,59,0.085
1917,Marion,12,20,0.6
1917,Shirley,8,18,0.444
1917,Gail,6,7,0.857
1917,June,6,71,0.085
1918,Alma,17,13,1.308
1918,Verl,10,5,2.0
1918,Marion,9,19,0.474
1918,Kay,8,7,1.143
1918,Lavon,6,10,0.6
1918,Shirley,5,31,0.161
1919,Marion,11,12,0.917
1919,Fay,7,15,0.467
1919,Merle,6,6,1.0
1920,Gene,10,7,1.429
1920,Alma,8,9,0.889
1920,Kay,7,7,1.0
1920,Afton,6,37,0.162
1920,Marion,6,26,0.231
1921,Lyle,17,6,2.833
1921,Alma,13,7,1.857
1921,Marion,10,28,0.357
1921,Fay,6,18,0.333
1921,Shirley,6,60,0.1
1921,Jean,5,38,0.132
1921,Kay,5,5,1.0
1922,Marion,14,23,0.609
1922,Gene,13,5,2.6
1922,Shirley,8,71,0.113
1922,Billie,6,9,0.667
1923,Gene,10,5,2.0
1923,Marion,10,21,0.476
1923,June,5,80,0.062
1923,Shirley,5,74,0.068
1924,Marion,8,28,0.286
1924,Fay,6,11,0.545
1925,Fay,7,11,0.636
1925,Marion,6,23,0.261
1926,Marion,10,12,0.833
1926,Shirley,7,149,0.047
1927,Gene,28,5,5.6
1927,Marion,6,22,0.273
1927,Shirley,6,144,0.042
1928,Marion,9,22,0.409
1928,Shirley,6,156,0.038
1929,Billie,6,8,0.75
1929,Marion,6,13,0.462
1929,Alma,5,5,1.0
1929,Shirley,5,149,0.034
1930,Jerry,39,6,6.5
1930,Kay,15,5,3.0
1930,Marion,6,12,0.5
1930,Shirley,6,160,0.038
1931,Jerry,58,5,11.6
1931,Kay,12,7,1.714
1931,Marion,7,11,0.636
1931,Sharon,6,10,0.6
1932,Jerry,56,9,6.222
1932,Kay,14,7,2.0
1932,Billie,5,6,0.833
1933,Joe,25,7,3.571
1933,Kay,16,7,2.286
1933,Gayle,6,13,0.462
1934,Kay,20,15,1.333
1934,Gail,14,7,2.0
1934,Marion,6,9,0.667
1935,Lynn,43,5,8.6
1935,Kay,16,28,0.571
1935,Marion,8,13,0.615
1935,Gail,6,5,1.2
1935,Gayle,5,27,0.185
1935,Jackie,5,7,0.714
1936,Jerry,71,5,14.2
1936,Lee,25,5,5.0
1936,Kay,22,30,0.733
1936,Marion,9,8,1.125
1936,Gayle,8,19,0.421
1937,Dee,15,10,1.5
1937,Kay,9,29,0.31
1937,Sharon,7,102,0.069
1937,Jackie,6,5,1.2
1938,Lee,37,6,6.167
1938,Dee,14,8,1.75
1938,Kay,13,39,0.333
1938,Gayle,5,20,0.25
1939,Terry,30,5,6.0
1939,Lee,28,5,5.6
1939,Dee,14,8,1.75
1939,Kay,14,49,0.286
1939,Gail,11,15,0.733
1939,Jackie,7,8,0.875
1939,Gayle,5,26,0.192
1939,Marion,5,7,0.714
1940,Jerry,89,5,17.8
1940,Lee,36,7,5.143
1940,Kay,11,52,0.212
1940,Dee,8,10,0.8
1940,Gail,7,11,0.636
1940,Marion,6,6,1.0
1941,Jerry,88,5,17.6
1941,Lynn,70,8,8.75
1941,Terry,38,6,6.333
1941,Lee,31,9,3.444
1941,Dee,15,6,2.5
1941,Leslie,14,8,1.75
1941,Kay,11,40,0.275
1941,Francis,6,6,1.0
1941,Marion,6,8,0.75
1942,Lynn,83,7,11.857
1942,Leslie,14,9,1.556
1942,Dee,13,6,2.167
1942,Kay,12,38,0.316
1942,Alma,5,6,0.833
1943,Lynn,101,10,10.1
1943,Jerry,99,5,19.8
1943,Terry,75,11,6.818
1943,Leslie,24,16,1.5
1943,Kay,11,43,0.256
1943,Dee,8,6,1.333
1943,Pat,7,28,0.25
1943,Jan,6,8,0.75
1943,Gail,5,20,0.25
1943,Jackie,5,11,0.455
1944,Jerry,74,6,12.333
1944,Lynn,62,10,6.2
1944,Terry,57,7,8.143
1944,Dee,15,12,1.25
1944,Leslie,15,22,0.682
1944,Kay,11,38,0.289
1944,Gayle,6,18,0.333
1945,Lynn,67,11,6.091
1945,Terry,60,8,7.5
1945,Lee,19,6,3.167
1945,Leslie,14,29,0.483
1945,Dee,9,10,0.9
1945,Kay,9,38,0.237
1945,Jan,8,15,0.533
1945,Pat,5,15,0.333
1946,Michael,263,7,37.571
1946,Terry,95,22,4.318
1946,Lynn,71,16,4.438
1946,Lee,31,12,2.583
1946,Leslie,25,37,0.676
1946,Dee,20,5,4.0
1946,Jan,8,10,0.8
1946,Gail,7,15,0.467
1946,Kay,5,34,0.147
1946,Pat,5,30,0.167
1947,Terry,124,23,5.391
1947,Lynn,85,10,8.5
1947,Lee,38,14,2.714
1947,Leslie,20,41,0.488
1947,Dee,15,17,0.882
1947,Robin,10,7,1.429
1947,Pat,9,21,0.429
1947,Jan,6,15,0.4
1947,Kay,6,28,0.214
1947,Dana,5,10,0.5
1947,Gayle,5,30,0.167
1947,Jackie,5,14,0.357
1948,Terry,96,44,2.182
1948,Jerry,80,5,16.0
1948,Lynn,74,13,5.692
1948,Lee,41,13,3.154
1948,Kerry,23,6,3.833
1948,Chris,22,6,3.667
1948,Dee,22,5,4.4
1948,Leslie,15,35,0.429
1948,Sidney,10,5,2.0
1948,Kay,9,18,0.5
1948,Jan,8,6,1.333
1948,Robin,8,9,0.889
1948,Pat,5,17,0.294
1949,Randy,138,5,27.6
1949,Terry,108,36,3.0
1949,Lynn,79,9,8.778
1949,Lee,57,14,4.071
1949,Leslie,28,30,0.933
1949,Kerry,23,13,1.769
1949,Dee,16,7,2.286
1949,Gail,9,16,0.562
1949,Jan,9,16,0.562
1949,Kay,6,25,0.24
1949,Marion,5,5,1.0
1950,Randy,151,5,30.2
1950,Terry,89,24,3.708
1950,Lynn,71,14,5.071
1950,Lee,46,16,2.875
1950,Kerry,30,6,5.0
1950,Leslie,17,31,0.548
1950,Dee,13,6,2.167
1950,Jan,10,26,0.385
1950,Dana,7,5,1.4
1950,Kay,7,25,0.28
1950,Gail,6,30,0.2
1950,Marion,6,9,0.667
1950,Robin,5,14,0.357
1951,Terry,110,37,2.973
1951,Kim,90,13,6.923
1951,Lynn,80,9,8.889
1951,Kerry,35,6,5.833
1951,Leslie,30,42,0.714
1951,Lee,27,16,1.688
1951,Chris,22,8,2.75
1951,Dee,16,9,1.778
1951,Robin,15,10,1.5
1951,Jan,7,33,0.212
1951,Jody,7,14,0.5
1951,Kay,7,29,0.241
1951,Dana,6,11,0.545
1952,Randy,208,5,41.6
1952,Kim,112,19,5.895
1952,Terry,97,20,4.85
1952,Lynn,76,22,3.455
1952,Kelly,57,5,11.4
1952,Kerry,34,8,4.25
1952,Lee,30,18,1.667
1952,Robin,14,18,0.778
1952,Dee,13,15,0.867
1952,Leslie,13,52,0.25
1952,Jan,10,56,0.179
1952,Kay,8,30,0.267
1952,Gale,5,5,1.0
1953,Kim,116,29,4.0
1953,Terry,105,40,2.625
1953,Lynn,72,7,10.286
1953,Lee,42,24,1.75
1953,Kerry,33,6,5.5
1953,Chris,24,5,4.8
1953,Leslie,23,50,0.46
1953,Dee,17,14,1.214
1953,Robin,15,34,0.441
1953,Kay,11,20,0.55
1953,Dana,9,15,0.6
1953,Jan,9,55,0.164
1953,Kris,7,6,1.167
1953,Mickey,7,5,1.4
1953,Tracy,7,6,1.167
1953,Jody,6,14,0.429
1953,Marion,6,6,1.0
1954,Kim,127,47,2.702
1954,Terry,84,37,2.27
1954,Lynn,81,17,4.765
1954,Kelly,65,9,7.222
1954,Kerry,61,14,4.357
1954,Lee,32,20,1.6
1954,Leslie,19,47,0.404
1954,Tracy,13,8,1.625
1954,Dana,10,15,0.667
1954,Dee,10,5,2.0
1954,Jan,10,58,0.172
1954,Robin,10,36,0.278
1954,Jody,7,15,0.467
1954,Kay,7,28,0.25
1955,Kim,146,56,2.607
1955,Terry,115,44,2.614
1955,Kelly,80,8,10.0
1955,Lynn,51,10,5.1
1955,Lee,30,26,1.154
1955,Leslie,20,57,0.351
1955,Tracy,18,18,1.0
1955,Robin,13,39,0.333
1955,Dee,12,15,0.8
1955,Jan,11,57,0.193
1955,Kay,11,24,0.458
1955,Dana,8,19,0.421
1955,Jody,5,27,0.185
1956,Terry,100,37,2.703
1956,Kelly,96,22,4.364
1956,Kim,88,106,0.83
1956,Lynn,73,18,4.056
1956,Chris,56,7,8.0
1956,Val,41,6,6.833
1956,Kerry,40,7,5.714
1956,Lee,28,17,1.647
1956,Tracy,20,21,0.952
1956,Leslie,15,50,0.3
1956,Robin,12,33,0.364
1956,Dee,9,9,1.0
1956,Kay,9,24,0.375
1956,Kris,6,8,0.75
1956,Jody,5,31,0.161
1957,Kelly,105,31,3.387
1957,Terry,100,33,3.03
1957,Lynn,83,20,4.15
1957,Kim,74,96,0.771
1957,Kerry,51,9,5.667
1957,Chris,43,8,5.375
1957,Tracy,36,28,1.286
1957,Lee,28,20,1.4
1957,Leslie,17,90,0.189
1957,Kay,12,22,0.545
1957,Dee,11,10,1.1
1957,Shawn,11,7,1.571
1957,Robin,10,50,0.2
1957,Dana,9,27,0.333
1957,Jody,8,21,0.381
1957,Kris,7,9,0.778
1957,Gail,5,17,0.294
1957,Stacey,5,7,0.714
1958,Kelly,134,65,2.062
1958,Terry,74,27,2.741
1958,Kim,59,69,0.855
1958,Lynn,57,8,7.125
1958,Kerry,47,9,5.222
1958,Chris,42,21,2.0
1958,Lee,33,20,1.65
1958,Tracy,28,20,1.4
1958,Leslie,18,59,0.305
1958,Dana,15,31,0.484
1958,Robin,10,38,0.263
1958,Jody,9,27,0.333
1958,Stacy,9,21,0.429
1958,Kris,8,19,0.421
1958,Kay,6,18,0.333
1958,Shawn,6,7,0.857
1958,Kelley,5,5,1.0
1958,Pat,5,12,0.417
1959,Kelly,122,82,1.488
1959,Terry,74,17,4.353
1959,Chris,65,22,2.955
1959,Lynn,42,5,8.4
1959,Kerry,33,7,4.714
1959,Tracy,33,34,0.971
1959,Cory,29,5,5.8
1959,Kim,28,61,0.459
1959,Lee,26,10,2.6
1959,Jody,12,17,0.706
1959,Kris,12,15,0.8
1959,Leslie,10,73,0.137
1959,Jan,9,50,0.18
1959,Kay,9,28,0.321
1959,Dana,8,26,0.308
1959,Pat,7,11,0.636
1959,Dee,6,7,0.857
1959,Robin,5,37,0.135
1959,Shannon,5,23,0.217
1960,Kelly,120,76,1.579
1960,Terry,71,31,2.29
1960,Chris,57,16,3.562
1960,Tracy,54,66,0.818
1960,Kerry,48,6,8.0
1960,Lynn,36,7,5.143
1960,Kim,30,83,0.361
1960,Lee,18,11,1.636
1960,Jody,13,33,0.394
1960,Dee,12,8,1.5
1960,Kris,9,14,0.643
1960,Leslie,9,78,0.115
1960,Robin,9,42,0.214
1960,Sidney,9,5,1.8
1960,Jamie,6,20,0.3
1960,Kay,6,12,0.5
1960,Dana,5,36,0.139
1961,Kelly,134,72,1.861
1961,Chris,79,27,2.926
1961,Terry,63,33,1.909
1961,Tracy,61,68,0.897
1961,Cory,45,8,5.625
1961,Kerry,40,9,4.444
1961,Lynn,40,8,5.0
1961,Kim,37,57,0.649
1961,Lee,29,11,2.636
1961,Jody,13,24,0.542
1961,Robin,13,55,0.236
1961,Leslie,12,70,0.171
1961,Kris,8,15,0.533
1961,Dana,7,28,0.25
1961,Pat,7,5,1.4
1961,Jan,6,45,0.133
1962,Kelly,103,96,1.073
1962,Chris,84,22,3.818
1962,Terry,65,25,2.6
1962,Tracy,63,69,0.913
1962,Kim,43,64,0.672
1962,Lynn,37,9,4.111
1962,Lee,32,5,6.4
1962,Kerry,24,9,2.667
1962,Leslie,16,85,0.188
1962,Kris,15,9,1.667
1962,Robin,9,47,0.191
1962,Dana,8,39,0.205
1962,Jamie,6,23,0.261
1962,Kay,5,14,0.357
1963,Kelly,93,74,1.257
1963,Terry,71,18,3.944
1963,Chris,59,13,4.538
1963,Tracy,36,75,0.48
1963,Lynn,31,9,3.444
1963,Kerry,28,10,2.8
1963,Kim,28,66,0.424
1963,Lee,17,7,2.429
1963,Leslie,15,62,0.242
1963,Dee,11,7,1.571
1963,Jamie,8,23,0.348
1963,Kris,7,9,0.778
1963,Stacy,7,47,0.149
1963,Dana,6,24,0.25
1963,Jody,6,31,0.194
1963,Robin,6,41,0.146
1963,Shannon,6,26,0.231
1963,Pat,5,5,1.0
1964,Kelly,94,73,1.288
1964,Chris,62,23,2.696
1964,Terry,58,11,5.273
1964,Lynn,35,8,4.375
1964,Tracy,34,55,0.618
1964,Lee,28,7,4.0
1964,Kim,23,46,0.5
1964,Kris,15,13,1.154
1964,Shannon,10,24,0.417
1964,Dee,9,8,1.125
1964,Jody,8,21,0.381
1964,Leslie,8,66,0.121
1964,Jamie,7,22,0.318
1965,Kelly,78,66,1.182
1965,Chris,55,13,4.231
1965,Terry,51,10,5.1
1965,Tracy,37,59,0.627
1965,Lynn,26,8,3.25
1965,Kim,19,64,0.297
1965,Lee,15,8,1.875
1965,Dana,11,15,0.733
1965,Shannon,9,30,0.3
1965,Leslie,8,49,0.163
1965,Kris,6,20,0.3
1965,Stacy,6,32,0.188
1965,Tracey,5,13,0.385
1966,Kelly,80,50,1.6
1966,Chris,69,7,9.857
1966,Terry,47,7,6.714
1966,Tracy,38,51,0.745
1966,Lynn,19,5,3.8
1966,Lee,18,5,3.6
1966,Kim,14,67,0.209
1966,Leslie,13,37,0.351
1966,Jody,10,25,0.4
1966,Dana,9,34,0.265
1966,Shannon,8,33,0.242
1966,Kris,6,11,0.545
1966,Jamie,5,27,0.185
1966,Sidney,5,6,0.833
1967,Kelly,66,44,1.5
1967,Chris,60,8,7.5
1967,Terry,50,6,8.333
1967,Tracy,33,59,0.559
1967,Lee,28,5,5.6
1967,Kim,14,52,0.269
1967,Jody,9,24,0.375
1967,Kerry,9,9,1.0
1967,Kris,9,6,1.5
1967,Stacy,9,46,0.196
1967,Jamie,8,30,0.267
1967,Leslie,7,37,0.189
1967,Dee,6,5,1.2
1967,Shannon,5,37,0.135
1968,Robert,342,5,68.4
1968,Shawn,117,5,23.4
1968,Kelly,74,47,1.574
1968,Chris,52,11,4.727
1968,Terry,44,6,7.333
1968,Tracy,32,52,0.615
1968,Jody,17,17,1.0
1968,Lynn,17,5,3.4
1968,Kim,10,45,0.222
1968,Stacy,8,52,0.154
1968,Leslie,7,56,0.125
1969,Michael,530,5,106.0
1969,Kelly,66,37,1.784
1969,Terry,38,5,7.6
1969,Tracy,30,75,0.4
1969,Jody,13,24,0.542
1969,Kim,11,40,0.275
1969,Jamie,9,32,0.281
1969,Kris,8,7,1.143
1969,Shannon,8,51,0.157
1969,Joey,7,5,1.4
1970,Kelly,72,38,1.895
1970,Chris,43,7,6.143
1970,Kerry,23,8,2.875
1970,Lee,19,5,3.8
1970,Lynn,19,7,2.714
1970,Tracy,19,99,0.192
1970,Jody,16,32,0.5
1970,Kim,16,37,0.432
1970,Jamie,11,37,0.297
1970,Leslie,9,35,0.257
1970,Brook,8,5,1.6
1970,Kris,8,8,1.0
1970,Shannon,8,78,0.103
1970,Stacy,7,72,0.097
1971,David,451,5,90.2
1971,John,301,5,60.2
1971,Kelly,71,28,2.536
1971,Chris,62,5,12.4
1971,Terry,38,8,4.75
1971,Tracy,20,59,0.339
1971,Kerry,19,8,2.375
1971,Jody,18,28,0.643
1971,Jamie,16,34,0.471
1971,Shannon,13,81,0.16
1971,Kim,7,20,0.35
1971,Stacy,6,78,0.077
1971,Ashley,5,9,0.556
1971,Courtney,5,8,0.625
1971,Erin,5,30,0.167
1971,Tracey,5,7,0.714
1972,Kelly,58,41,1.415
1972,Casey,33,9,3.667
1972,Corey,32,5,6.4
1972,Tracy,31,55,0.564
1972,Jamie,16,43,0.372
1972,Shannon,16,79,0.203
1972,Jody,10,30,0.333
1972,Kerry,10,11,0.909
1972,Kim,9,25,0.36
1972,Stacy,7,65,0.108
1972,Courtney,6,6,1.0
1972,Ashley,5,11,0.455
1972,Jennifer,5,702,0.007
1972,Leslie,5,30,0.167
1973,Kelly,53,47,1.128
1973,Cory,46,5,9.2
1973,Casey,37,7,5.286
1973,Tracy,27,51,0.529
1973,Jamie,21,62,0.339
1973,Jody,9,23,0.391
1973,Kerry,8,5,1.6
1973,Leslie,8,44,0.182
1973,Stacy,8,59,0.136
1973,Ashley,6,9,0.667
1973,Kim,6,14,0.429
1973,Dana,5,22,0.227
1973,Shannon,5,59,0.085
1974,Michael,525,5,105.0
1974,Kelly,62,43,1.442
1974,Casey,55,16,3.438
1974,Cameron,28,6,4.667
1974,Tracy,24,64,0.375
1974,Jamie,22,68,0.324
1974,Micah,17,5,3.4
1974,Lynn,12,5,2.4
1974,Courtney,11,22,0.5
1974,Shannon,11,72,0.153
1974,Kerry,10,10,1.0
1974,Jody,9,32,0.281
1974,Leslie,9,38,0.237
1974,Kim,8,15,0.533
1974,Ashley,6,13,0.462
1974,Dusty,6,6,1.0
1974,Jennifer,6,619,0.01
1975,Jason,469,5,93.8
1975,David,438,5,87.6
1975,Kelly,67,50,1.34
1975,Casey,56,5,11.2
1975,Jamie,20,94,0.213
1975,Tracy,16,50,0.32
1975,Courtney,10,20,0.5
1975,Kerry,10,8,1.25
1975,Jody,9,32,0.281
1975,Joey,8,5,1.6
1975,Kim,8,9,0.889
1975,Ashley,6,34,0.176
1975,Jennifer,6,531,0.011
1975,Leslie,6,38,0.158
1975,Brook,5,11,0.455
1975,Dana,5,18,0.278
1976,Michael,622,8,77.75
1976,Jason,479,6,79.833
1976,James,309,6,51.5
1976,Chad,176,5,35.2
1976,Cody,103,5,20.6
1976,Casey,74,14,5.286
1976,Kelly,54,66,0.818
1976,Jamie,33,292,0.113
1976,Courtney,14,33,0.424
1976,Kasey,14,5,2.8
1976,Tracy,14,28,0.5
1976,Kerry,13,7,1.857
1976,Jennifer,9,600,0.015
1976,Shannon,9,104,0.087
1976,Cortney,8,9,0.889
1976,Jody,8,19,0.421
1976,Jessie,6,6,1.0
1976,Joey,6,5,1.2
1976,Ashley,5,37,0.135
1976,Jaime,5,84,0.06
1976,Kim,5,8,0.625
1976,Shelby,5,9,0.556
1977,Michael,616,5,123.2
1977,Ryan,489,6,81.5
1977,Jason,487,6,81.167
1977,David,470,5,94.0
1977,Brandon,296,5,59.2
1977,Cody,130,5,26.0
1977,Casey,85,6,14.167
1977,Kelly,73,107,0.682
1977,Tracy,18,34,0.529
1977,Jamie,15,254,0.059
1977,Kasey,12,5,2.4
1977,Courtney,11,26,0.423
1977,Kim,10,9,1.111
1977,Cortney,8,6,1.333
1977,Dusty,7,9,0.778
1977,Jessie,7,10,0.7
1977,Leslie,7,51,0.137
1977,Shelby,6,6,1.0
1977,Jennifer,5,616,0.008
1977,Jody,5,21,0.238
1977,Melissa,5,322,0.016
1977,Tristan,5,5,1.0
1978,Michael,655,5,131.0
1978,Ryan,458,7,65.429
1978,Joshua,399,5,79.8
1978,James,319,8,39.875
1978,Robert,286,5,57.2
1978,Benjamin,241,6,40.167
1978,Aaron,203,8,25.375
1978,Cody,141,7,20.143
1978,Shawn,101,5,20.2
1978,Casey,92,20,4.6
1978,Cameron,72,6,12.0
1978,Kelly,61,93,0.656
1978,Courtney,14,33,0.424
1978,Kasey,14,5,2.8
1978,Jamie,11,199,0.055
1978,Kim,9,9,1.0
1978,Cortney,8,10,0.8
1978,Jessie,8,14,0.571
1978,Tracy,8,37,0.216
1978,Leslie,7,51,0.137
1978,Melissa,7,310,0.023
1978,Shelby,7,6,1.167
1978,Jody,6,14,0.429
1978,Ashley,5,57,0.088
1978,Jennifer,5,567,0.009
1978,Robin,5,18,0.278
1978,Shannon,5,95,0.053
1979,Michael,651,8,81.375
1979,Matthew,454,6,75.667
1979,Jason,438,8,54.75
1979,Robert,320,5,64.0
1979,Brandon,310,5,62.0
1979,Benjamin,264,6,44.0
1979,Steven,244,5,48.8
1979,Casey,104,15,6.933
1979,Kelly,59,77,0.766
1979,Jordan,38,5,7.6
1979,Courtney,22,33,0.667
1979,Ashley,16,110,0.145
1979,Jamie,15,230,0.065
1979,Jessie,11,21,0.524
1979,Shannon,11,97,0.113
1979,Jody,10,24,0.417
1979,Kerry,10,7,1.429
1979,Kasey,8,7,1.143
1979,Tracy,8,34,0.235
1979,Kim,7,6,1.167
1979,Melissa,7,367,0.019
1979,Jaime,6,41,0.146
1979,Cassidy,5,10,0.5
1979,Cortney,5,6,0.833
1979,Jan,5,6,0.833
1980,Michael,658,9,73.111
1980,David,455,5,91.0
1980,Christopher,419,9,46.556
1980,Ryan,413,8,51.625
1980,James,308,6,51.333
1980,Jared,258,7,36.857
1980,Richard,185,5,37.0
1980,Kevin,141,5,28.2
1980,Casey,87,12,7.25
1980,Kelly,60,66,0.909
1980,Jordan,44,11,4.0
1980,Morgan,24,15,1.6
1980,Tracy,15,25,0.6
1980,Kasey,14,13,1.077
1980,Micah,14,5,2.8
1980,Ashley,11,123,0.089
1980,Jessie,11,14,0.786
1980,Courtney,10,44,0.227
1980,Jamie,10,215,0.047
1980,Jody,10,18,0.556
1980,Jaime,7,29,0.241
1980,Shay,7,5,1.4
1980,Cheyenne,6,6,1.0
1980,Kim,6,6,1.0
1980,Leslie,6,53,0.113
1980,Shiloh,6,5,1.2
1980,Amy,5,300,0.017
1980,Erin,5,116,0.043
1980,Melissa,5,393,0.013
1981,Michael,652,6,108.667
1981,Christopher,472,8,59.0
1981,Matthew,444,5,88.8
1981,Ryan,429,9,47.667
1981,Jason,380,6,63.333
1981,Brandon,352,5,70.4
1981,Jesse,142,5,28.4
1981,Casey,105,18,5.833
1981,Jordan,83,6,13.833
1981,Kelly,41,43,0.953
1981,Taylor,41,9,4.556
1981,Dallas,32,5,6.4
1981,Micah,23,5,4.6
1981,Morgan,21,19,1.105
1981,Courtney,20,27,0.741
1981,Jessie,18,23,0.783
1981,Kasey,18,10,1.8
1981,Tracy,11,35,0.314
1981,Dana,10,15,0.667
1981,Dusty,9,7,1.286
1981,Jamie,9,171,0.053
1981,Cortney,8,12,0.667
1981,Jaime,8,22,0.364
1981,Ashley,6,177,0.034
1981,Cassidy,6,11,0.545
1981,Jade,5,5,1.0
1981,Mary,5,112,0.045
1981,Tristan,5,5,1.0
1982,Christopher,538,7,76.857
1982,Ryan,399,5,79.8
1982,Daniel,386,8,48.25
1982,Justin,327,6,54.5
1982,Tyler,276,6,46.0
1982,Cody,178,5,35.6
1982,Jesse,154,11,14.0
1982,Casey,121,17,7.118
1982,Jordan,103,13,7.923
1982,Taylor,49,8,6.125
1982,Kelly,38,48,0.792
1982,Morgan,19,25,0.76
1982,Kasey,18,6,3.0
1982,Jessie,12,25,0.48
1982,Jamie,11,186,0.059
1982,Tracy,10,23,0.435
1982,Bobby,9,5,1.8
1982,Kim,9,10,0.9
1982,Cortney,8,11,0.727
1982,Whitney,8,35,0.229
1982,Ashley,7,269,0.026
1982,Courtney,7,52,0.135
1982,Robin,7,13,0.538
1982,Kelley,5,9,0.556
1982,Lindsay,5,158,0.032
1982,Lindsey,5,149,0.034
1983,Michael,623,12,51.917
1983,Christopher,534,7,76.286
1983,David,434,6,72.333
1983,Joshua,406,5,81.2
1983,James,282,5,56.4
1983,John,268,7,38.286
1983,Jared,196,5,39.2
1983,Cody,162,7,23.143
1983,Jordan,114,16,7.125
1983,Casey,92,12,7.667
1983,Taylor,51,5,10.2
1983,Kelly,49,42,1.167
1983,Dallas,29,6,4.833
1983,Morgan,26,25,1.04
1983,Dusty,14,5,2.8
1983,Tristan,14,5,2.8
1983,Cassidy,12,22,0.545
1983,Cortney,12,12,1.0
1983,Blair,10,7,1.429
1983,Jessie,10,24,0.417
1983,Kasey,8,8,1.0
1983,Courtney,7,34,0.206
1983,Jody,7,10,0.7
1983,Whitney,7,44,0.159
1983,Erin,6,151,0.04
1983,Ashley,5,455,0.011
1983,Dana,5,20,0.25
1984,Michael,597,8,74.625
1984,Christopher,461,8,57.625
1984,Brandon,319,6,53.167
1984,Joseph,199,5,39.8
1984,Cody,189,10,18.9
1984,Jordan,129,12,10.75
1984,Casey,103,15,6.867
1984,Taylor,60,10,6.0
1984,Kelly,38,56,0.679
1984,Morgan,26,24,1.083
1984,Kasey,17,9,1.889
1984,Courtney,14,46,0.304
1984,Cassidy,12,18,0.667
1984,Jade,11,10,1.1
1984,Adrian,10,8,1.25
1984,Jamie,10,162,0.062
1984,Jessie,9,19,0.474
1984,Whitney,9,48,0.188
1984,Cortney,8,6,1.333
1984,Tracy,8,12,0.667
1984,Ashley,7,429,0.016
1984,Shelby,5,15,0.333
1985,Michael,533,8,66.625
1985,Daniel,359,5,71.8
1985,David,339,5,67.8
1985,Ryan,319,5,63.8
1985,Andrew,284,5,56.8
1985,Cody,188,6,31.333
1985,Jordan,135,18,7.5
1985,Casey,129,9,14.333
1985,Jesse,111,7,15.857
1985,Bryan,81,5,16.2
1985,Taylor,65,10,6.5
1985,Kelly,33,46,0.717
1985,Morgan,30,37,0.811
1985,Blair,11,7,1.571
1985,Cassidy,10,16,0.625
1985,Whitney,9,76,0.118
1985,Courtney,8,46,0.174
1985,Dusty,7,5,1.4
1985,Jade,7,10,0.7
1985,Jamie,7,185,0.038
1985,Shea,7,8,0.875
1985,Tracy,6,12,0.5
1985,Kortney,5,5,1.0
1986,Michael,555,6,92.5
1986,Christopher,435,5,87.0
1986,John,181,5,36.2
1986,Jordan,151,29,5.207
1986,Brian,143,5,28.6
1986,Alex,114,7,16.286
1986,Casey,102,24,4.25
1986,Taylor,73,6,12.167
1986,Cory,65,5,13.0
1986,Kelly,26,24,1.083
1986,Morgan,19,40,0.475
1986,Courtney,18,58,0.31
1986,Kasey,15,6,2.5
1986,Jessie,10,19,0.526
1986,Ashton,8,15,0.533
1986,Cortney,8,10,0.8
1986,Jade,8,6,1.333
1986,Jamie,8,131,0.061
1986,Whitney,6,245,0.024
1987,Joshua,353,5,70.6
1987,Christopher,349,5,69.8
1987,Tyler,314,5,62.8
1987,Jordan,184,22,8.364
1987,Alex,105,8,13.125
1987,Jesse,95,5,19.0
1987,Casey,85,18,4.722
1987,Taylor,81,8,10.125
1987,Kelly,34,25,1.36
1987,Kasey,27,8,3.375
1987,Morgan,19,39,0.487
1987,Courtney,12,69,0.174
1987,Jessie,11,15,0.733
1987,Jessica,10,489,0.02
1987,Jamie,8,101,0.079
1987,Ashley,7,423,0.017
1987,Tristan,7,10,0.7
1987,Ashton,6,10,0.6
1987,Jade,6,7,0.857
1987,Angel,5,8,0.625
1987,Jaime,5,8,0.625
1987,Shelby,5,9,0.556
1988,Michael,433,5,86.6
1988,Joshua,378,5,75.6
1988,Andrew,341,5,68.2
1988,Jordan,229,28,8.179
1988,Taylor,107,17,6.294
1988,Casey,106,18,5.889
1988,Alex,101,12,8.417
1988,Jesse,97,5,19.4
1988,Shawn,68,5,13.6
1988,Devin,65,5,13.0
1988,Morgan,27,41,0.659
1988,Kelly,22,41,0.537
1988,Kasey,17,7,2.429
1988,Courtney,15,88,0.17
1988,Jessie,14,17,0.824
1988,Ashton,8,5,1.6
1988,Cassidy,8,18,0.444
1988,Shay,7,6,1.167
1988,Shelby,6,7,0.857
1988,Robin,5,8,0.625
1989,Jordan,265,76,3.487
1989,Taylor,147,29,5.069
1989,Alex,117,7,16.714
1989,Jesse,115,5,23.0
1989,Casey,95,16,5.938
1989,Riley,49,5,9.8
1989,Kelly,29,34,0.853
1989,Kasey,17,8,2.125
1989,Morgan,17,53,0.321
1989,Micah,12,6,2.0
1989,Courtney,10,92,0.109
1989,Jamie,9,101,0.089
1989,Jessie,9,15,0.6
1989,Cassidy,6,16,0.375
1989,Mackenzie,6,23,0.261
1989,Shea,6,6,1.0
1989,Cortney,5,17,0.294
1989,Jade,5,13,0.385
1989,Jaime,5,7,0.714
1989,Kelsey,5,122,0.041
1989,Shelby,5,11,0.455
1990,Jordan,315,60,5.25
1990,Taylor,196,65,3.015
1990,Alex,103,5,20.6
1990,Casey,97,12,8.083
1990,Skyler,90,7,12.857
1990,Devin,64,5,12.8
1990,Riley,59,10,5.9
1990,Morgan,25,92,0.272
1990,Ashton,17,7,2.429
1990,Kasey,16,6,2.667
1990,Kelly,16,32,0.5
1990,Courtney,11,116,0.095
1990,Jessie,11,23,0.478
1990,Shelby,10,57,0.175
1990,Madison,9,57,0.158
1990,Angel,8,6,1.333
1990,Cassidy,7,21,0.333
1990,Shay,7,8,0.875
1990,Gentry,6,5,1.2
1990,Tayler,6,10,0.6
1990,Bailey,5,29,0.172
1990,Blair,5,5,1.0
1990,Jade,5,19,0.263
1990,Whitney,5,174,0.029
1991,Jordan,323,65,4.969
1991,Taylor,252,81,3.111
1991,Alex,112,14,8.0
1991,Casey,86,11,7.818
1991,Jesse,74,5,14.8
1991,Riley,38,7,5.429
1991,Morgan,28,92,0.304
1991,Dakota,26,6,4.333
1991,Adrian,17,5,3.4
1991,Kasey,16,5,3.2
1991,Ashton,14,10,1.4
1991,Courtney,12,92,0.13
1991,Tristan,12,5,2.4
1991,Devan,11,6,1.833
1991,Jessie,11,16,0.688
1991,Kelly,10,26,0.385
1991,Shelby,10,139,0.072
1991,Angel,6,7,0.857
1991,Cassidy,6,20,0.3
1991,Gentry,6,5,1.2
1991,Jade,6,19,0.316
1991,Jaime,6,7,0.857
1991,Jamie,5,60,0.083
1991,Kacey,5,7,0.714
1991,Mackenzie,5,40,0.125
1992,Tyler,374,9,41.556
1992,Jordan,318,77,4.13
1992,Taylor,265,143,1.853
1992,Dylan,119,5,23.8
1992,Alex,102,19,5.368
1992,Jesse,90,5,18.0
1992,Casey,79,5,15.8
1992,Devin,77,5,15.4
1992,Blake,55,6,9.167
1992,Dakota,53,13,4.077
1992,Riley,50,10,5.0
1992,Dallas,37,10,3.7
1992,Chandler,29,12,2.417
1992,Morgan,23,81,0.284
1992,Gabriel,19,5,3.8
1992,Kasey,17,12,1.417
1992,Kelly,16,22,0.727
1992,Jessie,15,21,0.714
1992,Tayler,12,11,1.091
1992,Jade,9,26,0.346
1992,Shelby,9,128,0.07
1992,Rylee,7,10,0.7
1992,Angel,5,6,0.833
1992,Cassidy,5,25,0.2
1992,Dominique,5,11,0.455
1992,Gentry,5,8,0.625
1992,Madison,5,117,0.043
1992,Shilo,5,5,1.0
1993,Tyler,391,9,43.444
1993,Jordan,282,59,4.78
1993,Taylor,243,187,1.299
1993,Alex,103,10,10.3
1993,Dylan,81,5,16.2
1993,Devin,77,5,15.4
1993,Riley,75,11,6.818
1993,Logan,68,6,11.333
1993,Dakota,63,11,5.727
1993,Hayden,53,7,7.571
1993,Hunter,47,5,9.4
1993,Casey,38,11,3.455
1993,Dallas,32,9,3.556
1993,Ashton,29,9,3.222
1993,Morgan,28,115,0.243
1993,Chandler,27,12,2.25
1993,Skylar,27,6,4.5
1993,Drew,23,5,4.6
1993,Kasey,15,8,1.875
1993,Jade,14,16,0.875
1993,Kelly,14,22,0.636
1993,Jessie,11,21,0.524
1993,Harley,10,5,2.0
1993,Dominique,8,10,0.8
1993,Payton,7,6,1.167
1993,Darian,6,11,0.545
1993,Jamie,6,47,0.128
1993,Sage,6,11,0.545
1993,Sidney,6,11,0.545
1993,Bailey,5,49,0.102
1993,Mackenzie,5,70,0.071
1994,Tyler,364,13,28.0
1994,Jordan,257,45,5.711
1994,Taylor,208,196,1.061
1994,Hunter,112,9,12.444
1994,Skyler,110,8,13.75
1994,Dakota,97,14,6.929
1994,Alex,95,14,6.786
1994,Riley,84,22,3.818
1994,Logan,82,5,16.4
1994,Gabriel,57,5,11.4
1994,Casey,50,12,4.167
1994,Jaden,50,13,3.846
1994,Chandler,38,8,4.75
1994,Dallas,34,8,4.25
1994,Ashton,32,11,2.909
1994,Morgan,25,122,0.205
1994,Jayden,21,7,3.0
1994,Addison,12,6,2.0
1994,Harley,12,8,1.5
1994,Jade,12,32,0.375
1994,Payton,12,7,1.714
1994,Tayler,10,24,0.417
1994,Angel,8,7,1.143
1994,Kendall,8,5,1.6
1994,Sidney,8,14,0.571
1994,Avery,7,8,0.875
1994,Dominique,7,14,0.5
1994,Forest,6,5,1.2
1994,Jamie,6,50,0.12
1994,Jessie,6,26,0.231
1994,Rylee,6,23,0.261
1994,Shelby,6,102,0.059
1994,Kelly,5,13,0.385
1994,Mackenzie,5,60,0.083
1995,Tyler,337,11,30.636
1995,Ryan,223,5,44.6
1995,Jordan,222,65,3.415
1995,Taylor,192,184,1.043
1995,Hunter,157,11,14.273
1995,Alex,115,15,7.667
1995,Logan,100,7,14.286
1995,Dakota,99,20,4.95
1995,Skyler,99,6,16.5
1995,Riley,74,29,2.552
1995,Chandler,67,10,6.7
1995,Jaden,65,9,7.222
1995,Devin,63,6,10.5
1995,Dallas,52,8,6.5
1995,Jayden,45,8,5.625
1995,Tristan,45,6,7.5
1995,Morgan,36,126,0.286
1995,Casey,35,11,3.182
1995,Bailey,21,82,0.256
1995,Avery,20,7,2.857
1995,Angel,17,21,0.81
1995,Ashton,14,12,1.167
1995,Kelly,13,18,0.722
1995,Tristen,13,9,1.444
1995,Kasey,11,6,1.833
1995,Payton,11,8,1.375
1995,Skylar,11,5,2.2
1995,Tayler,11,12,0.917
1995,Alexis,10,193,0.052
1995,Harley,10,13,0.769
1995,Sidney,10,21,0.476
1995,Sage,9,17,0.529
1995,Kendall,8,7,1.143
1995,Darian,7,10,0.7
1995,Jade,7,21,0.333
1995,Jessie,7,19,0.368
1995,Addison,6,7,0.857
1995,Shay,6,7,0.857
1995,Dominique,5,17,0.294
1995,Kennedy,5,35,0.143
1995,Shelby,5,90,0.056
1996,Tyler,340,7,48.571
1996,Jordan,241,50,4.82
1996,Ryan,215,6,35.833
1996,Taylor,200,178,1.124
1996,Hunter,131,10,13.1
1996,Dakota,95,20,4.75
1996,Riley,93,31,3.0
1996,Chandler,92,12,7.667
1996,Alex,86,11,7.818
1996,Tristan,81,5,16.2
1996,Jaden,78,6,13.0
1996,Jayden,64,9,7.111
1996,Dallas,52,6,8.667
1996,Ashton,38,15,2.533
1996,Casey,35,18,1.944
1996,Bailey,30,87,0.345
1996,Morgan,28,140,0.2
1996,Tristen,27,8,3.375
1996,Devon,26,5,5.2
1996,Skylar,20,7,2.857
1996,Justice,18,7,2.571
1996,Kendall,18,6,3.0
1996,Micah,18,7,2.571
1996,Tristin,18,6,3.0
1996,Payton,14,18,0.778
1996,Angel,12,14,0.857
1996,Harley,10,14,0.714
1996,Sage,10,17,0.588
1996,Addison,9,11,0.818
1996,Tayler,9,15,0.6
1996,Alexis,8,220,0.036
1996,Jessie,8,20,0.4
1996,Cassidy,7,81,0.086
1996,Jade,7,37,0.189
1996,Peyton,7,7,1.0
1996,Dominique,6,11,0.545
1996,Kasey,6,6,1.0
1996,Quincy,6,9,0.667
1996,Kelly,5,30,0.167
1996,London,5,7,0.714
1996,Oakley,5,7,0.714
1996,Shelby,5,113,0.044
1997,Tyler,351,8,43.875
1997,Jordan,218,51,4.275
1997,Taylor,164,188,0.872
1997,Ryan,153,5,30.6
1997,Cameron,133,7,19.0
1997,Logan,129,7,18.429
1997,Hunter,126,12,10.5
1997,Riley,106,40,2.65
1997,Mason,94,5,18.8
1997,Alex,86,9,9.556
1997,Jaden,80,10,8.0
1997,Jayden,75,14,5.357
1997,Jesse,73,7,10.429
1997,Dakota,72,16,4.5
1997,Tristan,50,11,4.545
1997,Bailey,38,123,0.309
1997,Dallas,36,6,6.0
1997,Ashton,28,21,1.333
1997,Casey,28,23,1.217
1997,Morgan,26,137,0.19
1997,Payton,25,9,2.778
1997,Tristen,24,13,1.846
1997,Angel,23,14,1.643
1997,Alexis,20,189,0.106
1997,Avery,19,11,1.727
1997,Micah,16,5,3.2
1997,Peyton,16,8,2.0
1997,Harley,13,14,0.929
1997,Kasey,13,8,1.625
1997,Skylar,13,6,2.167
1997,Kelly,11,9,1.222
1997,Justice,10,5,2.0
1997,Tayler,10,24,0.417
1997,Jade,8,41,0.195
1997,Sage,7,17,0.412
1997,Jaiden,6,5,1.2
1997,Jaime,5,5,1.0
1997,Regan,5,15,0.333
1997,Rylee,5,52,0.096
1997,Shay,5,6,0.833
1997,Sidney,5,17,0.294
1998,Tyler,350,5,70.0
1998,Jordan,226,47,4.809
1998,Hunter,212,16,13.25
1998,Ryan,186,14,13.286
1998,Cameron,162,11,14.727
1998,Taylor,133,168,0.792
1998,Logan,124,5,24.8
1998,Riley,106,32,3.312
1998,Jaden,98,11,8.909
1998,Alex,96,8,12.0
1998,Chandler,81,5,16.2
1998,Dakota,81,23,3.522
1998,Jayden,73,19,3.842
1998,Ashton,47,13,3.615
1998,Payton,38,17,2.235
1998,Bailey,32,125,0.256
1998,Casey,32,7,4.571
1998,Angel,30,20,1.5
1998,Dallas,26,6,4.333
1998,Morgan,25,140,0.179
1998,Tristen,16,7,2.286
1998,Avery,15,22,0.682
1998,Kendall,15,8,1.875
1998,Peyton,15,6,2.5
1998,Skylar,15,8,1.875
1998,Alexis,13,218,0.06
1998,Micah,13,8,1.625
1998,Harley,10,6,1.667
1998,Jade,10,37,0.27
1998,Jensen,10,6,1.667
1998,Justice,10,6,1.667
1998,Kasey,9,6,1.5
1998,Oakley,9,5,1.8
1998,Tayler,9,22,0.409
1998,Jaiden,8,10,0.8
1998,Jaime,8,7,1.143
1998,Rylee,8,56,0.143
1998,Alma,7,5,1.4
1998,Shay,6,7,0.857
1998,Courtney,5,107,0.047
1998,Sage,5,25,0.2
1999,Tyler,293,13,22.538
1999,Hunter,243,12,20.25
1999,Jordan,207,37,5.595
1999,Ryan,189,6,31.5
1999,Parker,157,5,31.4
1999,Cameron,151,8,18.875
1999,Taylor,121,167,0.725
1999,Carson,119,5,23.8
1999,Alex,105,13,8.077
1999,Riley,98,33,2.97
1999,Dakota,87,25,3.48
1999,Jayden,85,18,4.722
1999,Jaden,78,25,3.12
1999,Skyler,55,7,7.857
1999,Jesse,53,8,6.625
1999,Tristan,50,5,10.0
1999,Ashton,48,24,2.0
1999,Casey,40,6,6.667
1999,Mckay,40,6,6.667
1999,Angel,35,15,2.333
1999,Bailey,29,117,0.248
1999,Payton,25,12,2.083
1999,Dallas,23,5,4.6
1999,Drew,23,9,2.556
1999,Tristen,23,6,3.833
1999,Morgan,19,142,0.134
1999,Avery,17,24,0.708
1999,Alexis,14,192,0.073
1999,Kendall,14,12,1.167
1999,Jaiden,13,15,0.867
1999,Tristin,12,7,1.714
1999,Peyton,11,10,1.1
1999,Oakley,10,7,1.429
1999,Sage,10,25,0.4
1999,Skylar,10,15,0.667
1999,Addison,9,27,0.333
1999,Rylee,9,49,0.184
1999,Jade,8,50,0.16
1999,Justice,8,5,1.6
1999,Reagan,8,20,0.4
1999,Alma,6,6,1.0
1999,Sidney,6,23,0.261
1999,Jordyn,5,23,0.217
1999,Kelly,5,17,0.294
1999,Mckinley,5,6,0.833
1999,Ryley,5,5,1.0
1999,Tracy,5,6,0.833
2000,Tyler,277,11,25.182
2000,Hunter,234,19,12.316
2000,Ryan,198,10,19.8
2000,Cameron,171,12,14.25
2000,Jordan,159,43,3.698
2000,Taylor,114,165,0.691
2000,Jayden,97,18,5.389
2000,Riley,87,34,2.559
2000,Jaden,78,7,11.143
2000,Ashton,67,13,5.154
2000,Chandler,67,5,13.4
2000,Dakota,65,13,5.0
2000,Jesse,64,6,10.667
2000,Payton,58,28,2.071
2000,Skyler,53,9,5.889
2000,Casey,36,11,3.273
2000,Dallas,31,7,4.429
2000,Angel,30,17,1.765
2000,Drew,26,6,4.333
2000,Morgan,21,122,0.172
2000,Peyton,21,21,1.0
2000,Bailey,19,95,0.2
2000,Sage,18,25,0.72
2000,Avery,17,46,0.37
2000,Tristen,17,6,2.833
2000,Quinn,13,5,2.6
2000,Alexis,12,204,0.059
2000,Addison,11,37,0.297
2000,Skylar,11,10,1.1
2000,Justice,9,5,1.8
2000,Oakley,9,11,0.818
2000,Kendall,8,8,1.0
2000,Ali,7,11,0.636
2000,Jaeden,7,5,1.4
2000,Jaiden,7,10,0.7
2000,Sidney,7,28,0.25
2000,Harley,6,10,0.6
2000,London,6,17,0.353
2000,Mckinley,6,20,0.3
2000,Reagan,6,15,0.4
2000,Hadley,5,12,0.417
2000,Jessie,5,13,0.385
2000,Kelly,5,9,0.556
2000,Tayler,5,15,0.333
2001,Tyler,262,8,32.75
2001,Dylan,225,7,32.143
2001,Hunter,201,11,18.273
2001,Ryan,167,10,16.7
2001,Logan,166,7,23.714
2001,Jordan,158,46,3.435
2001,Cameron,143,6,23.833
2001,Parker,137,11,12.455
2001,Hayden,109,11,9.909
2001,Jayden,108,9,12.0
2001,Taylor,98,141,0.695
2001,Jaden,94,14,6.714
2001,Riley,73,27,2.704
2001,Dakota,60,12,5.0
2001,Skyler,59,9,6.556
2001,Ashton,58,18,3.222
2001,Angel,51,19,2.684
2001,Payton,50,18,2.778
2001,Dallas,33,6,5.5
2001,Peyton,30,15,2.0
2001,Casey,29,6,4.833
2001,Micah,24,7,3.429
2001,Morgan,24,112,0.214
2001,Alexis,16,226,0.071
2001,Justice,16,8,2.0
2001,Sage,14,34,0.412
2001,Skylar,14,11,1.273
2001,Bailey,13,116,0.112
2001,Avery,12,42,0.286
2001,Oakley,12,8,1.5
2001,Addison,11,51,0.216
2001,Harley,11,20,0.55
2001,Drew,10,7,1.429
2001,Kendall,10,11,0.909
2001,Kasey,9,7,1.286
2001,Reagan,8,22,0.364
2001,Jade,6,35,0.171
2001,Jessie,5,9,0.556
2001,Kelly,5,17,0.294
2001,London,5,11,0.455
2001,Rylee,5,63,0.079
2001,Sidney,5,23,0.217
2002,Tyler,245,17,14.412
2002,Hunter,201,9,22.333
2002,Logan,176,7,25.143
2002,Dylan,174,5,34.8
2002,Ryan,170,6,28.333
2002,Jordan,137,44,3.114
2002,Cameron,132,14,9.429
2002,Alex,102,10,10.2
2002,Jaden,93,8,11.625
2002,Jayden,90,22,4.091
2002,Taylor,81,108,0.75
2002,Riley,61,51,1.196
2002,Skyler,60,13,4.615
2002,Angel,52,27,1.926
2002,Dakota,48,16,3.0
2002,Ashton,46,19,2.421
2002,Payton,44,18,2.444
2002,Casey,28,6,4.667
2002,Tristan,28,8,3.5
2002,Dallas,26,6,4.333
2002,Morgan,24,106,0.226
2002,Peyton,22,15,1.467
2002,Reese,16,6,2.667
2002,Avery,15,75,0.2
2002,Sage,15,40,0.375
2002,Alexis,14,187,0.075
2002,Tristen,12,5,2.4
2002,Justice,10,6,1.667
2002,Addison,8,65,0.123
2002,Harley,8,13,0.615
2002,Jaiden,8,8,1.0
2002,Jessie,8,12,0.667
2002,Kelly,8,24,0.333
2002,Reagan,8,34,0.235
2002,Skylar,8,5,1.6
2002,Bailey,7,78,0.09
2002,Oakley,6,9,0.667
2002,Quincy,6,6,1.0
2002,Tayler,6,8,0.75
2002,Austyn,5,10,0.5
2002,Brighton,5,5,1.0
2002,Kasey,5,5,1.0
2002,Kendall,5,8,0.625
2002,Mckinley,5,11,0.455
2002,Rowan,5,5,1.0
2003,Tyler,264,10,26.4
2003,Logan,206,7,29.429
2003,Ryan,180,11,16.364
2003,Dylan,175,7,25.0
2003,Jordan,146,41,3.561
2003,Parker,144,6,24.0
2003,Hayden,116,5,23.2
2003,Ashton,113,9,12.556
2003,Jayden,95,18,5.278
2003,Alex,89,9,9.889
2003,Jaden,88,8,11.0
2003,Riley,80,48,1.667
2003,Skyler,70,16,4.375
2003,Taylor,70,110,0.636
2003,Angel,62,27,2.296
2003,Payton,47,21,2.238
2003,Dakota,37,15,2.467
2003,Peyton,24,12,2.0
2003,Dallas,23,5,4.6
2003,Morgan,17,105,0.162
2003,Justice,16,10,1.6
2003,Sage,16,38,0.421
2003,Avery,15,99,0.152
2003,Skylar,15,10,1.5
2003,Alexis,14,185,0.076
2003,Quinn,13,5,2.6
2003,Jaime,12,5,2.4
2003,Oakley,12,15,0.8
2003,Jessie,11,12,0.917
2003,Reese,10,14,0.714
2003,Bailey,8,84,0.095
2003,Jaiden,8,10,0.8
2003,Harley,7,16,0.438
2003,Kendall,7,7,1.0
2003,Brighton,6,5,1.2
2003,Addison,5,47,0.106
2003,Alma,5,5,1.0
2003,Rylee,5,85,0.059
2004,Logan,183,6,30.5
2004,Ryan,169,7,24.143
2004,Dylan,166,13,12.769
2004,Ashton,146,10,14.6
2004,Parker,133,5,26.6
2004,Jordan,129,32,4.031
2004,Cameron,126,7,18.0
2004,Jayden,103,9,11.444
2004,Alex,102,6,17.0
2004,Hayden,93,8,11.625
2004,Jaden,78,9,8.667
2004,Riley,74,49,1.51
2004,Angel,68,16,4.25
2004,Taylor,68,119,0.571
2004,Skyler,59,6,9.833
2004,Payton,47,29,1.621
2004,Micah,42,7,6.0
2004,Ayden,39,5,7.8
2004,Dakota,37,22,1.682
2004,Peyton,37,25,1.48
2004,Morgan,35,110,0.318
2004,Alexis,34,160,0.212
2004,Boston,33,5,6.6
2004,Casey,26,6,4.333
2004,Jaiden,15,6,2.5
2004,Sage,15,34,0.441
2004,Bentley,13,7,1.857
2004,Skylar,10,14,0.714
2004,Harley,9,15,0.6
2004,Justice,9,10,0.9
2004,Avery,8,98,0.082
2004,Reagan,8,47,0.17
2004,River,7,5,1.4
2004,Devyn,6,5,1.2
2004,Hadley,6,16,0.375
2004,Oakley,6,25,0.24
2004,Phoenix,6,8,0.75
2004,Sidney,6,17,0.353
2004,Teagan,6,7,0.857
2004,Alma,5,7,0.714
2004,Ashtyn,5,13,0.385
2004,Darian,5,5,1.0
2004,Kendall,5,14,0.357
2004,London,5,27,0.185
2005,Tyler,240,5,48.0
2005,Logan,194,7,27.714
2005,Ryan,176,5,35.2
2005,Dylan,163,6,27.167
2005,Hayden,128,8,16.0
2005,Cameron,124,5,24.8
2005,Ashton,120,7,17.143
2005,Jordan,118,30,3.933
2005,Jayden,87,14,6.214
2005,Alex,84,5,16.8
2005,Riley,83,43,1.93
2005,Angel,76,16,4.75
2005,Jaden,67,7,9.571
2005,Boston,65,6,10.833
2005,Taylor,53,99,0.535
2005,Payton,42,30,1.4
2005,Peyton,42,23,1.826
2005,Adrian,40,5,8.0
2005,Dakota,40,24,1.667
2005,Skyler,35,6,5.833
2005,Drew,31,10,3.1
2005,Alexis,24,145,0.166
2005,Morgan,22,94,0.234
2005,Quincy,16,10,1.6
2005,Quinn,16,8,2.0
2005,Brighton,15,8,1.875
2005,Sage,13,33,0.394
2005,Bentley,12,7,1.714
2005,Jaiden,12,5,2.4
2005,Rowan,11,6,1.833
2005,Oakley,9,18,0.5
2005,Skylar,9,13,0.692
2005,Avery,8,114,0.07
2005,Justice,8,8,1.0
2005,Teagan,8,7,1.143
2005,Harley,7,19,0.368
2005,Phoenix,7,7,1.0
2005,Reese,7,19,0.368
2005,Kasey,6,5,1.2
2005,Reagan,6,53,0.113
2005,Ashtyn,5,8,0.625
2005,Austyn,5,5,1.0
2005,Brooklyn,5,192,0.026
2005,Jade,5,45,0.111
2006,Tyler,219,7,31.286
2006,Ryan,157,14,11.214
2006,Dylan,154,6,25.667
2006,Aiden,139,6,23.167
2006,Parker,136,5,27.2
2006,Cameron,122,7,17.429
2006,Hayden,121,8,15.125
2006,Jordan,115,28,4.107
2006,Ashton,111,8,13.875
2006,Jayden,92,17,5.412
2006,Alex,90,6,15.0
2006,Angel,84,16,5.25
2006,Riley,64,53,1.208
2006,Taylor,61,96,0.635
2006,Jaden,58,6,9.667
2006,Skyler,55,7,7.857
2006,Peyton,47,33,1.424
2006,Payton,35,32,1.094
2006,Dakota,28,23,1.217
2006,Alexis,27,142,0.19
2006,Quinn,25,7,3.571
2006,Morgan,24,87,0.276
2006,Brighton,23,11,2.091
2006,Charlie,22,7,3.143
2006,Phoenix,20,10,2.0
2006,River,17,6,2.833
2006,Rowan,16,5,3.2
2006,Bentley,13,10,1.3
2006,Harley,11,13,0.846
2006,Teagan,10,11,0.909
2006,Oakley,9,15,0.6
2006,Avery,8,124,0.065
2006,Skylar,8,12,0.667
2006,Emerson,7,9,0.778
2006,Sage,7,31,0.226
2006,Quincy,6,12,0.5
2006,Reagan,6,51,0.118
2006,Reece,6,5,1.2
2006,Reese,6,45,0.133
2006,Addison,5,133,0.038
2006,Austyn,5,5,1.0
2006,Justice,5,6,0.833
2006,Zion,5,8,0.625
2007,Tyler,194,11,17.636
2007,Ryan,157,11,14.273
2007,Dylan,134,10,13.4
2007,Aiden,126,5,25.2
2007,Jayden,115,18,6.389
2007,Angel,101,10,10.1
2007,Cameron,101,6,16.833
2007,Hayden,99,8,12.375
2007,Jordan,97,26,3.731
2007,Boston,88,7,12.571
2007,Jaden,58,7,8.286
2007,Riley,57,37,1.541
2007,Ayden,50,6,8.333
2007,Peyton,47,42,1.119
2007,Taylor,47,106,0.443
2007,Sawyer,43,8,5.375
2007,Dakota,33,18,1.833
2007,Payton,29,28,1.036
2007,Quinn,24,8,3.0
2007,Rylan,22,5,4.4
2007,Charlie,20,9,2.222
2007,Morgan,18,74,0.243
2007,Alexis,17,137,0.124
2007,Brighton,17,7,2.429
2007,Bentley,16,10,1.6
2007,Phoenix,16,11,1.455
2007,Emerson,15,9,1.667
2007,Avery,14,115,0.122
2007,Teagan,14,8,1.75
2007,Oakley,13,23,0.565
2007,Jaiden,12,8,1.5
2007,Rowan,12,15,0.8
2007,River,11,7,1.571
2007,Harley,8,10,0.8
2007,Jessie,8,8,1.0
2007,Tatum,8,12,0.667
2007,Jadyn,7,7,1.0
2007,Reese,7,38,0.184
2007,Skylar,7,11,0.636
2007,Kendall,6,13,0.462
2007,London,6,39,0.154
2007,Quincy,6,6,1.0
2007,Sage,6,24,0.25
2007,Rylee,5,57,0.088
2008,Tyler,196,7,28.0
2008,Logan,187,9,20.778
2008,Aiden,160,5,32.0
2008,Ryan,147,8,18.375
2008,Dylan,131,15,8.733
2008,Parker,127,5,25.4
2008,Cameron,125,7,17.857
2008,Jayden,125,15,8.333
2008,Hunter,122,5,24.4
2008,Jordan,106,20,5.3
2008,Angel,105,10,10.5
2008,Boston,98,6,16.333
2008,Hayden,98,43,2.279
2008,Riley,58,54,1.074
2008,Sawyer,58,5,11.6
2008,Jaden,54,7,7.714
2008,Taylor,47,127,0.37
2008,Peyton,45,64,0.703
2008,Payton,34,65,0.523
2008,Alexis,28,121,0.231
2008,Drew,28,5,5.6
2008,Quinn,26,6,4.333
2008,Charlie,24,5,4.8
2008,Avery,21,144,0.146
2008,Bentley,20,14,1.429
2008,Teagan,20,19,1.053
2008,Morgan,19,73,0.26
2008,Phoenix,18,12,1.5
2008,Dakota,16,26,0.615
2008,River,15,6,2.5
2008,Rowan,15,12,1.25
2008,Brighton,14,14,1.0
2008,Oakley,12,32,0.375
2008,Harley,11,9,1.222
2008,Jessie,11,8,1.375
2008,Reese,10,40,0.25
2008,Elliott,9,5,1.8
2008,Emerson,9,6,1.5
2008,Justice,8,14,0.571
2008,London,7,51,0.137
2008,Skylar,7,11,0.636
2008,Tegan,7,6,1.167
2008,Emery,5,31,0.161
2008,Kendall,5,17,0.294
2008,Reagan,5,48,0.104
2008,Tatum,5,16,0.312
2009,Jayden,131,8,16.375
2009,Ryan,130,10,13.0
2009,Dylan,120,11,10.909
2009,Cameron,111,6,18.5
2009,Boston,100,6,16.667
2009,Hayden,100,17,5.882
2009,Alex,75,7,10.714
2009,Jordan,75,17,4.412
2009,Riley,72,40,1.8
2009,Sawyer,60,10,6.0
2009,Peyton,37,73,0.507
2009,Taylor,32,96,0.333
2009,Payton,31,50,0.62
2009,Quinn,29,6,4.833
2009,River,28,7,4.0
2009,Bentley,23,24,0.958
2009,Charlie,23,8,2.875
2009,Teagan,20,17,1.176
2009,Elliot,19,5,3.8
2009,Alexis,18,147,0.122
2009,Morgan,18,66,0.273
2009,Dakota,17,13,1.308
2009,Emerson,15,10,1.5
2009,Rowan,15,11,1.364
2009,Phoenix,14,5,2.8
2009,Tegan,14,10,1.4
2009,Brighton,12,20,0.6
2009,Justice,12,7,1.714
2009,Avery,11,127,0.087
2009,Oakley,11,37,0.297
2009,Finley,8,8,1.0
2009,London,8,46,0.174
2009,Sage,8,26,0.308
2009,Harper,6,14,0.429
2009,Rylee,6,76,0.079
2009,Skylar,6,8,0.75
2009,Ali,5,5,1.0
2009,Harley,5,14,0.357
2009,Kelly,5,10,0.5
2009,Kendall,5,11,0.455
2009,Quincy,5,11,0.455
2009,Reese,5,39,0.128
2010,Logan,200,7,28.571
2010,Austin,129,5,25.8
2010,Dylan,126,8,15.75
2010,Jayden,122,13,9.385
2010,Ryan,112,8,14.0
2010,Boston,106,5,21.2
2010,Angel,80,5,16.0
2010,Hayden,80,17,4.706
2010,Sawyer,77,11,7.0
2010,Cameron,71,12,5.917
2010,Jordan,69,13,5.308
2010,Riley,58,25,2.32
2010,Bentley,56,25,2.24
2010,Kai,41,5,8.2
2010,Quinn,36,26,1.385
2010,Peyton,34,57,0.596
2010,Charlie,30,14,2.143
2010,Rylan,26,6,4.333
2010,Dakota,25,12,2.083
2010,Teagan,21,18,1.167
2010,Alexis,20,115,0.174
2010,Taylor,20,63,0.317
2010,River,19,9,2.111
2010,Dallas,18,9,2.0
2010,Payton,16,57,0.281
2010,Tatum,15,17,0.882
2010,Emerson,13,12,1.083
2010,Brighton,12,7,1.714
2010,Elliot,11,6,1.833
2010,Finley,10,11,0.909
2010,Oakley,10,42,0.238
2010,Ali,8,13,0.615
2010,Channing,8,6,1.333
2010,Harley,8,20,0.4
2010,Morgan,8,58,0.138
2010,Reese,8,47,0.17
2010,Harper,7,37,0.189
2010,Rylee,7,70,0.1
2010,Avery,6,120,0.05
2010,London,6,39,0.154
2010,Quincy,6,11,0.545
2010,Skylar,6,9,0.667
2010,Emery,5,43,0.116
2010,Reagan,5,41,0.122
2010,Sage,5,25,0.2
2011,Logan,161,5,32.2
2011,Parker,141,10,14.1
2011,Jayden,132,11,12.0
2011,Dylan,98,10,9.8
2011,Ryan,87,11,7.909
2011,Jordan,84,13,6.462
2011,Bentley,79,22,3.591
2011,Angel,78,7,11.143
2011,Hayden,68,20,3.4
2011,Sawyer,68,14,4.857
2011,Cameron,62,5,12.4
2011,Tristan,60,5,12.0
2011,Riley,52,32,1.625
2011,Alex,41,6,6.833
2011,Charlie,37,20,1.85
2011,Skyler,31,9,3.444
2011,Quinn,30,33,0.909
2011,Taylor,29,63,0.46
2011,Dallas,28,5,5.6
2011,Peyton,25,70,0.357
2011,Drew,23,5,4.6
2011,Rowan,22,11,2.0
2011,Elliot,21,5,4.2
2011,Emerson,21,5,4.2
2011,Remington,18,6,3.0
2011,Payton,17,49,0.347
2011,Dakota,16,15,1.067
2011,Oakley,15,55,0.273
2011,Phoenix,13,7,1.857
2011,Morgan,11,43,0.256
2011,Alexis,10,97,0.103
2011,Avery,9,147,0.061
2011,Harper,9,77,0.117
2011,Teagan,9,14,0.643
2011,Emery,8,53,0.151
2011,Finley,8,7,1.143
2011,Sage,8,24,0.333
2011,Tatum,8,26,0.308
2011,Brighton,7,12,0.583
2011,Skylar,7,8,0.875
2011,Ali,6,14,0.429
2011,Ari,5,6,0.833
2011,Harley,5,25,0.2
2011,Kendall,5,8,0.625
2011,Marley,5,20,0.25
2011,Reese,5,56,0.089
2012,Dylan,112,6,18.667
2012,Parker,112,7,16.0
2012,Ryan,96,5,19.2
2012,Sawyer,95,11,8.636
2012,Bentley,87,21,4.143
2012,Boston,70,8,8.75
2012,Jordan,70,8,8.75
2012,Angel,63,10,6.3
2012,Hayden,57,14,4.071
2012,Riley,43,23,1.87
2012,Charlie,34,22,1.545
2012,Skyler,31,9,3.444
2012,Rowan,30,11,2.727
2012,Peyton,25,59,0.424
2012,Quinn,25,35,0.714
2012,Emerson,22,7,3.143
2012,Oakley,18,48,0.375
2012,Phoenix,17,5,3.4
2012,Tatum,17,19,0.895
2012,Alexis,16,79,0.203
2012,Payton,16,42,0.381
2012,River,15,11,1.364
2012,Dallas,14,8,1.75
2012,Taylor,14,56,0.25
2012,Avery,13,123,0.106
2012,Elliott,13,6,2.167
2012,Teagan,12,8,1.5
2012,Brighton,11,12,0.917
2012,Elliot,10,5,2.0
2012,Morgan,10,33,0.303
2012,Dakota,9,9,1.0
2012,Finley,9,19,0.474
2012,Skylar,9,23,0.391
2012,Harley,8,21,0.381
2012,Lyric,8,10,0.8
2012,Reese,8,62,0.129
2012,Ali,7,13,0.538
2012,Emery,7,63,0.111
2012,Jaiden,7,5,1.4
2012,Reagan,7,53,0.132
2012,Quincy,6,10,0.6
2012,Sage,6,31,0.194
2012,Shiloh,6,6,1.0
2013,Logan,173,8,21.625
2013,Parker,115,13,8.846
2013,Jayden,105,9,11.667
2013,Sawyer,100,17,5.882
2013,Austin,99,5,19.8
2013,Blake,90,13,6.923
2013,Boston,88,12,7.333
2013,Dylan,84,10,8.4
2013,Bentley,77,23,3.348
2013,Jordan,75,10,7.5
2013,Hayden,58,18,3.222
2013,Spencer,58,5,11.6
2013,Angel,54,5,10.8
2013,Riley,35,33,1.061
2013,Emerson,32,9,3.556
2013,Rowan,30,12,2.5
2013,Charlie,27,19,1.421
2013,Quinn,27,59,0.458
2013,Remington,26,6,4.333
2013,Dallas,23,9,2.556
2013,Elliot,23,11,2.091
2013,Skyler,23,7,3.286
2013,Peyton,22,47,0.468
2013,River,18,8,2.25
2013,Taylor,18,47,0.383
2013,Phoenix,15,8,1.875
2013,Tatum,15,18,0.833
2013,Dakota,13,14,0.929
2013,Oakley,13,66,0.197
2013,Avery,12,144,0.083
2013,Brighton,12,18,0.667
2013,Finley,11,16,0.688
2013,Morgan,11,39,0.282
2013,Sage,11,23,0.478
2013,Alexis,8,58,0.138
2013,Quincy,8,22,0.364
2013,Teagan,8,10,0.8
2013,Lennon,7,8,0.875
2013,Reese,7,49,0.143
2013,Cedar,6,6,1.0
2013,Marley,6,31,0.194
2013,Skylar,6,26,0.231
2013,Ari,5,6,0.833
2013,Channing,5,6,0.833
2013,Harley,5,19,0.263
2013,Holland,5,14,0.357
2013,Lyric,5,7,0.714
2013,Payton,5,40,0.125
2013,Rylee,5,75,0.067
2013,Scout,5,18,0.278
2014,Sawyer,115,27,4.259
2014,Parker,107,15,7.133
2014,Dylan,94,11,8.545
2014,Jayden,93,8,11.625
2014,Ezra,91,5,18.2
2014,Boston,77,9,8.556
2014,Blake,66,5,13.2
2014,Bentley,65,11,5.909
2014,Jordan,60,12,5.0
2014,Angel,57,8,7.125
2014,Hayden,49,22,2.227
2014,Rowan,48,13,3.692
2014,Remington,38,12,3.167
2014,River,30,18,1.667
2014,Riley,28,38,0.737
2014,Alex,26,5,5.2
2014,Charlie,24,26,0.923
2014,Skyler,24,8,3.0
2014,Emerson,21,10,2.1
2014,Quinn,21,49,0.429
2014,Tatum,21,21,1.0
2014,Rylan,20,5,4.0
2014,Elliot,19,6,3.167
2014,Peyton,18,53,0.34
2014,Elliott,16,5,3.2
2014,Taylor,15,51,0.294
2014,Avery,14,130,0.108
2014,Brighton,13,8,1.625
2014,Oakley,13,59,0.22
2014,Phoenix,13,12,1.083
2014,Dakota,11,13,0.846
2014,Sage,11,36,0.306
2014,Teagan,11,19,0.579
2014,Harley,10,19,0.526
2014,Quincy,10,11,0.909
2014,Finley,9,27,0.333
2014,Morgan,9,29,0.31
2014,Payton,9,31,0.29
2014,Alexis,8,62,0.129
2014,Lennon,7,9,0.778
2014,Armani,6,5,1.2
2014,Rory,6,7,0.857
2014,Ali,5,6,0.833
2014,Kyrie,5,7,0.714
2015,Lincoln,218,6,36.333
2015,Logan,160,5,32.0
2015,Sawyer,109,30,3.633
2015,Parker,83,10,8.3
2015,Ryan,77,8,9.625
2015,Dylan,76,8,9.5
2015,Angel,74,7,10.571
2015,Boston,71,6,11.833
2015,Austin,65,7,9.286
2015,Jordan,59,5,11.8
2015,Blake,56,17,3.294
2015,Bentley,52,11,4.727
2015,Hayden,41,23,1.783
2015,Remington,40,21,1.905
2015,Alex,39,5,7.8
2015,Emerson,32,13,2.462
2015,Rowan,32,18,1.778
2015,Charlie,30,28,1.071
2015,Phoenix,25,10,2.5
2015,Quinn,25,63,0.397
2015,Riley,23,49,0.469
2015,Elliott,21,8,2.625
2015,River,19,11,1.727
2015,Finley,14,21,0.667
2015,Peyton,14,53,0.264
2015,Rory,14,5,2.8
2015,Taylor,13,36,0.361
2015,Oakley,12,82,0.146
2015,Rylan,12,5,2.4
2015,Tatum,12,14,0.857
2015,Avery,11,129,0.085
2015,Sage,10,30,0.333
2015,Harper,9,158,0.057
2015,Morgan,9,30,0.3
2015,Remy,9,7,1.286
2015,Dakota,8,13,0.615
2015,Ali,7,7,1.0
2015,Tegan,7,6,1.167
2015,Eden,6,55,0.109
2015,Lennox,6,6,1.0
2015,Teagan,6,16,0.375
2015,Brighton,5,17,0.294
2015,Harley,5,15,0.333
2015,Lennon,5,13,0.385
2015,London,5,30,0.167
2015,Payton,5,31,0.161
2015,Reece,5,5,1.0
2016,Logan,133,10,13.3
2016,Sawyer,95,27,3.519
2016,Dylan,79,11,7.182
2016,Parker,78,11,7.091
2016,Jayden,73,6,12.167
2016,Ryan,73,9,8.111
2016,Bennett,67,5,13.4
2016,Bentley,64,19,3.368
2016,Jordan,62,6,10.333
2016,Beckett,54,5,10.8
2016,Rowan,51,23,2.217
2016,Angel,49,7,7.0
2016,Blake,45,14,3.214
2016,Charlie,44,42,1.048
2016,Micah,39,5,7.8
2016,Remington,39,23,1.696
2016,River,36,34,1.059
2016,Phoenix,34,13,2.615
2016,Hayden,32,10,3.2
2016,Emerson,26,17,1.529
2016,Quinn,26,83,0.313
2016,Riley,26,56,0.464
2016,Drew,21,6,3.5
2016,Elliott,18,6,3.0
2016,Finley,18,33,0.545
2016,Sage,17,37,0.459
2016,Avery,15,104,0.144
2016,Taylor,14,39,0.359
2016,Brighton,13,9,1.444
2016,Dallas,13,10,1.3
2016,Tatum,13,12,1.083
2016,Skyler,12,9,1.333
2016,Peyton,11,41,0.268
2016,Quincy,11,25,0.44
2016,Rory,11,5,2.2
2016,Lennon,10,12,0.833
2016,Remy,10,11,0.909
2016,Dakota,9,14,0.643
2016,Oakley,9,89,0.101
2016,Lennox,8,9,0.889
2016,Alexis,7,46,0.152
2016,Baylor,7,5,1.4
2016,Eden,7,44,0.159
2016,Morgan,7,22,0.318
2016,Tegan,7,5,1.4
2016,Wren,7,23,0.304
2016,Ariel,6,17,0.353
2016,Reese,6,42,0.143
2016,Teagan,6,16,0.375
2016,Emery,5,79,0.063
2016,Finnley,5,10,0.5
2016,Holland,5,39,0.128
2017,Carter,126,9,14.0
2017,Parker,87,13,6.692
2017,Sawyer,79,29,2.724
2017,Dylan,66,10,6.6
2017,Jordan,63,6,10.5
2017,Angel,61,8,7.625
2017,Boston,58,8,7.25
2017,Ryan,57,11,5.182
2017,Charlie,54,28,1.929
2017,Rowan,52,20,2.6
2017,Jayden,49,6,8.167
2017,Bentley,46,15,3.067
2017,Hayden,44,19,2.316
2017,Remington,43,24,1.792
2017,Blake,39,31,1.258
2017,Elliot,38,6,6.333
2017,Quinn,35,75,0.467
2017,River,33,16,2.062
2017,Emerson,28,19,1.474
2017,Elliott,27,12,2.25
2017,Phoenix,25,8,3.125
2017,Riley,23,36,0.639
2017,Drew,19,5,3.8
2017,Skyler,14,7,2.0
2017,Finley,13,35,0.371
2017,Tatum,13,11,1.182
2017,Dakota,12,16,0.75
2017,Dallas,12,7,1.714
2017,Peyton,12,36,0.333
2017,Reese,12,37,0.324
2017,Rylan,12,5,2.4
2017,Finnley,10,8,1.25
2017,Rowen,10,6,1.667
2017,Sage,10,27,0.37
2017,Avery,9,126,0.071
2017,Lennon,8,14,0.571
2017,Morgan,8,15,0.533
2017,Oakley,8,70,0.114
2017,Remy,8,5,1.6
2017,Alexis,7,28,0.25
2017,Ariel,7,14,0.5
2017,Brighton,7,12,0.583
2017,Taylor,6,32,0.188
2017,Addison,5,64,0.078
2017,Ari,5,11,0.455
2017,Cedar,5,5,1.0
2017,Harley,5,23,0.217
2017,Kendall,5,15,0.333
2017,Quincy,5,13,0.385
2018,Logan,142,5,28.4
2018,Dylan,71,8,8.875
2018,Sawyer,70,29,2.414
2018,Hunter,69,6,11.5
2018,Parker,69,23,3.0
2018,Boston,68,6,11.333
2018,Rowan,62,28,2.214
2018,River,49,24,2.042
2018,Jordan,44,5,8.8
2018,Charlie,40,30,1.333
2018,August,39,5,7.8
2018,Blake,39,19,2.053
2018,Hayden,38,16,2.375
2018,Bentley,36,10,3.6
2018,Elliot,36,5,7.2
2018,Luca,34,5,6.8
2018,Remington,33,22,1.5
2018,Emerson,28,11,2.545
2018,Tatum,22,18,1.222
2018,Quinn,20,70,0.286
2018,Phoenix,19,8,2.375
2018,Riley,18,52,0.346
2018,Rylan,17,5,3.4
2018,Sage,17,37,0.459
2018,Dakota,15,9,1.667
2018,Memphis,15,5,3.0
2018,Taylor,15,24,0.625
2018,Finley,14,20,0.7
2018,Dallas,13,7,1.857
2018,Morgan,12,15,0.8
2018,Ari,9,6,1.5
2018,Lennon,9,30,0.3
2018,Amari,8,6,1.333
2018,Lennox,8,6,1.333
2018,Alexis,7,24,0.292
2018,Brighton,7,16,0.438
2018,Remy,7,10,0.7
2018,Avery,6,100,0.06
2018,Marley,6,25,0.24
2018,Oakley,6,114,0.053
2018,Peyton,6,40,0.15
2018,Quincy,6,26,0.231
2018,Reese,6,49,0.122
2018,Cedar,5,8,0.625
2018,Jamie,5,7,0.714
2018,Lyric,5,6,0.833
2018,Monroe,5,19,0.263
2018,Remi,5,74,0.068
2019,Logan,128,11,11.636
2019,Carter,106,6,17.667
2019,Kai,81,5,16.2
2019,Hunter,79,5,15.8
2019,Rowan,74,27,2.741
2019,Parker,73,20,3.65
2019,Sawyer,65,34,1.912
2019,Jayden,54,6,9.0
2019,Jordan,50,7,7.143
2019,Charlie,44,39,1.128
2019,Ryan,44,9,4.889
2019,Dylan,37,8,4.625
2019,River,35,22,1.591
2019,Bentley,34,15,2.267
2019,Remington,33,16,2.062
2019,Blake,29,27,1.074
2019,Emerson,27,12,2.25
2019,Elliott,26,5,5.2
2019,Hayden,25,18,1.389
2019,Ellis,18,9,2.0
2019,Quinn,18,66,0.273
2019,Riley,18,38,0.474
2019,Finley,16,19,0.842
2019,Tatum,16,24,0.667
2019,Skyler,15,9,1.667
2019,Phoenix,14,7,2.0
2019,Sage,14,50,0.28
2019,Avery,13,107,0.121
2019,Cedar,13,8,1.625
2019,Remy,12,10,1.2
2019,Ari,11,9,1.222
2019,Eden,11,32,0.344
2019,Quincy,11,19,0.579
2019,Kit,9,7,1.286
2019,Peyton,9,36,0.25
2019,Rylan,9,6,1.5
2019,Casey,8,5,1.6
2019,Indy,8,19,0.421
2019,Brighton,7,9,0.778
2019,Lennon,7,35,0.2
2019,Oakley,7,86,0.081
2019,Reese,7,51,0.137
2019,Remi,7,54,0.13
2019,Rory,7,11,0.636
2019,Emery,6,90,0.067
2019,Frankie,6,14,0.429
2019,Indiana,6,9,0.667
2019,Lennox,6,10,0.6
2019,Robin,6,9,0.667
2019,Taylor,6,17,0.353
2019,Wren,6,24,0.25
2019,Alexis,5,17,0.294
2019,Cove,5,5,1.0
2019,Dakota,5,10,0.5
2019,Holland,5,28,0.179
2019,Jamie,5,5,1.0
2019,Payton,5,16,0.312
2019,Skylar,5,31,0.161
2020,Noah,180,5,36.0
2020,Logan,105,11,9.545
2020,Hunter,73,5,14.6
2020,Sawyer,72,21,3.429
2020,Carter,70,10,7.0
2020,Wesley,68,5,13.6
2020,Parker,65,29,2.241
2020,Rowan,65,23,2.826
2020,Boston,61,5,12.2
2020,Charlie,47,61,0.77
2020,Dylan,47,7,6.714
2020,Ryan,46,7,6.571
2020,River,45,22,2.045
2020,Remington,44,22,2.0
2020,Jordan,37,10,3.7
2020,Bentley,36,10,3.6
2020,Hayden,35,7,5.0
2020,Blake,34,32,1.062
2020,Elliot,34,7,4.857
2020,Emerson,30,8,3.75
2020,Elliott,25,8,3.125
2020,Quinn,24,64,0.375
2020,Phoenix,20,9,2.222
2020,Riley,20,52,0.385
2020,Ellis,19,8,2.375
2020,Tatum,19,23,0.826
2020,Dallas,17,8,2.125
2020,Skyler,16,8,2.0
2020,Finley,15,22,0.682
2020,Rowen,14,5,2.8
2020,Drew,13,10,1.3
2020,Oakley,13,103,0.126
2020,Ari,12,7,1.714
2020,Lennox,12,8,1.5
2020,Remy,12,8,1.5
2020,Alexis,11,8,1.375
2020,Avery,11,109,0.101
2020,Everest,11,6,1.833
2020,Sage,11,59,0.186
2020,Kyrie,9,6,1.5
2020,Morgan,9,21,0.429
2020,Reese,9,40,0.225
2020,Shiloh,9,9,1.0
2020,Lennon,8,42,0.19
2020,Dakota,7,10,0.7
2020,Rory,7,9,0.778
2020,Teagan,7,10,0.7
2020,Emery,6,79,0.076
2020,Finnley,6,6,1.0
2020,Jamie,6,6,1.0
2020,Quincy,6,26,0.231
2020,Salem,6,9,0.667
2020,Wren,6,30,0.2
2020,Alma,5,7,0.714
2020,Brighton,5,12,0.417
2020,Kit,5,7,0.714
2020,Miller,5,5,1.0
2020,Nova,5,58,0.086
2020,Peyton,5,26,0.192
2020,Reign,5,5,1.0
2021,Noah,161,7,23.0
2021,Ezra,142,7,20.286
2021,Logan,104,8,13.0
2021,Cooper,101,5,20.2
2021,Carter,99,8,12.375
2021,Rowan,75,12,6.25
2021,River,60,36,1.667
2021,Sawyer,59,28,2.107
2021,Charlie,51,52,0.981
2021,Parker,50,21,2.381
2021,Boston,48,7,6.857
2021,Remington,46,19,2.421
2021,Dylan,45,7,6.429
2021,Jordan,43,7,6.143
2021,Bentley,36,13,2.769
2021,Hayden,34,20,1.7
2021,Baylor,30,7,4.286
2021,Emerson,29,20,1.45
2021,Riley,24,28,0.857
2021,Blake,22,26,0.846
2021,Elliott,22,8,2.75
2021,Ellis,19,8,2.375
2021,Phoenix,17,10,1.7
2021,Finley,16,31,0.516
2021,Ozzy,16,6,2.667
2021,Reggie,15,5,3.0
2021,Kyrie,14,7,2.0
2021,Lennon,14,35,0.4
2021,Sage,14,64,0.219
2021,Dakota,13,10,1.3
2021,Dallas,13,8,1.625
2021,Drew,13,7,1.857
2021,Morgan,13,16,0.812
2021,Avery,12,95,0.126
2021,Rory,12,11,1.091
2021,Taylor,12,16,0.75
2021,Ari,11,9,1.222
2021,Lennox,11,8,1.375
2021,Remi,11,75,0.147
2021,Skyler,11,14,0.786
2021,Tatum,11,17,0.647
2021,Bowie,10,8,1.25
2021,Memphis,10,9,1.111
2021,Oakley,10,81,0.123
2021,Quinn,10,73,0.137
2021,Everest,9,7,1.286
2021,Karter,9,5,1.8
2021,Remy,9,12,0.75
2021,Rio,9,6,1.5
2021,Rowen,9,10,0.9
2021,Brighton,8,14,0.571
2021,Kit,8,11,0.727
2021,Reese,8,53,0.151
2021,Denver,7,6,1.167
2021,Quincy,7,29,0.241
2021,Sunny,7,18,0.389
2021,Amari,6,7,0.857
2021,Cedar,6,7,0.857
2021,Jamie,6,8,0.75
2021,Kingsley,6,5,1.2
2021,Salem,6,8,0.75
2021,Finnley,5,5,1.0
2021,Lyric,5,6,0.833
2021,Scotty,5,5,1.0
2021,Wren,5,38,0.132
