YOB,Name,mFrequency,fFrequency,mForF
1910,Marion,6,22,0.273
1912,Marion,8,26,0.308
1913,Marion,10,21,0.476
1913,Merle,7,6,1.167
1914,Merle,12,7,1.714
1914,Marion,6,29,0.207
1915,Marion,18,40,0.45
1915,Laverne,7,7,1.0
1915,Jean,6,77,0.078
1916,Merle,13,10,1.3
1916,Marion,8,57,0.14
1916,Gail,5,10,0.5
1917,Marion,10,54,0.185
1917,Merle,7,7,1.0
1918,Francis,49,9,5.444
1918,Marion,14,69,0.203
1918,Merle,10,5,2.0
1918,Beverly,5,24,0.208
1918,Laverne,5,7,0.714
1919,Marion,12,50,0.24
1919,Merle,12,9,1.333
1919,Shirley,5,70,0.071
1920,Jerry,16,5,3.2
1920,Merle,16,8,2.0
1920,Marion,15,56,0.268
1920,Jean,10,168,0.06
1920,Laverne,5,7,0.714
1921,Francis,69,5,13.8
1921,Marion,9,59,0.153
1921,Laverne,6,8,0.75
1921,Jean,5,153,0.033
1922,Francis,41,7,5.857
1922,Lee,23,5,4.6
1922,Marion,16,62,0.258
1922,Jerry,15,7,2.143
1922,Laverne,9,11,0.818
1922,Billie,5,10,0.5
1923,Francis,40,7,5.714
1923,Leslie,30,5,6.0
1923,Marion,13,45,0.289
1923,Merle,12,8,1.5
1923,Gail,7,7,1.0
1923,Laverne,7,14,0.5
1923,Jean,6,126,0.048
1924,Gordon,73,5,14.6
1924,Francis,40,6,6.667
1924,Gene,35,6,5.833
1924,Merle,11,7,1.571
1924,Jean,7,158,0.044
1924,Marion,7,37,0.189
1924,Kay,6,7,0.857
1924,Laverne,5,10,0.5
1925,Gene,34,7,4.857
1925,Lee,21,5,4.2
1925,Merle,12,7,1.714
1925,Marion,8,50,0.16
1925,Billie,5,23,0.217
1925,Pat,5,12,0.417
1926,Gene,53,7,7.571
1926,Leslie,31,9,3.444
1926,Lee,25,5,5.0
1926,Merle,10,7,1.429
1926,Pat,8,27,0.296
1926,Marion,7,45,0.156
1927,Robert,690,5,138.0
1927,Jerry,43,7,6.143
1927,Marion,16,33,0.485
1927,Merle,11,10,1.1
1927,Kay,7,9,0.778
1927,Pat,7,22,0.318
1928,Robert,680,9,75.556
1928,Francis,33,7,4.714
1928,Marion,11,46,0.239
1928,Pat,9,23,0.391
1928,Merle,8,6,1.333
1928,Laverne,7,8,0.875
1928,Gail,5,5,1.0
1928,Jackie,5,10,0.5
1928,Jean,5,120,0.042
1929,Leslie,16,6,2.667
1929,Pat,8,26,0.308
1929,Marion,6,35,0.171
1929,Jackie,5,10,0.5
1930,Robert,674,5,134.8
1930,Donald,470,5,94.0
1930,Jerry,89,7,12.714
1930,Lee,20,5,4.0
1930,Merle,17,6,2.833
1930,Pat,11,29,0.379
1930,Marion,10,33,0.303
1930,Laverne,7,6,1.167
1930,Jean,6,116,0.052
1931,Jerry,93,10,9.3
1931,Marion,9,27,0.333
1931,Jackie,8,13,0.615
1931,Jean,5,111,0.045
1931,Kay,5,11,0.455
1931,Lynn,5,5,1.0
1931,Pat,5,38,0.132
1931,Terry,5,5,1.0
1932,Lee,34,5,6.8
1932,Merle,20,6,3.333
1932,Pat,15,48,0.312
1932,Terry,14,6,2.333
1932,Lynn,12,7,1.714
1932,Marion,12,28,0.429
1932,Jackie,5,16,0.312
1933,Terry,14,9,1.556
1933,Jackie,9,14,0.643
1933,Marion,8,34,0.235
1933,Pat,8,35,0.229
1933,Lynn,6,7,0.857
1933,Mickey,5,6,0.833
1934,Leslie,20,6,3.333
1934,Pat,19,44,0.432
1934,Lynn,14,8,1.75
1934,Gail,7,23,0.304
1934,Marion,6,24,0.25
1934,Shirley,6,298,0.02
1935,Jerry,138,8,17.25
1935,Lee,43,8,5.375
1935,Marion,13,23,0.565
1935,Merle,11,5,2.2
1935,Pat,10,29,0.345
1935,Jackie,7,16,0.438
1935,Gayle,5,15,0.333
1935,Kay,5,30,0.167
1935,Lynn,5,13,0.385
1936,Lee,33,5,6.6
1936,Leslie,25,9,2.778
1936,Lynn,9,7,1.286
1936,Marion,7,18,0.389
1936,Barbara,5,340,0.015
1936,Pat,5,33,0.152
1937,Jerry,179,7,25.571
1937,Lee,47,8,5.875
1937,Pat,16,32,0.5
1937,Lynn,9,16,0.562
1937,Gail,6,45,0.133
1937,Jan,5,10,0.5
1938,Jerry,186,5,37.2
1938,Terry,84,8,10.5
1938,Francis,28,5,5.6
1938,Leslie,24,6,4.0
1938,Pat,12,41,0.293
1938,Lynn,11,24,0.458
1938,Jackie,8,15,0.533
1938,Gail,5,48,0.104
1938,Marion,5,16,0.312
1939,Terry,69,8,8.625
1939,Dale,68,5,13.6
1939,Lee,34,8,4.25
1939,Leslie,29,5,5.8
1939,Lynn,15,22,0.682
1939,Robin,15,9,1.667
1939,Pat,13,51,0.255
1939,Gerry,8,7,1.143
1939,Dee,5,5,1.0
1939,Gail,5,73,0.068
1939,Jan,5,10,0.5
1940,James,594,5,118.8
1940,Jerry,195,7,27.857
1940,Terry,81,9,9.0
1940,Lee,48,6,8.0
1940,Leslie,28,6,4.667
1940,Lynn,27,19,1.421
1940,Pat,17,45,0.378
1940,Gale,13,14,0.929
1940,Jan,11,8,1.375
1940,Robin,11,14,0.786
1940,Marion,8,15,0.533
1940,Gail,6,62,0.097
1940,Jackie,5,11,0.455
1941,Jerry,222,11,20.182
1941,Terry,113,17,6.647
1941,Lee,54,9,6.0
1941,Lynn,28,31,0.903
1941,Leslie,24,13,1.846
1941,Pat,12,50,0.24
1941,Robin,8,14,0.571
1941,Gerry,7,6,1.167
1941,Jan,7,8,0.875
1941,Billie,5,17,0.294
1941,Gail,5,59,0.085
1942,Jerry,308,11,28.0
1942,Terry,166,34,4.882
1942,Dale,112,6,18.667
1942,Leslie,39,19,2.053
1942,Lynn,32,53,0.604
1942,Pat,20,71,0.282
1942,Robin,19,14,1.357
1942,Jan,17,18,0.944
1942,Gerry,14,7,2.0
1942,Merle,13,6,2.167
1942,Jackie,7,24,0.292
1942,Jean,6,91,0.066
1942,Gail,5,82,0.061
1942,Laverne,5,5,1.0
1942,Marion,5,13,0.385
1943,Gary,588,5,117.6
1943,Jerry,306,14,21.857
1943,Terry,208,33,6.303
1943,Lee,53,10,5.3
1943,Leslie,43,46,0.935
1943,Lynn,38,64,0.594
1943,Chris,26,10,2.6
1943,Pat,26,66,0.394
1943,Randy,25,5,5.0
1943,Jan,21,25,0.84
1943,Gerry,12,10,1.2
1943,Gale,11,10,1.1
1943,Robin,11,20,0.55
1943,Gail,8,87,0.092
1943,Janice,5,224,0.022
1944,Michael,643,5,128.6
1944,Jerry,277,8,34.625
1944,Terry,190,40,4.75
1944,Dale,141,5,28.2
1944,Lee,52,5,10.4
1944,Leslie,31,42,0.738
1944,Lynn,30,65,0.462
1944,Chris,21,5,4.2
1944,Jan,21,28,0.75
1944,Pat,15,59,0.254
1944,Robin,15,25,0.6
1944,Marion,11,16,0.688
1944,Gail,9,87,0.103
1944,Gerry,9,9,1.0
1944,Jackie,6,23,0.261
1944,Patricia,6,464,0.013
1944,Kim,5,6,0.833
1944,Laverne,5,8,0.625
1945,Robert,1073,7,153.286
1945,Michael,716,5,143.2
1945,Jerry,244,13,18.769
1945,Terry,215,29,7.414
1945,Dale,129,5,25.8
1945,Lee,55,12,4.583
1945,Leslie,43,51,0.843
1945,Pat,25,57,0.439
1945,Lynn,20,80,0.25
1945,Chris,17,6,2.833
1945,Lonnie,16,8,2.0
1945,Jan,15,30,0.5
1945,Kerry,14,5,2.8
1945,Robin,12,40,0.3
1945,Noel,10,5,2.0
1945,Jackie,9,28,0.321
1945,Dana,7,14,0.5
1945,Frankie,6,6,1.0
1945,Gail,6,99,0.061
1945,Gale,6,13,0.462
1945,Marion,6,16,0.375
1945,Gerry,5,5,1.0
1945,Lauren,5,5,1.0
1946,Michael,959,5,191.8
1946,Thomas,415,5,83.0
1946,Terry,310,60,5.167
1946,Jerry,298,12,24.833
1946,Dale,173,11,15.727
1946,Lee,63,9,7.0
1946,Leslie,52,70,0.743
1946,Lynn,47,111,0.423
1946,Pat,29,69,0.42
1946,Chris,27,15,1.8
1946,Lonnie,23,7,3.286
1946,Jan,18,41,0.439
1946,Robin,17,50,0.34
1946,Gale,15,7,2.143
1946,Dana,12,19,0.632
1946,Gerry,7,6,1.167
1946,Lauren,7,6,1.167
1946,Gail,6,114,0.053
1946,Marion,6,19,0.316
1947,Michael,1080,5,216.0
1947,Terry,346,70,4.943
1947,Jerry,322,7,46.0
1947,Dale,172,11,15.636
1947,Randy,79,5,15.8
1947,Lee,77,13,5.923
1947,Lynn,49,147,0.333
1947,Chris,47,16,2.938
1947,Pat,39,53,0.736
1947,Leslie,33,79,0.418
1947,Robin,23,68,0.338
1947,Kim,22,9,2.444
1947,Kerry,20,6,3.333
1947,Dana,17,22,0.773
1947,Merle,14,8,1.75
1947,Gale,12,10,1.2
1947,Jan,11,42,0.262
1947,Sidney,11,6,1.833
1947,Jackie,9,49,0.184
1947,Kris,9,7,1.286
1947,Marion,8,16,0.5
1947,Lauren,7,6,1.167
1947,Dee,6,14,0.429
1947,Gail,6,144,0.042
1947,Sandy,6,43,0.14
1948,Terry,319,79,4.038
1948,Dale,193,11,17.545
1948,Lee,53,12,4.417
1948,Leslie,49,71,0.69
1948,Chris,48,15,3.2
1948,Lonnie,39,6,6.5
1948,Pat,37,30,1.233
1948,Lynn,34,112,0.304
1948,Dana,25,20,1.25
1948,Gale,22,11,2.0
1948,Jan,21,41,0.512
1948,Robin,19,63,0.302
1948,Kerry,17,15,1.133
1948,Kim,13,7,1.857
1948,Gail,9,139,0.065
1948,Kelly,8,8,1.0
1948,Marion,6,16,0.375
1948,Bobbie,5,13,0.385
1948,Jean,5,104,0.048
1948,Lauren,5,5,1.0
1948,Sandy,5,16,0.312
1948,Shannon,5,16,0.312
1949,Robert,1301,5,260.2
1949,Terry,263,87,3.023
1949,Jerry,222,5,44.4
1949,Dale,144,18,8.0
1949,Lee,76,8,9.5
1949,Chris,53,14,3.786
1949,Leslie,52,78,0.667
1949,Lynn,41,133,0.308
1949,Lonnie,28,5,5.6
1949,Kim,27,9,3.0
1949,Dana,21,21,1.0
1949,Kelly,21,5,4.2
1949,Pat,20,16,1.25
1949,Robin,20,66,0.303
1949,Kerry,15,11,1.364
1949,Jan,14,58,0.241
1949,Merle,12,6,2.0
1949,Tracy,12,8,1.5
1949,Marion,11,17,0.647
1949,Gale,9,6,1.5
1949,Kris,6,9,0.667
1949,Gail,5,152,0.033
1949,Jackie,5,28,0.179
1950,Terry,247,64,3.859
1950,Jerry,205,7,29.286
1950,Dale,163,5,32.6
1950,Lee,72,12,6.0
1950,Chris,53,10,5.3
1950,Leslie,50,80,0.625
1950,Lynn,40,142,0.282
1950,Kim,30,10,3.0
1950,Dana,29,26,1.115
1950,Robin,26,84,0.31
1950,Kerry,22,23,0.957
1950,Pat,19,7,2.714
1950,Gale,11,5,2.2
1950,Jan,10,43,0.233
1950,Tracy,10,6,1.667
1950,Shawn,9,6,1.5
1950,Mickey,8,5,1.6
1950,Jackie,6,26,0.231
1950,Carroll,5,5,1.0
1950,Darcy,5,5,1.0
1950,Gail,5,169,0.03
1950,Jody,5,13,0.385
1950,Shannon,5,27,0.185
1951,Michael,1435,5,287.0
1951,Terry,222,79,2.81
1951,Randy,206,9,22.889
1951,Dale,202,10,20.2
1951,Leslie,59,56,1.054
1951,Kim,49,12,4.083
1951,Chris,47,13,3.615
1951,Lynn,41,123,0.333
1951,Lee,40,20,2.0
1951,Dana,32,26,1.231
1951,Kelly,31,16,1.938
1951,Kerry,28,21,1.333
1951,Robin,26,96,0.271
1951,Merle,17,6,2.833
1951,Gale,15,16,0.938
1951,Tracy,14,9,1.556
1951,Jan,10,52,0.192
1951,Kimberly,7,14,0.5
1951,Kris,6,7,0.857
1951,Shannon,6,25,0.24
1951,Billie,5,25,0.2
1951,Gerry,5,5,1.0
1952,Terry,236,59,4.0
1952,Dale,212,12,17.667
1952,Kim,81,40,2.025
1952,Lee,73,22,3.318
1952,Chris,67,11,6.091
1952,Kelly,52,20,2.6
1952,Leslie,42,99,0.424
1952,Dana,36,28,1.286
1952,Lynn,33,107,0.308
1952,Kerry,32,21,1.524
1952,Robin,31,127,0.244
1952,Tracy,25,12,2.083
1952,Ronnie,24,6,4.0
1952,Jan,17,71,0.239
1952,Kris,14,8,1.75
1952,Sidney,14,6,2.333
1952,Kyle,12,6,2.0
1952,Mickey,11,5,2.2
1952,Gale,8,16,0.5
1952,Jody,5,33,0.152
1952,Marion,5,13,0.385
1952,Shannon,5,43,0.116
1953,Michael,1613,5,322.6
1953,Robert,1341,5,268.2
1953,Terry,245,67,3.657
1953,Dale,220,6,36.667
1953,Kim,69,50,1.38
1953,Leslie,60,129,0.465
1953,Lee,57,26,2.192
1953,Kelly,50,12,4.167
1953,Chris,48,9,5.333
1953,Dana,46,37,1.243
1953,Robin,43,159,0.27
1953,Kerry,39,29,1.345
1953,Lynn,33,118,0.28
1953,Gale,13,11,1.182
1953,Pat,12,11,1.091
1953,Kimberly,11,42,0.262
1953,Kris,10,8,1.25
1953,Merle,10,5,2.0
1953,Tracy,10,12,0.833
1953,Jan,9,66,0.136
1953,Jamie,8,9,0.889
1953,Jackie,7,30,0.233
1953,Sandy,7,5,1.4
1953,Shannon,6,35,0.171
1953,Gail,5,185,0.027
1953,Mary,5,759,0.007
1953,Rene,5,11,0.455
1954,Randy,342,5,68.4
1954,Terry,280,120,2.333
1954,Dale,222,5,44.4
1954,Kim,91,61,1.492
1954,Lee,65,23,2.826
1954,Leslie,58,163,0.356
1954,Chris,55,11,5.0
1954,Kelly,55,26,2.115
1954,Kerry,45,24,1.875
1954,Robin,45,193,0.233
1954,Dana,39,49,0.796
1954,Lynn,29,138,0.21
1954,Tracy,27,29,0.931
1954,Shawn,18,14,1.286
1954,Pat,14,6,2.333
1954,Kris,13,9,1.444
1954,Jan,12,91,0.132
1954,Gale,10,21,0.476
1954,Carey,8,8,1.0
1954,Jackie,7,28,0.25
1954,Shannon,7,36,0.194
1954,Kimberly,5,75,0.067
1954,Randi,5,9,0.556
1954,Stacy,5,8,0.625
1954,Unknown,5,6,0.833
1955,Randy,350,5,70.0
1955,Terry,272,115,2.365
1955,Dale,178,7,25.429
1955,Kim,90,148,0.608
1955,Lee,69,40,1.725
1955,Kelly,51,22,2.318
1955,Chris,50,16,3.125
1955,Robin,48,201,0.239
1955,Leslie,39,131,0.298
1955,Dana,37,44,0.841
1955,Kerry,32,23,1.391
1955,Lonnie,30,6,5.0
1955,Shawn,29,20,1.45
1955,Lynn,26,140,0.186
1955,Tracy,26,38,0.684
1955,Kris,16,17,0.941
1955,Dee,8,7,1.143
1955,Gale,8,21,0.381
1955,Jan,8,76,0.105
1955,Kimberly,8,110,0.073
1955,Jackie,7,33,0.212
1955,Shaun,7,6,1.167
1955,Lauren,6,12,0.5
1955,Pat,6,12,0.5
1955,Jamie,5,17,0.294
1955,Lyn,5,6,0.833
1955,Shannon,5,53,0.094
1955,Stacy,5,13,0.385
1956,Terry,242,87,2.782
1956,Dale,233,7,33.286
1956,Kim,100,251,0.398
1956,Kelly,72,50,1.44
1956,Chris,70,28,2.5
1956,Dana,50,53,0.943
1956,Robin,48,225,0.213
1956,Lee,46,34,1.353
1956,Lonnie,41,8,5.125
1956,Kerry,39,30,1.3
1956,Leslie,35,115,0.304
1956,Tracy,35,59,0.593
1956,Lynn,26,148,0.176
1956,Marty,21,7,3.0
1956,Shawn,21,39,0.538
1956,Casey,18,5,3.6
1956,Pat,17,14,1.214
1956,Jan,11,101,0.109
1956,Kris,11,12,0.917
1956,Cary,10,10,1.0
1956,Jackie,10,45,0.222
1956,Gale,7,11,0.636
1956,Jamie,7,24,0.292
1956,Shannon,6,60,0.1
1956,Stacy,6,16,0.375
1956,Darcy,5,18,0.278
1956,Jody,5,49,0.102
1956,Robbin,5,13,0.385
1956,Shaun,5,5,1.0
1957,Terry,287,82,3.5
1957,Kelly,95,98,0.969
1957,Chris,82,38,2.158
1957,Lee,55,24,2.292
1957,Leslie,43,147,0.293
1957,Lonnie,43,7,6.143
1957,Kerry,42,26,1.615
1957,Robin,42,233,0.18
1957,Kim,41,252,0.163
1957,Dana,35,45,0.778
1957,Tracy,32,71,0.451
1957,Shawn,27,28,0.964
1957,Pat,26,16,1.625
1957,Lynn,25,127,0.197
1957,Kris,16,18,0.889
1957,Carey,14,5,2.8
1957,Jamie,10,26,0.385
1957,Jan,10,89,0.112
1957,Jody,10,65,0.154
1957,Shannon,8,52,0.154
1957,Casey,7,5,1.4
1957,Frankie,7,6,1.167
1957,Gale,7,7,1.0
1957,Jessie,6,8,0.75
1957,Jackie,5,41,0.122
1957,Marion,5,8,0.625
1957,Sandy,5,45,0.111
1957,Stacey,5,11,0.455
1958,John,1063,5,212.6
1958,Robert,1054,6,175.667
1958,Terry,229,74,3.095
1958,Dale,217,8,27.125
1958,Chris,116,39,2.974
1958,Kelly,93,153,0.608
1958,Lee,64,27,2.37
1958,Tracy,51,52,0.981
1958,Dana,45,57,0.789
1958,Leslie,35,115,0.304
1958,Robin,35,162,0.216
1958,Kim,33,248,0.133
1958,Kerry,30,37,0.811
1958,Pat,29,11,2.636
1958,Shawn,28,20,1.4
1958,Kris,20,17,1.176
1958,Lynn,16,122,0.131
1958,Carey,12,7,1.714
1958,Jamie,10,25,0.4
1958,Jody,9,62,0.145
1958,Jackie,8,52,0.154
1958,Shannon,7,63,0.111
1958,Jan,6,62,0.097
1958,Rene,6,22,0.273
1958,Stacy,6,37,0.162
1958,Dee,5,14,0.357
1959,Michael,1195,5,239.0
1959,Dale,215,5,43.0
1959,Terry,211,65,3.246
1959,Jerry,201,5,40.2
1959,Chris,145,36,4.028
1959,Kelly,103,208,0.495
1959,Shawn,70,36,1.944
1959,Lee,53,14,3.786
1959,Tracy,52,116,0.448
1959,Pat,42,10,4.2
1959,Kerry,39,29,1.345
1959,Robin,37,167,0.222
1959,Lonnie,36,6,6.0
1959,Kim,35,267,0.131
1959,Dana,29,60,0.483
1959,Lynn,25,112,0.223
1959,Kris,24,24,1.0
1959,Leslie,23,116,0.198
1959,Jody,15,51,0.294
1959,Casey,14,7,2.0
1959,Jamie,13,30,0.433
1959,Jackie,7,54,0.13
1959,Jan,7,71,0.099
1959,Shannon,7,82,0.085
1959,Stacy,7,43,0.163
1959,Lauren,6,11,0.545
1959,Rene,6,25,0.24
1959,Dee,5,13,0.385
1959,Kelley,5,18,0.278
1959,Patricia,5,339,0.015
1959,Tracey,5,26,0.192
1960,David,1374,5,274.8
1960,Terry,185,57,3.246
1960,Chris,156,36,4.333
1960,Kelly,120,250,0.48
1960,Tracy,77,164,0.47
1960,Shawn,71,34,2.088
1960,Lee,70,34,2.059
1960,Pat,41,10,4.1
1960,Kerry,40,31,1.29
1960,Kyle,39,5,7.8
1960,Robin,29,206,0.141
1960,Leslie,28,117,0.239
1960,Kris,26,26,1.0
1960,Dana,22,65,0.338
1960,Kim,22,252,0.087
1960,Jody,19,43,0.442
1960,Jamie,17,42,0.405
1960,Lynn,17,124,0.137
1960,Tracey,10,33,0.303
1960,Jackie,6,46,0.13
1960,Sandy,6,90,0.067
1960,Stacy,6,40,0.15
1960,Shannon,5,85,0.059
1961,James,928,6,154.667
1961,Terry,197,61,3.23
1961,Chris,196,38,5.158
1961,Dale,194,6,32.333
1961,Kelly,132,223,0.592
1961,Tracy,95,169,0.562
1961,Shawn,71,30,2.367
1961,Lee,63,20,3.15
1961,Dana,42,73,0.575
1961,Kerry,40,32,1.25
1961,Robin,38,202,0.188
1961,Kim,31,252,0.123
1961,Kyle,29,5,5.8
1961,Leslie,28,117,0.239
1961,Kris,22,32,0.688
1961,Corey,18,5,3.6
1961,Lynn,16,98,0.163
1961,Shaun,16,6,2.667
1961,Jody,13,53,0.245
1961,Jamie,12,36,0.333
1961,Stacey,8,19,0.421
1961,Shannon,7,94,0.074
1961,Tracey,6,39,0.154
1961,Rene,5,22,0.227
1962,Michael,1263,6,210.5
1962,David,1217,6,202.833
1962,Terry,191,50,3.82
1962,Chris,140,41,3.415
1962,Kelly,117,258,0.453
1962,Tracy,93,177,0.525
1962,Shawn,90,43,2.093
1962,Lee,48,22,2.182
1962,Dana,42,91,0.462
1962,Pat,42,7,6.0
1962,Kerry,41,27,1.519
1962,Kim,26,251,0.104
1962,Robin,25,205,0.122
1962,Kris,24,39,0.615
1962,Shannon,23,91,0.253
1962,Leslie,21,128,0.164
1962,Casey,18,5,3.6
1962,Lynn,12,122,0.098
1962,Jamie,11,67,0.164
1962,Jan,9,42,0.214
1962,Carey,8,5,1.6
1962,Jody,8,40,0.2
1962,Stacey,8,48,0.167
1962,Stacy,8,80,0.1
1962,Erin,6,44,0.136
1962,Mary,5,513,0.01
1963,Robert,948,8,118.5
1963,Terry,165,37,4.459
1963,Chris,155,40,3.875
1963,Dale,153,5,30.6
1963,Kelly,118,250,0.472
1963,Shawn,94,44,2.136
1963,Tracy,88,186,0.473
1963,Lee,43,14,3.071
1963,Kerry,40,37,1.081
1963,Dana,36,99,0.364
1963,Kris,29,36,0.806
1963,Robin,29,183,0.158
1963,Shannon,27,132,0.205
1963,Kim,23,183,0.126
1963,Jamie,21,66,0.318
1963,Cory,19,7,2.714
1963,Leslie,16,109,0.147
1963,Lynn,14,92,0.152
1963,Jody,9,37,0.243
1963,Rene,8,25,0.32
1963,Stacey,8,58,0.138
1963,Stacy,7,75,0.093
1963,Erin,5,47,0.106
1964,David,1165,5,233.0
1964,William,452,5,90.4
1964,Terry,141,18,7.833
1964,Shawn,134,42,3.19
1964,Chris,125,34,3.676
1964,Kelly,114,240,0.475
1964,Tracy,56,213,0.263
1964,Lee,50,10,5.0
1964,Dana,38,94,0.404
1964,Robin,36,174,0.207
1964,Kerry,25,31,0.806
1964,Jamie,18,50,0.36
1964,Kris,17,38,0.447
1964,Leslie,16,111,0.144
1964,Kim,15,200,0.075
1964,Shannon,15,138,0.109
1964,Stacey,8,47,0.17
1964,Tracey,8,43,0.186
1964,Jan,7,24,0.292
1964,Jody,7,48,0.146
1964,Lynn,7,83,0.084
1964,Jackie,6,44,0.136
1964,Bobbie,5,8,0.625
1965,Michael,1121,6,186.833
1965,James,788,6,131.333
1965,Shawn,152,37,4.108
1965,Terry,135,20,6.75
1965,Chris,96,33,2.909
1965,Kelly,89,199,0.447
1965,Tracy,66,208,0.317
1965,Lee,38,13,2.923
1965,Kerry,24,14,1.714
1965,Shannon,21,139,0.151
1965,Leslie,19,74,0.257
1965,Dana,16,82,0.195
1965,Robin,14,120,0.117
1965,Jamie,11,51,0.216
1965,Kim,10,155,0.065
1965,Jody,7,37,0.189
1965,Stacey,6,58,0.103
1965,Erin,5,37,0.135
1965,Kris,5,29,0.172
1965,Lynn,5,70,0.071
1966,David,1035,5,207.0
1966,Shawn,169,40,4.225
1966,Terry,114,12,9.5
1966,Chris,110,26,4.231
1966,Kelly,83,199,0.417
1966,Tracy,53,220,0.241
1966,Lee,50,16,3.125
1966,Shannon,30,148,0.203
1966,Shaun,22,9,2.444
1966,Jody,15,40,0.375
1966,Leslie,15,90,0.167
1966,Robin,14,111,0.126
1966,Dana,12,87,0.138
1966,Kerry,11,29,0.379
1966,Jamie,10,51,0.196
1966,Kris,10,24,0.417
1966,Stacy,10,75,0.133
1966,Kim,9,168,0.054
1966,Tracey,9,43,0.209
1966,Jaime,8,7,1.143
1966,Robbie,8,7,1.143
1966,Stacey,7,59,0.119
1966,Erin,6,47,0.128
1966,Lynn,6,55,0.109
1966,Jessie,5,10,0.5
1967,Michael,1265,5,253.0
1967,David,1117,6,186.167
1967,Shawn,174,50,3.48
1967,Kelly,124,225,0.551
1967,Terry,115,15,7.667
1967,Chris,110,25,4.4
1967,Tracy,66,204,0.324
1967,Lee,52,8,6.5
1967,Shaun,31,9,3.444
1967,Stacy,24,96,0.25
1967,Shannon,23,193,0.119
1967,Jody,17,46,0.37
1967,Jamie,16,49,0.327
1967,Stacey,16,91,0.176
1967,Cary,15,5,3.0
1967,Leslie,13,90,0.144
1967,Dana,12,69,0.174
1967,Robin,12,94,0.128
1967,Kim,11,111,0.099
1967,Kris,10,24,0.417
1967,Kerry,9,23,0.391
1967,Tracey,9,42,0.214
1967,Noel,8,6,1.333
1967,Jackie,7,20,0.35
1967,Lynn,7,55,0.127
1967,Jan,6,18,0.333
1967,Jessie,6,5,1.2
1967,Carey,5,7,0.714
1968,Michael,1270,10,127.0
1968,Robert,863,6,143.833
1968,Jeffrey,556,5,111.2
1968,Shawn,189,52,3.635
1968,Terry,131,18,7.278
1968,Kelly,119,270,0.441
1968,Chris,95,22,4.318
1968,Tracy,68,212,0.321
1968,Lee,53,17,3.118
1968,Shannon,27,247,0.109
1968,Stacy,27,112,0.241
1968,Leslie,24,100,0.24
1968,Jamie,23,64,0.359
1968,Shaun,23,8,2.875
1968,Jody,22,53,0.415
1968,Stacey,19,114,0.167
1968,Cary,17,6,2.833
1968,Dana,16,85,0.188
1968,Kerry,13,32,0.406
1968,Robin,13,87,0.149
1968,Kris,11,23,0.478
1968,Noel,11,10,1.1
1968,Joey,9,7,1.286
1968,Rene,9,16,0.562
1968,Lynn,7,60,0.117
1968,Erin,6,76,0.079
1968,Kelley,6,24,0.25
1968,Kim,6,117,0.051
1968,Tracey,5,50,0.1
1969,Michael,1327,9,147.444
1969,David,1015,7,145.0
1969,John,849,6,141.5
1969,William,507,5,101.4
1969,Shawn,236,28,8.429
1969,Corey,131,6,21.833
1969,Kelly,129,231,0.558
1969,Chris,112,9,12.444
1969,Terry,86,16,5.375
1969,Tracy,52,203,0.256
1969,Lee,46,15,3.067
1969,Shannon,35,354,0.099
1969,Jody,28,52,0.538
1969,Casey,23,10,2.3
1969,Stacy,23,121,0.19
1969,Jamie,20,63,0.317
1969,Dana,19,95,0.2
1969,Joey,18,9,2.0
1969,Kerry,15,39,0.385
1969,Stacey,14,107,0.131
1969,Carey,12,7,1.714
1969,Erin,11,91,0.121
1969,Robin,11,97,0.113
1969,Leslie,10,114,0.088
1969,Lynn,10,42,0.238
1969,Jaime,7,5,1.4
1969,Jean,6,30,0.2
1969,Kim,6,91,0.066
1969,Kris,6,19,0.316
1969,Sandy,6,13,0.462
1969,Courtney,5,7,0.714
1969,Jessie,5,9,0.556
1969,Lisa,5,708,0.007
1969,Tracey,5,55,0.091
1970,Michael,1268,10,126.8
1970,David,1000,6,166.667
1970,Daniel,458,5,91.6
1970,Shawn,266,51,5.216
1970,Chris,97,9,10.778
1970,Kelly,88,178,0.494
1970,Terry,87,11,7.909
1970,Shannon,54,342,0.158
1970,Lee,51,9,5.667
1970,Tracy,41,264,0.155
1970,Casey,37,7,5.286
1970,Karl,37,5,7.4
1970,Jamie,35,72,0.486
1970,Jody,30,72,0.417
1970,Stacy,19,125,0.152
1970,Cary,18,5,3.6
1970,Dana,17,84,0.202
1970,Leslie,17,65,0.262
1970,Joey,15,7,2.143
1970,Robin,15,90,0.167
1970,Stacey,14,99,0.141
1970,Kerry,12,47,0.255
1970,Erin,10,129,0.078
1970,Kris,9,14,0.643
1970,Jaime,8,8,1.0
1970,Noel,8,11,0.727
1970,Rene,7,11,0.636
1970,Brooke,6,22,0.273
1970,Jan,6,9,0.667
1970,Tracey,6,63,0.095
1970,Jean,5,33,0.152
1970,Shanon,5,7,0.714
1971,Michael,1065,10,106.5
1971,Jason,967,6,161.167
1971,David,816,8,102.0
1971,Robert,771,5,154.2
1971,Joseph,298,6,49.667
1971,Shawn,249,42,5.929
1971,Chris,97,13,7.462
1971,Kelly,85,146,0.582
1971,Terry,64,8,8.0
1971,Corey,53,5,10.6
1971,Lee,43,8,5.375
1971,Jamie,40,62,0.645
1971,Shannon,40,305,0.131
1971,Casey,39,9,4.333
1971,Tracy,28,185,0.151
1971,Dana,25,96,0.26
1971,Robin,21,80,0.262
1971,Jody,19,53,0.358
1971,Kerry,15,33,0.455
1971,Leslie,13,55,0.236
1971,Erin,12,112,0.107
1971,Stacy,12,145,0.083
1971,Joey,11,6,1.833
1971,Kim,9,53,0.17
1971,Rene,8,15,0.533
1971,Jean,7,20,0.35
1971,Kris,7,9,0.778
1971,Carey,5,13,0.385
1971,Jessie,5,14,0.357
1971,Lynn,5,42,0.119
1971,Shelby,5,13,0.385
1971,Tracey,5,43,0.116
1972,Michael,938,6,156.333
1972,Jason,853,8,106.625
1972,Mark,296,5,59.2
1972,Shawn,201,28,7.179
1972,Jesse,69,6,11.5
1972,Kelly,60,118,0.508
1972,Cory,55,5,11.0
1972,Tracy,52,140,0.371
1972,Casey,44,13,3.385
1972,Jamie,37,76,0.487
1972,Lee,37,10,3.7
1972,Shannon,24,282,0.085
1972,Dana,20,57,0.351
1972,Leslie,16,52,0.308
1972,Jody,14,37,0.378
1972,Stacy,14,90,0.156
1972,Kris,13,6,2.167
1972,Noel,13,5,2.6
1972,Stacey,10,82,0.122
1972,Kerry,8,27,0.296
1972,Erin,7,101,0.069
1972,Joey,7,6,1.167
1972,Jessie,6,5,1.2
1972,Tracey,6,22,0.273
1972,Jade,5,5,1.0
1972,Kim,5,32,0.156
1972,Robin,5,71,0.07
1973,Jason,1023,5,204.6
1973,Michael,907,5,181.4
1973,Christopher,642,5,128.4
1973,Robert,472,6,78.667
1973,Shawn,187,22,8.5
1973,Shane,141,7,20.143
1973,Kelly,56,126,0.444
1973,Jamie,46,54,0.852
1973,Casey,42,16,2.625
1973,Terry,40,7,5.714
1973,Tracy,31,139,0.223
1973,Shannon,25,253,0.099
1973,Dana,15,46,0.326
1973,Jody,15,29,0.517
1973,Erin,12,91,0.132
1973,Jaime,11,5,2.2
1973,Stacy,11,97,0.113
1973,Joey,8,5,1.6
1973,Jessie,7,9,0.778
1973,Noel,7,5,1.4
1973,Courtney,6,9,0.667
1973,Kerry,6,23,0.261
1973,Angel,5,18,0.278
1973,Brook,5,5,1.0
1973,Jean,5,8,0.625
1973,Rene,5,9,0.556
1974,Jason,1092,5,218.4
1974,Michael,959,10,95.9
1974,Christopher,696,9,77.333
1974,John,489,6,81.5
1974,Aaron,337,6,56.167
1974,Shawn,225,17,13.235
1974,Terry,63,7,9.0
1974,Cory,58,8,7.25
1974,Jamie,55,93,0.591
1974,Kelly,53,134,0.396
1974,Casey,46,17,2.706
1974,Tracy,29,103,0.282
1974,Lee,27,6,4.5
1974,Shannon,21,256,0.082
1974,Stacy,15,91,0.165
1974,Dana,14,62,0.226
1974,Erin,14,137,0.102
1974,Jody,12,42,0.286
1974,Tracey,10,20,0.5
1974,Stacey,9,79,0.114
1974,Jessie,8,13,0.615
1974,Morgan,8,6,1.333
1974,Courtney,7,41,0.171
1974,Jennifer,7,1090,0.006
1974,Kerry,7,19,0.368
1974,Leslie,7,67,0.104
1974,Robin,6,67,0.09
1974,Brook,5,6,0.833
1974,Cary,5,5,1.0
1974,Kelley,5,25,0.2
1974,Lynn,5,14,0.357
1974,Nakia,5,6,0.833
1975,Michael,939,10,93.9
1975,Christopher,682,6,113.667
1975,David,603,5,120.6
1975,Ryan,508,6,84.667
1975,Brian,501,5,100.2
1975,Robert,497,5,99.4
1975,James,489,7,69.857
1975,Daniel,414,5,82.8
1975,Shawn,177,16,11.062
1975,Casey,85,15,5.667
1975,Kelly,64,132,0.485
1975,Jamie,60,109,0.55
1975,Terry,45,5,9.0
1975,Lee,27,8,3.375
1975,Shannon,26,194,0.134
1975,Tracy,24,92,0.261
1975,Erin,19,180,0.106
1975,Stacy,17,114,0.149
1975,Dana,14,38,0.368
1975,Jaime,14,21,0.667
1975,Kasey,11,7,1.571
1975,Stacey,11,89,0.124
1975,Jody,10,57,0.175
1975,Leslie,10,69,0.145
1975,Robin,7,67,0.104
1975,Jessie,6,6,1.0
1975,Joey,6,8,0.75
1975,Kerry,6,17,0.353
1975,Lynn,6,21,0.286
1975,Ashley,5,23,0.217
1975,Kim,5,24,0.208
1975,Kristen,5,84,0.06
1975,Nakia,5,5,1.0
1975,Tracey,5,19,0.263
1976,Jason,985,9,109.444
1976,Michael,949,5,189.8
1976,Jeremy,472,5,94.4
1976,Daniel,412,5,82.4
1976,Aaron,365,10,36.5
1976,Jesse,191,12,15.917
1976,Shawn,191,13,14.692
1976,Gabriel,103,5,20.6
1976,Casey,84,23,3.652
1976,Jamie,74,260,0.285
1976,Cory,67,5,13.4
1976,Corey,64,6,10.667
1976,Kelly,56,159,0.352
1976,Christian,44,5,8.8
1976,Jaime,22,156,0.141
1976,Shannon,21,255,0.082
1976,Tracy,18,77,0.234
1976,Jessie,13,15,0.867
1976,Robin,13,48,0.271
1976,Dana,11,61,0.18
1976,Jody,10,31,0.323
1976,Kasey,10,10,1.0
1976,Brook,9,10,0.9
1976,Jamey,9,6,1.5
1976,Dusty,8,7,1.143
1976,Jennifer,8,1064,0.008
1976,Kendall,8,5,1.6
1976,Shelby,7,19,0.368
1976,Kerry,6,16,0.375
1976,Noel,6,8,0.75
1976,Courtney,5,66,0.076
1976,Erin,5,185,0.027
1976,Jean,5,7,0.714
1976,Kelsey,5,9,0.556
1976,Stacy,5,99,0.051
1977,Jason,1004,6,167.333
1977,Michael,991,17,58.294
1977,David,684,5,136.8
1977,Ryan,665,10,66.5
1977,Jeremy,534,5,106.8
1977,Aaron,352,7,50.286
1977,Jesse,211,6,35.167
1977,Shawn,177,11,16.091
1977,Corey,97,8,12.125
1977,Cory,93,8,11.625
1977,Casey,83,25,3.32
1977,Kelly,42,262,0.16
1977,Adrian,41,8,5.125
1977,Jamie,41,251,0.163
1977,Lee,31,7,4.429
1977,Shannon,27,267,0.101
1977,Jaime,18,121,0.149
1977,Morgan,16,8,2.0
1977,Tracy,14,70,0.2
1977,Courtney,13,57,0.228
1977,Noel,13,6,2.167
1977,Jessie,11,12,0.917
1977,Kasey,11,11,1.0
1977,Devon,10,9,1.111
1977,Leslie,10,62,0.161
1977,Robin,10,51,0.196
1977,Dana,9,49,0.184
1977,Erin,7,254,0.028
1977,Jody,7,31,0.226
1977,Kerry,7,14,0.5
1977,Angel,6,32,0.188
1977,Brook,6,6,1.0
1977,Elisha,5,6,0.833
1977,Guadalupe,5,5,1.0
1977,Shelby,5,16,0.312
1977,Stacey,5,64,0.078
1978,Michael,1047,11,95.182
1978,Christopher,812,6,135.333
1978,Ryan,687,13,52.846
1978,Robert,496,6,82.667
1978,Aaron,385,7,55.0
1978,Jesse,197,11,17.909
1978,Shawn,181,5,36.2
1978,Casey,107,29,3.69
1978,Cory,91,8,11.375
1978,Corey,75,7,10.714
1978,Kelly,48,220,0.218
1978,Jamie,37,223,0.166
1978,Jaime,22,80,0.275
1978,Devin,18,9,2.0
1978,Jody,15,35,0.429
1978,Morgan,14,5,2.8
1978,Jade,12,6,2.0
1978,Kasey,12,16,0.75
1978,Dana,11,60,0.183
1978,Shannon,11,209,0.053
1978,Devon,10,16,0.625
1978,Tracy,10,73,0.137
1978,Erin,8,256,0.031
1978,Jessie,7,28,0.25
1978,Robin,7,63,0.111
1978,Stacy,7,101,0.069
1978,Kim,6,12,0.5
1978,Leslie,6,56,0.107
1978,Courtney,5,62,0.081
1978,Kelsey,5,12,0.417
1978,Kerry,5,11,0.455
1978,Stacey,5,70,0.071
1979,Michael,1060,11,96.364
1979,Christopher,937,5,187.4
1979,Jason,873,8,109.125
1979,Joshua,834,6,139.0
1979,Ryan,792,10,79.2
1979,David,723,5,144.6
1979,James,596,6,99.333
1979,Robert,552,5,110.4
1979,Brian,528,6,88.0
1979,Joseph,509,6,84.833
1979,Benjamin,334,5,66.8
1979,Eric,332,5,66.4
1979,Jesse,247,7,35.286
1979,Kyle,219,6,36.5
1979,Shawn,157,7,22.429
1979,Casey,118,30,3.933
1979,Corey,80,5,16.0
1979,Kelly,54,201,0.269
1979,Jamie,52,270,0.193
1979,Jordan,52,14,3.714
1979,Cody,51,11,4.636
1979,Micah,41,6,6.833
1979,Lee,35,8,4.375
1979,Devin,28,11,2.545
1979,Jaime,19,58,0.328
1979,Morgan,18,14,1.286
1979,Jessie,14,26,0.538
1979,Dana,13,47,0.277
1979,Robin,12,48,0.25
1979,Joey,11,10,1.1
1979,Tracy,11,75,0.147
1979,Kasey,9,10,0.9
1979,Kerry,9,15,0.6
1979,Leslie,9,70,0.129
1979,Shannon,9,219,0.041
1979,Erin,8,267,0.03
1979,Guadalupe,8,7,1.143
1979,Jody,8,25,0.32
1979,Courtney,7,67,0.104
1979,Stacy,7,101,0.069
1979,Angel,5,15,0.333
1979,Dominique,5,7,0.714
1979,Elisha,5,13,0.385
1979,Shelby,5,21,0.238
1980,Michael,1123,17,66.059
1980,Jason,916,6,152.667
1980,Joshua,841,5,168.2
1980,David,776,6,129.333
1980,Ryan,749,10,74.9
1980,Justin,662,8,82.75
1980,James,611,5,122.2
1980,Joseph,518,9,57.556
1980,Nicholas,503,7,71.857
1980,Brian,493,6,82.167
1980,Aaron,377,5,75.4
1980,Jacob,350,7,50.0
1980,Jesse,330,11,30.0
1980,Shawn,165,9,18.333
1980,Joel,138,5,27.6
1980,Casey,121,30,4.033
1980,Corey,81,9,9.0
1980,Jordan,53,16,3.312
1980,Kelly,45,173,0.26
1980,Cody,41,5,8.2
1980,Jamie,40,255,0.157
1980,Adrian,32,6,5.333
1980,Devin,29,6,4.833
1980,Jaime,23,67,0.343
1980,Jessie,21,23,0.913
1980,Morgan,20,33,0.606
1980,Joey,15,5,3.0
1980,Jody,13,21,0.619
1980,Kasey,13,16,0.812
1980,Dana,11,57,0.193
1980,Erin,11,316,0.035
1980,Robin,11,51,0.216
1980,Shannon,11,225,0.049
1980,Courtney,10,119,0.084
1980,Devon,8,14,0.571
1980,Noel,8,10,0.8
1980,Leslie,7,78,0.09
1980,Tracy,7,71,0.099
1980,Angel,6,29,0.207
1980,Ashley,6,95,0.063
1980,Jade,6,10,0.6
1980,Melissa,6,561,0.011
1980,Dominique,5,5,1.0
1980,Jackie,5,13,0.385
1981,Michael,1178,7,168.286
1981,Ryan,799,17,47.0
1981,David,755,6,125.833
1981,Daniel,594,8,74.25
1981,James,585,6,97.5
1981,Justin,584,6,97.333
1981,Robert,570,8,71.25
1981,Brian,502,5,100.4
1981,Aaron,462,5,92.4
1981,Jesse,363,11,33.0
1981,Casey,152,37,4.108
1981,Shawn,149,9,16.556
1981,Jordan,108,19,5.684
1981,Corey,91,8,11.375
1981,Cody,66,6,11.0
1981,Morgan,45,47,0.957
1981,Kelly,39,173,0.225
1981,Micah,36,6,6.0
1981,Taylor,36,14,2.571
1981,Jamie,35,247,0.142
1981,Lee,35,9,3.889
1981,Christian,29,6,4.833
1981,Devin,27,5,5.4
1981,Jessie,26,30,0.867
1981,Robin,26,52,0.5
1981,Jaime,20,59,0.339
1981,Blair,19,8,2.375
1981,Dallas,14,6,2.333
1981,Leslie,12,77,0.156
1981,Tracy,11,72,0.153
1981,Dana,10,43,0.233
1981,Kasey,10,16,0.625
1981,Courtney,9,150,0.06
1981,Erin,8,317,0.025
1981,Kelsey,8,51,0.157
1981,Angel,7,29,0.241
1981,Ashley,6,88,0.068
1981,Devon,6,11,0.545
1981,Andrea,5,274,0.018
1981,Jennifer,5,1085,0.005
1981,Jody,5,14,0.357
1981,Shannon,5,213,0.023
1981,Shelby,5,26,0.192
1982,Michael,1137,11,103.364
1982,Christopher,1043,8,130.375
1982,Matthew,903,7,129.0
1982,Ryan,786,9,87.333
1982,Joshua,782,6,130.333
1982,David,751,7,107.286
1982,James,564,5,112.8
1982,Andrew,476,7,68.0
1982,Nicholas,446,5,89.2
1982,Aaron,402,5,80.4
1982,Kevin,352,5,70.4
1982,Jesse,321,10,32.1
1982,Paul,236,5,47.2
1982,Shawn,150,9,16.667
1982,Casey,129,43,3.0
1982,Jordan,126,10,12.6
1982,Cameron,88,7,12.571
1982,Cody,68,8,8.5
1982,Kelly,46,166,0.277
1982,Jamie,36,249,0.145
1982,Christian,34,5,6.8
1982,Taylor,34,18,1.889
1982,Adrian,31,5,6.2
1982,Morgan,24,64,0.375
1982,Jessie,22,34,0.647
1982,Jaime,19,54,0.352
1982,Dana,16,62,0.258
1982,Robin,13,61,0.213
1982,Devon,12,15,0.8
1982,Kasey,12,13,0.923
1982,Alexis,11,40,0.275
1982,Blair,11,8,1.375
1982,Angel,10,16,0.625
1982,Ashley,9,156,0.058
1982,Dusty,9,5,1.8
1982,Erin,9,304,0.03
1982,Leslie,9,66,0.136
1982,Tracy,9,49,0.184
1982,Shannon,8,178,0.045
1982,Dominique,7,6,1.167
1982,Keegan,7,5,1.4
1982,Kelsey,6,81,0.074
1982,Ariel,5,15,0.333
1982,Guadalupe,5,11,0.455
1982,Jennifer,5,978,0.005
1982,Justine,5,8,0.625
1982,Kendall,5,14,0.357
1983,Michael,1121,17,65.941
1983,Christopher,1043,6,173.833
1983,Ryan,812,13,62.462
1983,Joshua,798,7,114.0
1983,David,734,7,104.857
1983,Jason,668,5,133.6
1983,Justin,570,6,95.0
1983,Nicholas,558,6,93.0
1983,Kyle,448,6,74.667
1983,Aaron,392,5,78.4
1983,Tyler,288,6,48.0
1983,Jesse,269,9,29.889
1983,Shawn,145,6,24.167
1983,Jordan,140,11,12.727
1983,Casey,125,42,2.976
1983,Brett,103,5,20.6
1983,Cody,87,5,17.4
1983,Cameron,72,5,14.4
1983,Corey,69,8,8.625
1983,Taylor,40,17,2.353
1983,Kelly,39,163,0.239
1983,Tristan,38,7,5.429
1983,Adrian,36,9,4.0
1983,Christian,32,5,6.4
1983,Jamie,31,256,0.121
1983,Morgan,24,39,0.615
1983,Devon,22,14,1.571
1983,Jaime,16,65,0.246
1983,Jessie,14,29,0.483
1983,Noel,14,7,2.0
1983,Ashley,12,453,0.026
1983,Dana,11,45,0.244
1983,Robin,11,43,0.256
1983,Angel,9,18,0.5
1983,Tracy,9,34,0.265
1983,Leslie,8,77,0.104
1983,Rene,8,6,1.333
1983,Jessica,7,764,0.009
1983,Sarah,7,683,0.01
1983,Courtney,6,125,0.048
1983,Kasey,6,12,0.5
1983,Kerry,6,12,0.5
1983,Erin,5,328,0.015
1983,Kelsey,5,117,0.043
1983,Quinn,5,7,0.714
1984,Michael,1101,8,137.625
1984,Christopher,1086,8,135.75
1984,Joshua,805,8,100.625
1984,Ryan,706,5,141.2
1984,Joseph,495,6,82.5
1984,John,493,5,98.6
1984,Tyler,385,6,64.167
1984,Thomas,292,5,58.4
1984,Sean,273,5,54.6
1984,Jesse,255,6,42.5
1984,Jordan,157,16,9.812
1984,Casey,136,35,3.886
1984,Shawn,118,5,23.6
1984,Cameron,72,7,10.286
1984,Devin,67,6,11.167
1984,Taylor,62,22,2.818
1984,Kelly,40,157,0.255
1984,Jamie,30,221,0.136
1984,Adrian,29,7,4.143
1984,Morgan,25,50,0.5
1984,Devon,24,18,1.333
1984,Jaime,24,33,0.727
1984,Logan,24,6,4.0
1984,Jessie,22,35,0.629
1984,Robin,16,35,0.457
1984,Kasey,14,18,0.778
1984,Angel,10,19,0.526
1984,Dana,10,48,0.208
1984,Ashley,9,523,0.017
1984,Dominique,9,15,0.6
1984,Courtney,8,117,0.068
1984,Blair,7,9,0.778
1984,Shannon,6,168,0.036
1984,Whitney,6,46,0.13
1984,Elisha,5,10,0.5
1984,Guadalupe,5,8,0.625
1984,Kelsey,5,125,0.04
1984,Kerry,5,13,0.385
1984,Quinn,5,7,0.714
1984,Tracy,5,39,0.128
1985,Christopher,1043,10,104.3
1985,Michael,1016,12,84.667
1985,Joshua,854,6,142.333
1985,Ryan,736,18,40.889
1985,Andrew,640,6,106.667
1985,Daniel,597,5,119.4
1985,Nicholas,574,5,114.8
1985,Kyle,522,7,74.571
1985,Robert,484,6,80.667
1985,Justin,450,7,64.286
1985,Tyler,429,6,71.5
1985,Brian,400,6,66.667
1985,William,310,5,62.0
1985,Jesse,241,9,26.778
1985,Jordan,149,25,5.96
1985,Shawn,128,8,16.0
1985,Casey,114,31,3.677
1985,Cory,99,7,14.143
1985,Cameron,97,6,16.167
1985,Corey,84,8,10.5
1985,Taylor,72,30,2.4
1985,Devin,53,9,5.889
1985,Adrian,45,5,9.0
1985,Tristan,41,7,5.857
1985,Kelly,29,153,0.19
1985,Devon,24,10,2.4
1985,Morgan,24,62,0.387
1985,Colby,23,6,3.833
1985,Jamie,22,225,0.098
1985,Jaime,18,36,0.5
1985,Riley,17,7,2.429
1985,Jessie,16,25,0.64
1985,Dana,14,60,0.233
1985,Kasey,14,13,1.077
1985,Robin,12,47,0.255
1985,Angel,10,28,0.357
1985,Ashley,9,710,0.013
1985,Courtney,9,127,0.071
1985,Guadalupe,8,7,1.143
1985,Mackenzie,8,13,0.615
1985,Noel,8,6,1.333
1985,Kerry,7,14,0.5
1985,Blair,6,6,1.0
1985,Cassidy,6,9,0.667
1985,Dominique,6,21,0.286
1985,Erin,6,248,0.024
1985,Kelsey,6,136,0.044
1985,Kim,6,6,1.0
1985,Leslie,6,57,0.105
1985,Whitney,6,54,0.111
1985,Kendall,5,13,0.385
1985,Tracy,5,32,0.156
1986,Michael,985,13,75.769
1986,Christopher,942,7,134.571
1986,Ryan,672,14,48.0
1986,Daniel,646,6,107.667
1986,David,637,6,106.167
1986,Nicholas,566,7,80.857
1986,Kyle,565,5,113.0
1986,James,498,8,62.25
1986,Jacob,482,5,96.4
1986,Joseph,475,5,95.0
1986,Justin,466,5,93.2
1986,Tyler,442,12,36.833
1986,Benjamin,329,5,65.8
1986,Jesse,237,7,33.857
1986,Jordan,181,49,3.694
1986,Cody,167,12,13.917
1986,Shawn,148,7,21.143
1986,Casey,133,39,3.41
1986,Cameron,95,7,13.571
1986,Taylor,82,40,2.05
1986,Devin,72,13,5.538
1986,Logan,41,6,6.833
1986,Tristan,35,7,5.0
1986,Devon,25,10,2.5
1986,Morgan,24,55,0.436
1986,Riley,22,6,3.667
1986,Kelly,21,120,0.175
1986,Jaime,20,31,0.645
1986,Jamie,20,210,0.095
1986,Colby,19,7,2.714
1986,Jessie,18,29,0.621
1986,Angel,14,19,0.737
1986,Robin,14,42,0.333
1986,Kasey,11,19,0.579
1986,Dana,10,39,0.256
1986,Mackenzie,10,27,0.37
1986,Noel,10,9,1.111
1986,Shannon,10,120,0.083
1986,Dominique,9,30,0.3
1986,Blair,8,14,0.571
1986,Erin,8,210,0.038
1986,Alexis,7,49,0.143
1986,Kendall,7,12,0.583
1986,Shelby,7,40,0.175
1986,Ashley,6,799,0.008
1986,Jayme,6,11,0.545
1986,Shea,6,5,1.2
1986,Tracy,6,40,0.15
1986,Ariel,5,23,0.217
1986,Cassidy,5,10,0.5
1986,Guadalupe,5,8,0.625
1986,Kelley,5,21,0.238
1986,Kelsey,5,181,0.028
1986,Whitney,5,201,0.025
1987,Michael,1076,7,153.714
1987,Christopher,852,5,170.4
1987,Matthew,803,5,160.6
1987,Andrew,783,6,130.5
1987,Joshua,764,10,76.4
1987,Ryan,643,6,107.167
1987,David,640,5,128.0
1987,Daniel,603,6,100.5
1987,Kyle,593,6,98.833
1987,Nicholas,521,6,86.833
1987,John,415,10,41.5
1987,Jordan,233,41,5.683
1987,Jesse,230,5,46.0
1987,Cody,218,5,43.6
1987,Corey,127,8,15.875
1987,Alex,122,5,24.4
1987,Cory,116,6,19.333
1987,Austin,115,5,23.0
1987,Casey,107,38,2.816
1987,Taylor,96,27,3.556
1987,Devin,77,6,12.833
1987,Gabriel,65,5,13.0
1987,Christian,48,10,4.8
1987,Tristan,36,7,5.143
1987,Devon,34,6,5.667
1987,Kelly,33,128,0.258
1987,Riley,30,5,6.0
1987,Jamie,28,181,0.155
1987,Colby,26,8,3.25
1987,Jessie,25,25,1.0
1987,Morgan,23,53,0.434
1987,Jaime,14,23,0.609
1987,Kasey,13,20,0.65
1987,Noel,11,5,2.2
1987,Shea,10,5,2.0
1987,Courtney,9,138,0.065
1987,Mackenzie,9,24,0.375
1987,Jessica,8,884,0.009
1987,Robin,8,38,0.211
1987,Shelby,8,29,0.276
1987,Ali,7,9,0.778
1987,Angel,7,19,0.368
1987,Ashley,7,865,0.008
1987,Dominique,7,17,0.412
1987,Sidney,7,5,1.4
1987,Tracy,7,32,0.219
1987,Whitney,7,190,0.037
1987,Erin,6,173,0.035
1987,Kerry,6,14,0.429
1987,Melissa,6,292,0.021
1987,Amanda,5,815,0.006
1987,Andrea,5,204,0.025
1987,Dana,5,55,0.091
1987,Jody,5,6,0.833
1988,Michael,1085,12,90.417
1988,Ryan,653,8,81.625
1988,Kyle,590,9,65.556
1988,James,538,5,107.6
1988,Jacob,470,5,94.0
1988,Brandon,466,5,93.2
1988,Alexander,318,5,63.6
1988,Jordan,283,48,5.896
1988,Cody,268,11,24.364
1988,Jesse,209,6,34.833
1988,Cameron,200,7,28.571
1988,Alex,143,10,14.3
1988,Casey,111,37,3.0
1988,Taylor,106,88,1.205
1988,Shawn,97,10,9.7
1988,Devin,77,7,11.0
1988,Adrian,40,7,5.714
1988,Riley,39,7,5.571
1988,Morgan,33,63,0.524
1988,Terry,32,6,5.333
1988,Kelly,30,107,0.28
1988,Devon,28,16,1.75
1988,Jamie,28,155,0.181
1988,Jessie,21,33,0.636
1988,Jaime,17,22,0.773
1988,Kasey,12,18,0.667
1988,Angel,11,13,0.846
1988,Dominique,11,14,0.786
1988,Mackenzie,11,28,0.393
1988,Shea,11,6,1.833
1988,Robin,10,45,0.222
1988,Erin,9,182,0.049
1988,Kelley,8,18,0.444
1988,Kelsey,8,231,0.035
1988,Kendall,8,14,0.571
1988,Courtney,7,216,0.032
1988,Dana,7,35,0.2
1988,Noel,7,15,0.467
1988,Sarah,6,564,0.011
1988,Tracy,6,37,0.162
1988,Cassidy,5,8,0.625
1988,Leslie,5,46,0.109
1988,Shannon,5,100,0.05
1989,Michael,1030,6,171.667
1989,Christopher,871,5,174.2
1989,Ryan,636,6,106.0
1989,David,613,6,102.167
1989,Aaron,376,5,75.2
1989,Jordan,287,108,2.657
1989,Taylor,175,96,1.823
1989,Alex,138,8,17.25
1989,Casey,126,45,2.8
1989,Cory,110,8,13.75
1989,Blake,104,5,20.8
1989,Devin,83,12,6.917
1989,Kelly,56,109,0.514
1989,Riley,44,13,3.385
1989,Devon,38,15,2.533
1989,Skyler,32,6,5.333
1989,Micah,29,5,5.8
1989,Jamie,28,157,0.178
1989,Jessie,26,26,1.0
1989,Jaime,25,22,1.136
1989,Morgan,22,70,0.314
1989,Dakota,20,6,3.333
1989,Kasey,17,24,0.708
1989,Quinn,16,5,3.2
1989,Angel,15,23,0.652
1989,Robin,13,22,0.591
1989,Dominique,11,12,0.917
1989,Leslie,11,45,0.244
1989,Devan,10,6,1.667
1989,Mackenzie,10,52,0.192
1989,Unnamed,10,6,1.667
1989,Ashton,8,14,0.571
1989,Shannon,8,104,0.077
1989,Ali,7,5,1.4
1989,Kendall,7,17,0.412
1989,Ariel,6,39,0.154
1989,Aubrey,6,21,0.286
1989,Avery,6,6,1.0
1989,Blair,6,9,0.667
1989,Kerry,6,18,0.333
1989,Tracy,6,26,0.231
1989,Bailey,5,30,0.167
1989,Dana,5,38,0.132
1989,Erin,5,170,0.029
1989,Noel,5,5,1.0
1990,Christopher,886,5,177.2
1990,Kyle,724,12,60.333
1990,Ryan,642,6,107.0
1990,Tyler,616,5,123.2
1990,Jordan,534,163,3.276
1990,Cody,368,5,73.6
1990,Jesse,277,7,39.571
1990,Taylor,230,195,1.179
1990,Spencer,158,5,31.6
1990,Alex,143,6,23.833
1990,Casey,131,39,3.359
1990,Cory,116,8,14.5
1990,Corey,114,6,19.0
1990,Devin,90,13,6.923
1990,Logan,79,7,11.286
1990,Devon,55,14,3.929
1990,Riley,45,12,3.75
1990,Adrian,44,9,4.889
1990,Skyler,39,5,7.8
1990,Tristan,38,5,7.6
1990,Jamie,32,155,0.206
1990,Morgan,30,103,0.291
1990,Jaime,28,21,1.333
1990,Kelly,24,137,0.175
1990,Dominique,23,19,1.211
1990,Unnamed,21,12,1.75
1990,Angel,19,22,0.864
1990,Quinn,18,5,3.6
1990,Kasey,17,22,0.773
1990,Devan,15,6,2.5
1990,Jessie,15,31,0.484
1990,Mackenzie,14,58,0.241
1990,Blair,12,9,1.333
1990,Francis,12,5,2.4
1990,Noel,12,8,1.5
1990,Robin,12,28,0.429
1990,Skylar,12,5,2.4
1990,Dallas,11,5,2.2
1990,Shelby,11,105,0.105
1990,Shea,10,5,2.0
1990,Kendall,9,15,0.6
1990,Kristian,9,6,1.5
1990,Tracy,8,11,0.727
1990,Ariel,7,109,0.064
1990,Dana,7,32,0.219
1990,Avery,6,9,0.667
1990,Kerry,6,10,0.6
1990,Shannon,6,97,0.062
1990,Tayler,6,8,0.75
1990,Elisha,5,7,0.714
1990,Erin,5,161,0.031
1990,Guadalupe,5,13,0.385
1990,Jade,5,19,0.263
1990,Leslie,5,38,0.132
1990,Shay,5,5,1.0
1990,Skye,5,14,0.357
1991,Michael,1022,7,146.0
1991,Christopher,812,6,135.333
1991,Tyler,690,15,46.0
1991,Ryan,600,6,100.0
1991,Jordan,483,157,3.076
1991,Alexander,471,9,52.333
1991,Cody,439,8,54.875
1991,Dylan,284,6,47.333
1991,Jesse,278,8,34.75
1991,Taylor,264,203,1.3
1991,Austin,260,9,28.889
1991,Cameron,225,5,45.0
1991,Christian,164,6,27.333
1991,Spencer,158,5,31.6
1991,Alex,147,9,16.333
1991,Casey,113,37,3.054
1991,Corey,110,12,9.167
1991,Blake,106,5,21.2
1991,Devin,104,12,8.667
1991,Logan,83,5,16.6
1991,Riley,66,14,4.714
1991,Devon,61,25,2.44
1991,Dakota,43,16,2.688
1991,Unnamed,36,24,1.5
1991,Angel,35,29,1.207
1991,Morgan,35,129,0.271
1991,Micah,32,5,6.4
1991,Dominique,30,27,1.111
1991,Jaime,26,17,1.529
1991,Kelly,26,98,0.265
1991,Lee,25,5,5.0
1991,Jessie,23,25,0.92
1991,Joey,19,5,3.8
1991,Jamie,18,107,0.168
1991,Devan,17,7,2.429
1991,Kasey,15,15,1.0
1991,Ashton,14,5,2.8
1991,Robin,14,29,0.483
1991,Mackenzie,13,79,0.165
1991,Dana,11,32,0.344
1991,Noel,11,6,1.833
1991,Alexis,10,139,0.072
1991,Blair,10,13,0.769
1991,Kendall,10,15,0.667
1991,Sage,10,5,2.0
1991,Shelby,10,257,0.039
1991,Sidney,10,11,0.909
1991,Cristian,9,5,1.8
1991,Jade,8,32,0.25
1991,Addison,5,5,1.0
1991,Ali,5,8,0.625
1991,Baby,5,7,0.714
1991,Jordyn,5,31,0.161
1991,Leslie,5,36,0.139
1991,Paris,5,7,0.714
1991,Tracy,5,10,0.5
1992,Michael,902,7,128.857
1992,Tyler,760,17,44.706
1992,Joshua,746,5,149.2
1992,Kyle,598,8,74.75
1992,Ryan,579,11,52.636
1992,David,566,5,113.2
1992,Alexander,529,5,105.8
1992,Jordan,444,154,2.883
1992,Dylan,402,7,57.429
1992,Austin,330,7,47.143
1992,Jesse,253,10,25.3
1992,Taylor,251,334,0.751
1992,Christian,197,12,16.417
1992,Alex,153,12,12.75
1992,Devin,137,19,7.211
1992,Casey,119,31,3.839
1992,Riley,100,25,4.0
1992,Shawn,98,5,19.6
1992,Dakota,89,28,3.179
1992,Devon,73,12,6.083
1992,Adrian,58,7,8.286
1992,Colby,53,6,8.833
1992,Skyler,50,7,7.143
1992,Micah,44,5,8.8
1992,Kelly,39,96,0.406
1992,Mackenzie,32,149,0.215
1992,Dominique,31,34,0.912
1992,Morgan,30,125,0.24
1992,Dallas,29,17,1.706
1992,Angel,28,24,1.167
1992,Carson,26,5,5.2
1992,Jessie,24,39,0.615
1992,Quinn,24,6,4.0
1992,Devan,22,9,2.444
1992,Jaime,20,17,1.176
1992,Chandler,19,11,1.727
1992,Skylar,19,9,2.111
1992,Jamie,18,110,0.164
1992,Kasey,18,28,0.643
1992,Harley,17,6,2.833
1992,Noel,15,7,2.143
1992,Kendall,14,20,0.7
1992,Loren,14,6,2.333
1992,Avery,12,10,1.2
1992,Robin,11,25,0.44
1992,Baby,9,6,1.5
1992,Shelby,9,239,0.038
1992,Tayler,9,25,0.36
1992,Ashley,8,671,0.012
1992,Ashton,8,5,1.6
1992,Alexis,7,169,0.041
1992,Blair,7,9,0.778
1992,Darian,7,6,1.167
1992,Ali,6,7,0.857
1992,Bailey,6,63,0.095
1992,Maria,6,129,0.047
1992,Payton,6,7,0.857
1992,Sidney,6,6,1.0
1992,Courtney,5,215,0.023
1992,Dana,5,39,0.128
1992,Jade,5,42,0.119
1992,Kelsey,5,286,0.017
1992,Leslie,5,23,0.217
1992,Shea,5,8,0.625
1992,Sydney,5,74,0.068
1993,Tyler,727,12,60.583
1993,Nicholas,551,5,110.2
1993,Ryan,539,9,59.889
1993,Kyle,529,5,105.8
1993,Austin,503,8,62.875
1993,Cody,454,7,64.857
1993,Jordan,399,169,2.361
1993,Robert,325,6,54.167
1993,Dylan,291,6,48.5
1993,Cameron,223,6,37.167
1993,Jesse,220,8,27.5
1993,Taylor,216,391,0.552
1993,Tanner,156,7,22.286
1993,Alex,142,12,11.833
1993,Blake,140,6,23.333
1993,Devin,135,17,7.941
1993,Spencer,134,5,26.8
1993,Riley,120,25,4.8
1993,Logan,99,6,16.5
1993,Casey,87,34,2.559
1993,Gabriel,85,6,14.167
1993,Dakota,83,21,3.952
1993,Hunter,76,10,7.6
1993,Drew,70,8,8.75
1993,Adrian,68,9,7.556
1993,Corey,68,5,13.6
1993,Devon,60,15,4.0
1993,Skyler,59,11,5.364
1993,Angel,37,16,2.312
1993,Quinn,34,6,5.667
1993,Carson,32,5,6.4
1993,Dallas,31,15,2.067
1993,Morgan,30,131,0.229
1993,Skylar,26,9,2.889
1993,Jamie,25,106,0.236
1993,Jaime,24,16,1.5
1993,Avery,22,8,2.75
1993,Jessie,22,23,0.957
1993,Chandler,20,17,1.176
1993,Dominique,20,20,1.0
1993,Loren,20,5,4.0
1993,Alexis,19,185,0.103
1993,Mackenzie,19,132,0.144
1993,Devan,17,13,1.308
1993,Harley,16,9,1.778
1993,Kasey,15,22,0.682
1993,Kelly,15,86,0.174
1993,Payton,14,16,0.875
1993,Ashton,13,8,1.625
1993,Noel,12,5,2.4
1993,Kendall,11,34,0.324
1993,Robin,11,14,0.786
1993,Darian,10,18,0.556
1993,Shelby,10,165,0.061
1993,Kristian,9,5,1.8
1993,Tayler,9,29,0.31
1993,Ali,7,7,1.0
1993,Elisha,7,5,1.4
1993,Peyton,7,12,0.583
1993,Quincy,7,5,1.4
1993,Ariel,6,43,0.14
1993,Bailey,6,74,0.081
1993,Francis,6,5,1.2
1993,Jorden,6,7,0.857
1993,Kerry,6,6,1.0
1993,Rylee,6,8,0.75
1993,Sidney,6,9,0.667
1993,Erin,5,137,0.036
1993,Guadalupe,5,15,0.333
1993,Raven,5,15,0.333
1993,Shannon,5,93,0.054
1993,Shea,5,5,1.0
1994,Tyler,678,18,37.667
1994,Joshua,644,5,128.8
1994,Austin,630,10,63.0
1994,Daniel,517,5,103.4
1994,Kyle,477,5,95.4
1994,Cody,394,6,65.667
1994,Jordan,374,145,2.579
1994,Jesse,238,5,47.6
1994,Christian,216,5,43.2
1994,Taylor,210,411,0.511
1994,Alex,146,8,18.25
1994,Blake,145,8,18.125
1994,Evan,140,6,23.333
1994,Dakota,135,23,5.87
1994,Devin,129,17,7.588
1994,Gabriel,125,6,20.833
1994,Chase,118,5,23.6
1994,Hunter,116,10,11.6
1994,Riley,116,32,3.625
1994,Logan,111,9,12.333
1994,Casey,95,34,2.794
1994,Bryce,94,7,13.429
1994,Adrian,71,5,14.2
1994,Skyler,65,6,10.833
1994,Drew,61,6,10.167
1994,Hayden,59,5,11.8
1994,Devon,56,11,5.091
1994,Angel,39,10,3.9
1994,Dallas,37,16,2.312
1994,Kendall,33,57,0.579
1994,Morgan,28,153,0.183
1994,Quinn,27,10,2.7
1994,Avery,26,5,5.2
1994,Devan,21,8,2.625
1994,Skylar,21,8,2.625
1994,Mackenzie,20,127,0.157
1994,Jamie,19,82,0.232
1994,Alexis,18,214,0.084
1994,Chandler,17,14,1.214
1994,Harley,17,10,1.7
1994,Dominique,16,34,0.471
1994,Darian,14,17,0.824
1994,Darien,14,6,2.333
1994,Jaden,14,5,2.8
1994,Kasey,14,16,0.875
1994,Tayler,14,21,0.667
1994,Kelly,13,75,0.173
1994,Noel,13,9,1.444
1994,Payton,13,20,0.65
1994,Ali,11,10,1.1
1994,Jessie,11,28,0.393
1994,Reilly,11,11,1.0
1994,Shelby,11,154,0.071
1994,Peyton,10,17,0.588
1994,Justice,9,10,0.9
1994,Jade,8,40,0.2
1994,Robin,8,19,0.421
1994,Ashton,7,11,0.636
1994,Erin,7,113,0.062
1994,Paxton,7,5,1.4
1994,Bailey,6,77,0.078
1994,Devyn,6,10,0.6
1994,Kendal,6,14,0.429
1994,Elisha,5,5,1.0
1994,Guadalupe,5,17,0.294
1994,Raven,5,14,0.357
1994,Shannon,5,82,0.061
1994,Shea,5,7,0.714
1995,Jacob,763,5,152.6
1995,Tyler,606,8,75.75
1995,Alexander,494,8,61.75
1995,Ryan,468,6,78.0
1995,Kyle,458,5,91.6
1995,Jordan,358,127,2.819
1995,Christian,227,9,25.222
1995,Cameron,204,10,20.4
1995,Jesse,199,18,11.056
1995,Taylor,187,383,0.488
1995,Tanner,159,5,31.8
1995,Alex,151,11,13.727
1995,Dakota,150,37,4.054
1995,Gabriel,144,8,18.0
1995,Hunter,143,15,9.533
1995,Blake,139,6,23.167
1995,Logan,136,12,11.333
1995,Riley,131,37,3.541
1995,Devin,114,14,8.143
1995,Chase,103,5,20.6
1995,Casey,83,34,2.441
1995,Drew,67,9,7.444
1995,Hayden,64,5,12.8
1995,Devon,60,22,2.727
1995,Chandler,54,23,2.348
1995,Skyler,49,7,7.0
1995,Bailey,48,102,0.471
1995,Angel,47,20,2.35
1995,Micah,47,9,5.222
1995,Morgan,43,166,0.259
1995,Dallas,32,11,2.909
1995,Quinn,28,8,3.5
1995,Alexis,26,206,0.126
1995,Jaime,25,14,1.786
1995,Dominique,24,25,0.96
1995,Jayden,21,5,4.2
1995,Kendall,20,55,0.364
1995,Mackenzie,20,139,0.144
1995,Darian,19,15,1.267
1995,Skylar,19,11,1.727
1995,Avery,18,14,1.286
1995,Kelly,18,68,0.265
1995,Payton,17,19,0.895
1995,Ashton,15,7,2.143
1995,Peyton,15,17,0.882
1995,Darien,14,7,2.0
1995,Ali,13,5,2.6
1995,Devan,13,6,2.167
1995,Justice,13,19,0.684
1995,Harley,12,11,1.091
1995,Kasey,12,22,0.545
1995,Madison,12,309,0.039
1995,Addison,11,10,1.1
1995,Jessie,11,22,0.5
1995,Robin,10,23,0.435
1995,Sidney,9,20,0.45
1995,Guadalupe,8,22,0.364
1995,Reilly,8,5,1.6
1995,Sage,8,12,0.667
1995,Shea,8,5,1.6
1995,Dana,7,23,0.304
1995,Devyn,7,6,1.167
1995,Jade,7,26,0.269
1995,Shannon,7,66,0.106
1995,Ariel,6,43,0.14
1995,Jamie,6,74,0.081
1995,Raven,6,16,0.375
1995,Aspen,5,11,0.455
1995,Baby,5,6,0.833
1995,Jorden,5,5,1.0
1995,Jordin,5,5,1.0
1995,Kelsey,5,170,0.029
1995,Skye,5,13,0.385
1995,Tayler,5,30,0.167
1996,Tyler,578,14,41.286
1996,Ryan,473,11,43.0
1996,Jordan,319,118,2.703
1996,Christian,258,7,36.857
1996,Alex,194,10,19.4
1996,Hunter,175,18,9.722
1996,Logan,173,14,12.357
1996,Tristan,173,12,14.417
1996,Jesse,165,7,23.571
1996,Chase,160,9,17.778
1996,Riley,148,39,3.795
1996,Taylor,146,323,0.452
1996,Dakota,140,27,5.185
1996,Devin,108,20,5.4
1996,Adrian,77,5,15.4
1996,Casey,73,37,1.973
1996,Devon,72,10,7.2
1996,Bailey,65,98,0.663
1996,Drew,63,12,5.25
1996,Angel,61,28,2.179
1996,Chandler,59,11,5.364
1996,Micah,49,5,9.8
1996,Skyler,39,5,7.8
1996,Morgan,38,154,0.247
1996,Quinn,34,9,3.778
1996,Tristen,33,8,4.125
1996,Avery,30,11,2.727
1996,Payton,29,48,0.604
1996,Dallas,28,11,2.545
1996,Alexis,25,228,0.11
1996,Justice,24,11,2.182
1996,Harley,22,11,2.0
1996,Jaime,22,11,2.0
1996,Ashton,21,5,4.2
1996,Sage,21,15,1.4
1996,Peyton,20,28,0.714
1996,Darian,18,10,1.8
1996,Jaden,18,7,2.571
1996,Kelly,18,54,0.333
1996,Jessie,17,26,0.654
1996,Skylar,17,16,1.062
1996,Dominique,16,40,0.4
1996,Jamie,15,87,0.172
1996,Kendall,15,43,0.349
1996,Kellen,14,5,2.8
1996,Mackenzie,14,138,0.101
1996,Devan,13,5,2.6
1996,Addison,12,9,1.333
1996,Kasey,12,19,0.632
1996,Noel,9,8,1.125
1996,Shelby,9,169,0.053
1996,Francis,8,6,1.333
1996,Perry,8,5,1.6
1996,Phoenix,8,6,1.333
1996,Rowan,8,9,0.889
1996,Baby,7,7,1.0
1996,Shannon,7,65,0.108
1996,Shea,7,7,1.0
1996,Tracy,7,17,0.412
1996,Jade,6,49,0.122
1996,Madison,6,394,0.015
1996,Raven,6,26,0.231
1996,Sidney,6,28,0.214
1996,Tayler,6,21,0.286
1996,Ariel,5,41,0.122
1996,Cassidy,5,65,0.077
1996,Darien,5,5,1.0
1996,Jensen,5,6,0.833
1996,Mckinley,5,10,0.5
1997,Austin,611,7,87.286
1997,Tyler,509,23,22.13
1997,Daniel,468,6,78.0
1997,Ryan,423,12,35.25
1997,Jordan,341,153,2.229
1997,Dylan,265,5,53.0
1997,Christian,256,6,42.667
1997,Cody,240,5,48.0
1997,Cameron,202,21,9.619
1997,Logan,194,6,32.333
1997,Hunter,182,13,14.0
1997,Alex,174,14,12.429
1997,Chase,172,7,24.571
1997,Taylor,158,330,0.479
1997,Riley,157,57,2.754
1997,Dakota,120,33,3.636
1997,Devin,105,8,13.125
1997,Bailey,99,131,0.756
1997,Casey,67,34,1.971
1997,Devon,66,14,4.714
1997,Drew,62,12,5.167
1997,Hayden,61,5,12.2
1997,Skyler,61,14,4.357
1997,Angel,58,37,1.568
1997,Chandler,53,14,3.786
1997,Carson,52,7,7.429
1997,Aidan,51,5,10.2
1997,Julian,44,5,8.8
1997,Alexis,42,271,0.155
1997,Avery,38,19,2.0
1997,Quinn,38,6,6.333
1997,Morgan,37,183,0.202
1997,Payton,35,46,0.761
1997,Tristen,35,8,4.375
1997,Jaden,26,5,5.2
1997,Peyton,26,29,0.897
1997,Sage,26,18,1.444
1997,Skylar,26,16,1.625
1997,Dallas,25,9,2.778
1997,Ashton,20,11,1.818
1997,Justice,19,17,1.118
1997,Jaime,17,10,1.7
1997,Jayden,16,5,3.2
1997,Kelly,16,67,0.239
1997,Dominique,15,30,0.5
1997,Harley,15,7,2.143
1997,Jamie,15,72,0.208
1997,Darian,14,15,0.933
1997,Kendall,14,34,0.412
1997,Devyn,12,11,1.091
1997,Mackenzie,12,132,0.091
1997,Jessie,11,9,1.222
1997,Noel,10,11,0.909
1997,Addison,9,8,1.125
1997,Ali,9,6,1.5
1997,Kasey,9,26,0.346
1997,Raven,9,28,0.321
1997,Jade,8,46,0.174
1997,Tate,8,5,1.6
1997,Madison,7,411,0.017
1997,Reilly,7,13,0.538
1997,Sidney,7,32,0.219
1997,Darien,6,5,1.2
1997,Kennedy,6,24,0.25
1997,Rowan,6,5,1.2
1997,Rylee,6,34,0.176
1997,Shea,6,7,0.857
1997,Aspen,5,7,0.714
1997,Guadalupe,5,31,0.161
1997,Robin,5,19,0.263
1997,Skye,5,8,0.625
1997,Tayler,5,31,0.161
1998,Tyler,466,9,51.778
1998,Ryan,460,10,46.0
1998,Jordan,319,139,2.295
1998,Dylan,295,6,49.167
1998,Cameron,272,24,11.333
1998,Hunter,239,20,11.95
1998,Logan,203,13,15.615
1998,Alex,195,15,13.0
1998,Chase,174,8,21.75
1998,Spencer,156,5,31.2
1998,Jesse,154,9,17.111
1998,Riley,152,75,2.027
1998,Taylor,129,367,0.351
1998,Devin,124,12,10.333
1998,Adrian,113,6,18.833
1998,Dakota,97,39,2.487
1998,Parker,92,8,11.5
1998,Casey,78,33,2.364
1998,Devon,77,7,11.0
1998,Bailey,75,155,0.484
1998,Hayden,64,13,4.923
1998,Angel,62,28,2.214
1998,Drew,59,7,8.429
1998,Skyler,56,15,3.733
1998,Julian,49,5,9.8
1998,Payton,48,58,0.828
1998,Alexis,47,339,0.139
1998,Micah,46,5,9.2
1998,Colby,39,6,6.5
1998,Chandler,38,10,3.8
1998,Avery,36,27,1.333
1998,Skylar,34,28,1.214
1998,Quinn,32,6,5.333
1998,Peyton,30,37,0.811
1998,Jaden,29,8,3.625
1998,Dallas,24,6,4.0
1998,Jayden,24,13,1.846
1998,Jaime,23,11,2.091
1998,Harley,22,10,2.2
1998,Morgan,22,169,0.13
1998,Jalen,20,5,4.0
1998,Darian,17,17,1.0
1998,Sage,17,14,1.214
1998,Ashton,15,6,2.5
1998,Justice,15,12,1.25
1998,Devan,14,10,1.4
1998,Kasey,14,21,0.667
1998,Kendall,14,37,0.378
1998,Loren,14,5,2.8
1998,Noel,14,6,2.333
1998,Phoenix,11,6,1.833
1998,Dominique,9,35,0.257
1998,Ryley,9,6,1.5
1998,Sidney,9,24,0.375
1998,Devyn,8,12,0.667
1998,Jaiden,8,5,1.6
1998,Rowan,8,7,1.143
1998,Addison,7,16,0.438
1998,Ali,7,8,0.875
1998,Guadalupe,7,31,0.226
1998,Jamie,7,67,0.104
1998,Jessie,7,18,0.389
1998,Jade,6,55,0.109
1998,Jensen,6,5,1.2
1998,Madison,6,446,0.013
1998,Reilly,6,16,0.375
1998,Sydney,6,196,0.031
1998,Armani,5,5,1.0
1998,Montana,5,13,0.385
1998,Raven,5,19,0.263
1998,Robin,5,5,1.0
1999,Jacob,734,6,122.333
1999,Michael,529,6,88.167
1999,Ryan,443,7,63.286
1999,Tyler,443,19,23.316
1999,Cameron,297,27,11.0
1999,Jordan,290,128,2.266
1999,Christian,261,6,43.5
1999,Hunter,239,18,13.278
1999,Gabriel,198,8,24.75
1999,Logan,193,12,16.083
1999,Alex,180,12,15.0
1999,Riley,163,73,2.233
1999,Jesse,130,12,10.833
1999,Devin,129,10,12.9
1999,Taylor,118,333,0.354
1999,Dakota,98,20,4.9
1999,Carson,84,6,14.0
1999,Parker,84,11,7.636
1999,Angel,80,49,1.633
1999,Skyler,77,24,3.208
1999,Casey,76,22,3.455
1999,Bailey,74,114,0.649
1999,Hayden,64,11,5.818
1999,Micah,61,5,12.2
1999,Alexis,59,325,0.182
1999,Jaden,56,18,3.111
1999,Jayden,48,22,2.182
1999,Quinn,46,16,2.875
1999,Drew,45,17,2.647
1999,Payton,43,39,1.103
1999,Chandler,42,7,6.0
1999,Avery,36,26,1.385
1999,Jaime,28,10,2.8
1999,Morgan,27,147,0.184
1999,Skylar,27,38,0.711
1999,Peyton,26,29,0.897
1999,Dallas,21,7,3.0
1999,Ashton,18,11,1.636
1999,Kai,18,5,3.6
1999,Devyn,16,6,2.667
1999,Ali,15,9,1.667
1999,Sage,14,18,0.778
1999,Jaiden,13,7,1.857
1999,Kendall,13,52,0.25
1999,Rowan,13,8,1.625
1999,Justice,12,11,1.091
1999,Raven,12,22,0.545
1999,Darian,11,11,1.0
1999,Rylee,11,34,0.324
1999,Addison,10,10,1.0
1999,Baby,10,11,0.909
1999,Jamie,9,66,0.136
1999,Jessie,9,16,0.562
1999,Mackenzie,9,141,0.064
1999,Noel,9,5,1.8
1999,Reilly,9,7,1.286
1999,Sidney,9,37,0.243
1999,Charlie,8,8,1.0
1999,Jensen,8,7,1.143
1999,Ariel,7,28,0.25
1999,Tayler,7,21,0.333
1999,Guadalupe,6,23,0.261
1999,Kelly,6,49,0.122
1999,Kennedy,6,48,0.125
1999,Robin,6,7,0.857
1999,Aspen,5,14,0.357
1999,Courtney,5,110,0.045
1999,Jade,5,70,0.071
1999,Kasey,5,16,0.312
2000,Tyler,482,9,53.556
2000,Ryan,417,7,59.571
2000,Cameron,306,33,9.273
2000,Hunter,300,12,25.0
2000,Jordan,249,105,2.371
2000,Christian,246,5,49.2
2000,Logan,202,14,14.429
2000,Riley,163,73,2.233
2000,Chase,157,6,26.167
2000,Devin,130,9,14.444
2000,Taylor,119,311,0.383
2000,Tristan,114,5,22.8
2000,Aidan,109,7,15.571
2000,Adrian,108,6,18.0
2000,Jesse,105,8,13.125
2000,Carson,98,5,19.6
2000,Dakota,97,15,6.467
2000,Parker,91,8,11.375
2000,Jaden,87,20,4.35
2000,Hayden,82,10,8.2
2000,Angel,77,54,1.426
2000,Payton,66,71,0.93
2000,Devon,65,6,10.833
2000,Skyler,64,21,3.048
2000,Micah,58,5,11.6
2000,Casey,56,20,2.8
2000,Jayden,54,21,2.571
2000,Bailey,52,98,0.531
2000,Alexis,49,307,0.16
2000,Colby,49,5,9.8
2000,Peyton,42,53,0.792
2000,Quinn,37,17,2.176
2000,Avery,34,30,1.133
2000,Ashton,29,10,2.9
2000,Skylar,28,25,1.12
2000,Sage,21,21,1.0
2000,Morgan,20,145,0.138
2000,Jaime,18,11,1.636
2000,Justice,18,14,1.286
2000,Darian,13,5,2.6
2000,Harley,13,11,1.182
2000,Kendall,13,44,0.295
2000,Jamie,12,43,0.279
2000,Kelly,10,60,0.167
2000,Quincy,10,6,1.667
2000,Raven,10,15,0.667
2000,Ryley,10,7,1.429
2000,Dominique,9,17,0.529
2000,Francis,9,6,1.5
2000,Jaiden,9,14,0.643
2000,Jessie,9,23,0.391
2000,Rowan,9,6,1.5
2000,Ali,8,6,1.333
2000,Joey,8,5,1.6
2000,Noel,8,10,0.8
2000,Devyn,7,10,0.7
2000,Rylee,7,50,0.14
2000,Skye,7,11,0.636
2000,Jade,6,65,0.092
2000,Addison,5,14,0.357
2000,Kasey,5,11,0.455
2000,Mackenzie,5,139,0.036
2000,Montana,5,8,0.625
2000,Sasha,5,15,0.333
2000,Shay,5,8,0.625
2000,Sidney,5,27,0.185
2000,Tayler,5,16,0.312
2001,Tyler,392,11,35.636
2001,Ryan,371,16,23.188
2001,Dylan,320,11,29.091
2001,Logan,300,16,18.75
2001,Cameron,292,19,15.368
2001,Gabriel,272,7,38.857
2001,Hunter,230,12,19.167
2001,Jordan,211,110,1.918
2001,Mason,182,5,36.4
2001,Alex,163,6,27.167
2001,Riley,155,75,2.067
2001,Carson,154,5,30.8
2001,Aidan,146,5,29.2
2001,Devin,113,6,18.833
2001,Jaden,106,31,3.419
2001,Tristan,103,6,17.167
2001,Angel,100,53,1.887
2001,Hayden,93,9,10.333
2001,Parker,91,11,8.273
2001,Jayden,89,37,2.405
2001,Taylor,79,251,0.315
2001,Dakota,70,28,2.5
2001,Skyler,67,15,4.467
2001,Kaden,64,5,12.8
2001,Alexis,56,278,0.201
2001,Drew,54,10,5.4
2001,Casey,46,23,2.0
2001,Payton,46,65,0.708
2001,Avery,42,36,1.167
2001,Peyton,41,47,0.872
2001,Ashton,40,10,4.0
2001,Morgan,30,149,0.201
2001,Skylar,30,23,1.304
2001,Reese,29,9,3.222
2001,Quinn,28,9,3.111
2001,Bailey,27,93,0.29
2001,Tate,21,5,4.2
2001,Justice,17,17,1.0
2001,Dallas,16,8,2.0
2001,Jaiden,16,14,1.143
2001,Addison,15,17,0.882
2001,Sage,15,18,0.833
2001,Harley,13,9,1.444
2001,Reagan,13,10,1.3
2001,Jessie,12,14,0.857
2001,Devyn,10,5,2.0
2001,Rowan,10,7,1.429
2001,Dominique,9,18,0.5
2001,Kasey,9,10,0.9
2001,Reilly,8,11,0.727
2001,Jade,7,75,0.093
2001,Jamie,7,46,0.152
2001,Noel,7,5,1.4
2001,Rylee,7,54,0.13
2001,Kelly,6,38,0.158
2001,Mackenzie,6,134,0.045
2001,Raven,6,21,0.286
2001,Skye,6,16,0.375
2001,Guadalupe,5,21,0.238
2001,Jaedyn,5,6,0.833
2001,Trinity,5,106,0.047
2002,Tyler,387,10,38.7
2002,Ryan,352,12,29.333
2002,Austin,303,7,43.286
2002,Dylan,301,9,33.444
2002,Gabriel,298,5,59.6
2002,Cameron,269,13,20.692
2002,Logan,261,15,17.4
2002,Mason,218,5,43.6
2002,Jordan,193,104,1.856
2002,Alex,168,5,33.6
2002,Aidan,167,5,33.4
2002,Riley,145,74,1.959
2002,Angel,124,47,2.638
2002,Jaden,112,40,2.8
2002,Carson,108,9,12.0
2002,Hayden,107,10,10.7
2002,Jayden,98,34,2.882
2002,Devin,96,5,19.2
2002,Parker,86,10,8.6
2002,Taylor,72,223,0.323
2002,Skyler,63,15,4.2
2002,Ashton,56,5,11.2
2002,Cooper,56,5,11.2
2002,Dakota,55,19,2.895
2002,Alexis,48,268,0.179
2002,Avery,40,56,0.714
2002,Payton,38,48,0.792
2002,Casey,37,14,2.643
2002,Peyton,36,43,0.837
2002,Quinn,31,9,3.444
2002,Jaiden,26,18,1.444
2002,Justice,25,12,2.083
2002,Kayden,24,6,4.0
2002,Skylar,24,22,1.091
2002,Bailey,23,96,0.24
2002,Morgan,21,115,0.183
2002,Jaime,19,7,2.714
2002,Ali,15,6,2.5
2002,Sage,14,23,0.609
2002,Harley,13,10,1.3
2002,Rowan,13,9,1.444
2002,Charlie,12,8,1.5
2002,Phoenix,12,5,2.4
2002,Reese,12,15,0.8
2002,Addison,10,26,0.385
2002,Austyn,10,6,1.667
2002,Noel,9,6,1.5
2002,Kasey,8,12,0.667
2002,Darian,7,6,1.167
2002,Devyn,7,6,1.167
2002,Jamie,7,43,0.163
2002,Jessie,7,18,0.389
2002,Dominique,6,11,0.545
2002,Francis,6,5,1.2
2002,Jade,6,65,0.092
2002,Kendall,6,30,0.2
2002,Reilly,6,5,1.2
2002,Rylee,6,47,0.128
2002,Sidney,6,22,0.273
2002,Amari,5,7,0.714
2002,Elisha,5,6,0.833
2002,London,5,5,1.0
2002,Mackenzie,5,131,0.038
2002,Marley,5,5,1.0
2002,Rian,5,5,1.0
2002,Rylie,5,14,0.357
2003,Ryan,426,12,35.5
2003,Dylan,337,14,24.071
2003,Logan,312,15,20.8
2003,Gabriel,283,5,56.6
2003,Cameron,249,16,15.562
2003,Austin,239,10,23.9
2003,Aidan,227,9,25.222
2003,Jordan,213,102,2.088
2003,Riley,166,84,1.976
2003,Aiden,158,5,31.6
2003,Alex,151,10,15.1
2003,Hayden,138,12,11.5
2003,Jayden,137,36,3.806
2003,Angel,136,36,3.778
2003,Jaden,115,27,4.259
2003,Jesse,115,8,14.375
2003,Ashton,108,6,18.0
2003,Parker,93,8,11.625
2003,Devin,86,6,14.333
2003,Caden,83,5,16.6
2003,Dakota,74,22,3.364
2003,Alexis,61,261,0.234
2003,Skyler,54,8,6.75
2003,Taylor,54,187,0.289
2003,Devon,53,5,10.6
2003,Payton,36,46,0.783
2003,Quinn,36,14,2.571
2003,Casey,34,16,2.125
2003,Peyton,34,41,0.829
2003,Avery,29,82,0.354
2003,Kayden,25,6,4.167
2003,Morgan,25,112,0.223
2003,Jaime,23,7,3.286
2003,Bailey,21,74,0.284
2003,Quincy,21,5,4.2
2003,Charlie,19,6,3.167
2003,Jaiden,18,24,0.75
2003,Justice,18,15,1.2
2003,Rowan,18,16,1.125
2003,Skylar,18,25,0.72
2003,Jessie,12,16,0.75
2003,Reese,12,25,0.48
2003,Rory,12,9,1.333
2003,Harley,11,10,1.1
2003,Phoenix,11,5,2.2
2003,Amari,10,8,1.25
2003,Jamie,9,36,0.25
2003,Sage,9,19,0.474
2003,Addison,8,31,0.258
2003,Devyn,8,9,0.889
2003,Rylee,8,47,0.17
2003,Emerson,7,9,0.778
2003,Tayler,7,14,0.5
2003,Guadalupe,6,23,0.261
2003,Kelly,6,35,0.171
2003,Sidney,6,18,0.333
2003,Camryn,5,21,0.238
2003,Jordyn,5,53,0.094
2003,Kadence,5,8,0.625
2003,Kendall,5,45,0.111
2003,Reagan,5,26,0.192
2003,Reilly,5,5,1.0
2003,Teagan,5,14,0.357
2004,Ryan,381,18,21.167
2004,Tyler,343,7,49.0
2004,Logan,332,13,25.538
2004,Dylan,309,12,25.75
2004,Zachary,265,5,53.0
2004,Hunter,195,7,27.857
2004,Cameron,194,19,10.211
2004,Jordan,172,100,1.72
2004,Aiden,170,5,34.0
2004,Jayden,170,36,4.722
2004,Angel,162,47,3.447
2004,Alex,152,8,19.0
2004,Hayden,128,15,8.533
2004,Jaden,126,19,6.632
2004,Chase,119,6,19.833
2004,Riley,119,91,1.308
2004,Tristan,116,5,23.2
2004,Adrian,110,6,18.333
2004,Alexis,89,253,0.352
2004,Devin,85,8,10.625
2004,Parker,70,12,5.833
2004,Dakota,51,30,1.7
2004,Devon,46,11,4.182
2004,Skyler,43,13,3.308
2004,Peyton,41,66,0.621
2004,Taylor,39,186,0.21
2004,Jaiden,38,19,2.0
2004,Morgan,38,108,0.352
2004,Avery,37,82,0.451
2004,Camden,37,8,4.625
2004,Kayden,37,10,3.7
2004,Payton,37,59,0.627
2004,Casey,32,11,2.909
2004,Quinn,30,13,2.308
2004,Jaime,29,6,4.833
2004,Rowan,28,14,2.0
2004,Justice,23,15,1.533
2004,Charlie,20,8,2.5
2004,Reece,18,5,3.6
2004,Bailey,17,73,0.233
2004,Reese,17,38,0.447
2004,Phoenix,16,8,2.0
2004,Sage,13,31,0.419
2004,Ali,12,5,2.4
2004,Harley,11,17,0.647
2004,Jessie,10,9,1.111
2004,Reagan,10,37,0.27
2004,Skylar,10,25,0.4
2004,Joey,9,7,1.286
2004,Kasey,9,5,1.8
2004,Addison,8,38,0.211
2004,Ariel,8,24,0.333
2004,Emerson,8,8,1.0
2004,Teagan,8,19,0.421
2004,Dominique,7,8,0.875
2004,Kelly,7,36,0.194
2004,Reilly,7,5,1.4
2004,Aspen,6,19,0.316
2004,Jade,5,62,0.081
2004,Shea,5,9,0.556
2005,Tyler,358,6,59.667
2005,Logan,341,8,42.625
2005,Ryan,302,8,37.75
2005,Dylan,285,16,17.812
2005,Angel,187,36,5.194
2005,Jayden,173,31,5.581
2005,Cameron,166,18,9.222
2005,Jordan,153,59,2.593
2005,Hayden,149,13,11.462
2005,Alex,138,8,17.25
2005,Riley,124,104,1.192
2005,Jesse,102,5,20.4
2005,Jaden,101,17,5.941
2005,Parker,94,12,7.833
2005,Devin,80,7,11.429
2005,Dakota,73,39,1.872
2005,Micah,73,5,14.6
2005,Alexis,58,230,0.252
2005,Kayden,55,10,5.5
2005,Ayden,53,5,10.6
2005,Skyler,53,16,3.312
2005,Avery,44,97,0.454
2005,Payton,44,64,0.688
2005,Drew,43,6,7.167
2005,Keegan,43,6,7.167
2005,Peyton,43,57,0.754
2005,Taylor,40,194,0.206
2005,Rowan,37,16,2.312
2005,Elliott,33,5,6.6
2005,Sawyer,33,5,6.6
2005,Casey,32,8,4.0
2005,Quinn,32,15,2.133
2005,Charlie,31,8,3.875
2005,Jaiden,25,15,1.667
2005,Elliot,22,6,3.667
2005,Justice,21,12,1.75
2005,Morgan,21,124,0.169
2005,Reese,19,32,0.594
2005,Harley,17,5,3.4
2005,Ali,16,8,2.0
2005,Amari,16,6,2.667
2005,Quincy,16,6,2.667
2005,Reagan,16,23,0.696
2005,Bailey,13,75,0.173
2005,Rory,12,7,1.714
2005,Rylee,12,58,0.207
2005,Sage,12,23,0.522
2005,Finley,11,7,1.571
2005,Jamie,11,36,0.306
2005,Joey,11,6,1.833
2005,Jessie,10,7,1.429
2005,Emerson,9,15,0.6
2005,Teagan,9,19,0.474
2005,Devyn,8,10,0.8
2005,Kasey,8,8,1.0
2005,Layne,8,5,1.6
2005,Ocean,8,5,1.6
2005,Ariel,7,23,0.304
2005,Dominique,7,10,0.7
2005,Jadyn,7,34,0.206
2005,Skylar,7,21,0.333
2005,Jade,6,57,0.105
2005,Addison,5,42,0.119
2005,Campbell,5,8,0.625
2005,Carmen,5,24,0.208
2005,Emery,5,14,0.357
2005,Jaidyn,5,14,0.357
2005,Jordyn,5,36,0.139
2006,Logan,399,13,30.692
2006,Ryan,320,15,21.333
2006,Tyler,292,8,36.5
2006,Aiden,286,5,57.2
2006,Dylan,256,12,21.333
2006,Jayden,220,44,5.0
2006,Hunter,214,8,26.75
2006,Aidan,207,6,34.5
2006,Cameron,189,20,9.45
2006,Angel,187,31,6.032
2006,Jordan,168,76,2.211
2006,Riley,167,98,1.704
2006,Hayden,138,20,6.9
2006,Adrian,127,5,25.4
2006,Jaden,101,26,3.885
2006,Parker,88,21,4.19
2006,Alexis,57,212,0.269
2006,Dakota,53,60,0.883
2006,Peyton,53,70,0.757
2006,Keegan,51,5,10.2
2006,Taylor,51,189,0.27
2006,Devon,49,7,7.0
2006,Kyler,49,5,9.8
2006,Elliott,47,5,9.4
2006,Avery,46,104,0.442
2006,Drew,44,8,5.5
2006,Skyler,44,17,2.588
2006,Sawyer,40,7,5.714
2006,Rowan,38,15,2.533
2006,Quinn,37,17,2.176
2006,Jaiden,36,11,3.273
2006,Rylan,36,6,6.0
2006,Kayden,35,13,2.692
2006,Payton,35,61,0.574
2006,Casey,32,9,3.556
2006,Phoenix,27,11,2.455
2006,River,24,11,2.182
2006,Morgan,21,89,0.236
2006,Jamison,20,5,4.0
2006,Jaylen,18,5,3.6
2006,Justice,18,13,1.385
2006,Skylar,18,34,0.529
2006,Sage,16,20,0.8
2006,Charlie,13,15,0.867
2006,Noel,13,6,2.167
2006,Addison,12,150,0.08
2006,Reese,12,62,0.194
2006,Rory,12,6,2.0
2006,Teagan,12,32,0.375
2006,Harley,11,17,0.647
2006,Ariel,9,23,0.391
2006,Finley,9,15,0.6
2006,Harper,9,20,0.45
2006,Jadyn,8,29,0.276
2006,Devyn,7,5,1.4
2006,Jamie,7,28,0.25
2006,Reagan,7,33,0.212
2006,Amari,6,8,0.75
2006,Emery,6,12,0.5
2006,Jessie,6,10,0.6
2006,London,6,18,0.333
2006,Regan,6,7,0.857
2006,Shea,6,8,0.75
2006,Bailey,5,81,0.062
2006,Cadence,5,34,0.147
2006,Eden,5,26,0.192
2006,Emerson,5,26,0.192
2006,Guadalupe,5,21,0.238
2006,Haven,5,8,0.625
2006,Jordyn,5,44,0.114
2006,Kalani,5,7,0.714
2006,Lyric,5,8,0.625
2006,Rylee,5,71,0.07
2007,Logan,377,14,26.929
2007,Ryan,297,17,17.471
2007,Dylan,262,14,18.714
2007,Jayden,251,38,6.605
2007,Tyler,251,10,25.1
2007,Angel,187,37,5.054
2007,Cameron,163,13,12.538
2007,Adrian,162,6,27.0
2007,Jordan,162,63,2.571
2007,Riley,150,104,1.442
2007,Alex,132,8,16.5
2007,Cooper,131,6,21.833
2007,Hayden,131,35,3.743
2007,Chase,124,7,17.714
2007,Jaden,107,17,6.294
2007,Ayden,96,5,19.2
2007,Parker,95,15,6.333
2007,Devin,79,7,11.286
2007,Jesse,76,5,15.2
2007,Peyton,75,71,1.056
2007,Skyler,69,16,4.312
2007,Kai,64,9,7.111
2007,Alexis,55,199,0.276
2007,Kayden,55,10,5.5
2007,Dakota,53,50,1.06
2007,Drew,51,6,8.5
2007,Rylan,49,5,9.8
2007,Taylor,49,154,0.318
2007,Jaiden,47,25,1.88
2007,Quinn,47,22,2.136
2007,Rowan,44,33,1.333
2007,Avery,34,127,0.268
2007,Elliott,33,7,4.714
2007,Payton,31,75,0.413
2007,Casey,28,8,3.5
2007,Skylar,28,27,1.037
2007,Morgan,21,91,0.231
2007,Reece,21,8,2.625
2007,Charlie,19,12,1.583
2007,Justice,19,15,1.267
2007,Sage,19,23,0.826
2007,Phoenix,18,7,2.571
2007,Kasey,17,9,1.889
2007,Emerson,15,28,0.536
2007,Harley,15,9,1.667
2007,River,15,12,1.25
2007,Harper,13,21,0.619
2007,Jessie,13,12,1.083
2007,Dallas,12,6,2.0
2007,Finley,12,16,0.75
2007,Reese,12,62,0.194
2007,Teagan,12,31,0.387
2007,Ali,11,6,1.833
2007,Devyn,10,10,1.0
2007,Eden,9,47,0.191
2007,Shea,8,5,1.6
2007,Sidney,8,15,0.533
2007,Ariel,7,27,0.259
2007,Bailey,7,95,0.074
2007,Devan,7,5,1.4
2007,Jaidyn,7,10,0.7
2007,London,7,20,0.35
2007,Rory,7,5,1.4
2007,Rylee,7,59,0.119
2007,Kamryn,6,24,0.25
2007,Marley,6,14,0.429
2007,Addison,5,207,0.024
2007,Arya,5,8,0.625
2007,Aspen,5,14,0.357
2007,Austyn,5,6,0.833
2007,Dominique,5,5,1.0
2007,Jadyn,5,23,0.217
2007,Kendall,5,41,0.122
2007,Robin,5,5,1.0
2008,Logan,381,13,29.308
2008,Aiden,342,6,57.0
2008,Jayden,268,39,6.872
2008,Ryan,268,15,17.867
2008,Dylan,267,19,14.053
2008,Evan,240,6,40.0
2008,Tyler,236,6,39.333
2008,Angel,213,21,10.143
2008,Jordan,160,44,3.636
2008,Riley,160,114,1.404
2008,Adrian,156,6,26.0
2008,Cameron,142,19,7.474
2008,Hayden,123,77,1.597
2008,Alex,110,6,18.333
2008,Parker,103,19,5.421
2008,Micah,97,6,16.167
2008,Jesse,90,6,15.0
2008,Kai,85,5,17.0
2008,Jaden,75,10,7.5
2008,Peyton,72,124,0.581
2008,Sawyer,61,10,6.1
2008,Kayden,60,22,2.727
2008,Devin,57,5,11.4
2008,Taylor,54,184,0.293
2008,Alexis,52,188,0.277
2008,Skyler,51,8,6.375
2008,Quinn,49,21,2.333
2008,Rowan,48,32,1.5
2008,Avery,47,157,0.299
2008,Jaiden,37,12,3.083
2008,Dakota,36,39,0.923
2008,Payton,36,102,0.353
2008,Elliott,35,9,3.889
2008,Elliot,31,6,5.167
2008,River,27,8,3.375
2008,Casey,24,10,2.4
2008,Phoenix,24,9,2.667
2008,Charlie,23,14,1.643
2008,Morgan,23,97,0.237
2008,Justice,20,12,1.667
2008,Skylar,19,15,1.267
2008,Reece,17,10,1.7
2008,Ali,16,9,1.778
2008,Quincy,16,7,2.286
2008,Dallas,15,5,3.0
2008,Harley,15,17,0.882
2008,Reagan,15,43,0.349
2008,Reese,15,38,0.395
2008,Elisha,14,5,2.8
2008,Emery,14,12,1.167
2008,Rory,14,6,2.333
2008,Kasey,13,7,1.857
2008,Ari,12,8,1.5
2008,Emerson,12,24,0.5
2008,Finley,12,22,0.545
2008,Jordyn,12,60,0.2
2008,Amari,11,6,1.833
2008,Rylee,11,83,0.133
2008,London,10,31,0.323
2008,Noel,10,5,2.0
2008,Sage,10,27,0.37
2008,Teagan,10,46,0.217
2008,Addison,9,193,0.047
2008,Lyric,9,12,0.75
2008,Marley,9,38,0.237
2008,Arya,8,5,1.6
2008,Bailey,8,87,0.092
2008,Ellis,8,8,1.0
2008,Haiden,8,6,1.333
2008,Shay,7,7,1.0
2008,Ashtyn,6,5,1.2
2008,Eden,6,37,0.162
2008,Harper,6,31,0.194
2008,Jessie,6,14,0.429
2008,Reilly,6,5,1.2
2008,Ryley,6,7,0.857
2008,Brooklyn,5,128,0.039
2008,Jadyn,5,14,0.357
2008,Kelly,5,14,0.357
2008,Rowen,5,8,0.625
2008,Tegan,5,11,0.455
2009,Logan,351,22,15.955
2009,Jayden,295,42,7.024
2009,Ryan,242,12,20.167
2009,Angel,209,29,7.207
2009,Tyler,202,5,40.4
2009,Hunter,195,5,39.0
2009,Dylan,194,13,14.923
2009,Austin,175,5,35.0
2009,Jordan,158,40,3.95
2009,Tristan,149,6,24.833
2009,Riley,140,114,1.228
2009,Cameron,124,9,13.778
2009,Micah,111,5,22.2
2009,Parker,107,23,4.652
2009,Hayden,100,64,1.562
2009,Ayden,90,6,15.0
2009,Kayden,82,10,8.2
2009,Jaden,59,8,7.375
2009,Alexis,56,222,0.252
2009,Sawyer,56,18,3.111
2009,Devin,55,6,9.167
2009,Peyton,51,121,0.421
2009,Skyler,49,14,3.5
2009,Quinn,47,21,2.238
2009,Rowan,44,23,1.913
2009,Elliot,42,7,6.0
2009,Avery,40,132,0.303
2009,Taylor,37,166,0.223
2009,Charlie,31,17,1.824
2009,Jaiden,31,8,3.875
2009,Payton,29,119,0.244
2009,Casey,26,12,2.167
2009,River,26,15,1.733
2009,Morgan,25,82,0.305
2009,Phoenix,25,15,1.667
2009,Reece,24,8,3.0
2009,Ali,22,7,3.143
2009,Dakota,21,44,0.477
2009,Justice,21,17,1.235
2009,Finley,20,21,0.952
2009,Zion,20,6,3.333
2009,Harley,18,17,1.059
2009,Emerson,15,21,0.714
2009,Quincy,14,10,1.4
2009,Reagan,14,33,0.424
2009,Sage,14,12,1.167
2009,Reese,13,44,0.295
2009,Skylar,13,26,0.5
2009,Emery,12,30,0.4
2009,London,12,24,0.5
2009,Rylee,12,67,0.179
2009,Addison,11,219,0.05
2009,Kasey,11,12,0.917
2009,Teagan,10,39,0.256
2009,Ariel,9,15,0.6
2009,Devyn,9,6,1.5
2009,Jaidyn,9,8,1.125
2009,Marley,9,55,0.164
2009,Harper,8,49,0.163
2009,Bailey,7,100,0.07
2009,Eden,7,47,0.149
2009,Ellis,7,8,0.875
2009,Jamie,7,22,0.318
2009,Kendall,7,52,0.135
2009,Noel,7,5,1.4
2009,Remy,7,6,1.167
2009,Rory,7,6,1.167
2009,Shea,7,7,1.0
2009,Yael,7,5,1.4
2009,Guadalupe,6,26,0.231
2009,Jordyn,6,50,0.12
2009,Kennedy,6,48,0.125
2009,Sky,6,7,0.857
2009,Haidyn,5,6,0.833
2009,Kamryn,5,26,0.192
2009,Sidney,5,17,0.294
2010,Logan,363,9,40.333
2010,Jayden,293,30,9.767
2010,Aiden,286,8,35.75
2010,Dylan,196,17,11.529
2010,Ryan,188,9,20.889
2010,Hunter,184,6,30.667
2010,Jordan,162,35,4.629
2010,Angel,150,22,6.818
2010,Austin,133,5,26.6
2010,Cameron,131,10,13.1
2010,Parker,126,21,6.0
2010,Riley,119,84,1.417
2010,Blake,116,8,14.5
2010,Micah,109,7,15.571
2010,Ayden,92,6,15.333
2010,Grayson,84,5,16.8
2010,Sawyer,82,11,7.455
2010,Hayden,80,54,1.481
2010,Kayden,62,8,7.75
2010,Ezra,58,6,9.667
2010,Peyton,52,123,0.423
2010,Rowan,51,19,2.684
2010,Elliott,45,12,3.75
2010,Alexis,42,181,0.232
2010,Elliot,41,10,4.1
2010,Quinn,40,38,1.053
2010,Avery,37,155,0.239
2010,Charlie,37,21,1.762
2010,Taylor,34,115,0.296
2010,Jaiden,33,5,6.6
2010,Dakota,28,25,1.12
2010,Lane,28,5,5.6
2010,Keegan,25,6,4.167
2010,Payton,25,112,0.223
2010,Casey,23,5,4.6
2010,Phoenix,21,9,2.333
2010,Morgan,19,86,0.221
2010,Finley,17,34,0.5
2010,Jaylen,17,5,3.4
2010,Ali,16,14,1.143
2010,Dallas,14,6,2.333
2010,Justice,14,8,1.75
2010,Reese,14,46,0.304
2010,River,14,8,1.75
2010,Skylar,14,22,0.636
2010,Emerson,13,15,0.867
2010,Amari,12,5,2.4
2010,Sage,12,21,0.571
2010,Harley,10,17,0.588
2010,Memphis,10,5,2.0
2010,Rory,10,11,0.909
2010,Tatum,10,31,0.323
2010,Emery,9,30,0.3
2010,Rylee,9,69,0.13
2010,Teagan,9,41,0.22
2010,Addison,8,167,0.048
2010,London,8,34,0.235
2010,Lyric,8,13,0.615
2010,Quincy,8,7,1.143
2010,Cedar,7,5,1.4
2010,Ariel,6,9,0.667
2010,Bailey,6,80,0.075
2010,Jaidyn,6,8,0.75
2010,Jessie,6,8,0.75
2010,Kelly,6,15,0.4
2010,Sidney,6,8,0.75
2010,Harper,5,82,0.061
2010,Jamie,5,10,0.5
2010,Kendall,5,50,0.1
2010,Kennedy,5,60,0.083
2010,Marley,5,22,0.227
2010,Scout,5,9,0.556
2010,Tegan,5,12,0.417
2011,Logan,341,15,22.733
2011,Jayden,286,22,13.0
2011,Ryan,206,11,18.727
2011,Dylan,190,14,13.571
2011,Ryder,179,6,29.833
2011,Jordan,163,34,4.794
2011,Tyler,154,6,25.667
2011,Parker,150,25,6.0
2011,Carson,144,7,20.571
2011,Blake,137,7,19.571
2011,Angel,131,23,5.696
2011,Cameron,126,7,18.0
2011,Cooper,120,5,24.0
2011,Riley,105,100,1.05
2011,Bentley,104,8,13.0
2011,Tristan,103,5,20.6
2011,Sawyer,90,12,7.5
2011,Hayden,86,44,1.955
2011,Kayden,78,9,8.667
2011,Kaiden,66,5,13.2
2011,Rylan,65,10,6.5
2011,Jesse,62,5,12.4
2011,Elliott,58,15,3.867
2011,Rowan,53,18,2.944
2011,Peyton,45,96,0.469
2011,Devin,43,7,6.143
2011,Elliot,43,15,2.867
2011,Alexis,42,136,0.309
2011,Avery,42,135,0.311
2011,Skyler,41,6,6.833
2011,Camden,40,5,8.0
2011,Quinn,39,49,0.796
2011,Charlie,33,17,1.941
2011,Taylor,30,98,0.306
2011,Casey,29,6,4.833
2011,Jaiden,28,5,5.6
2011,Payton,27,81,0.333
2011,Phoenix,25,14,1.786
2011,Finley,24,28,0.857
2011,Emerson,23,24,0.958
2011,Dallas,21,5,4.2
2011,River,21,12,1.75
2011,Zion,21,6,3.5
2011,Dakota,19,26,0.731
2011,Emery,16,30,0.533
2011,Harper,16,120,0.133
2011,Morgan,16,46,0.348
2011,Amari,14,11,1.273
2011,Skylar,14,27,0.519
2011,Tatum,14,34,0.412
2011,Justice,13,7,1.857
2011,Sage,12,18,0.667
2011,Harley,11,8,1.375
2011,London,11,27,0.407
2011,Reece,11,7,1.571
2011,Reese,11,48,0.229
2011,Teagan,11,58,0.19
2011,Ali,10,12,0.833
2011,Reagan,8,44,0.182
2011,Elisha,7,7,1.0
2011,Indiana,7,5,1.4
2011,Jamie,7,13,0.538
2011,Kennedy,7,65,0.108
2011,Rylee,7,70,0.1
2011,Aven,6,6,1.0
2011,Jessie,6,7,0.857
2011,Jordyn,6,44,0.136
2011,Kamryn,6,27,0.222
2011,Leighton,6,12,0.5
2011,Noel,6,9,0.667
2011,Arya,5,12,0.417
2011,Austyn,5,5,1.0
2011,Jaidyn,5,11,0.455
2011,Skye,5,12,0.417
2011,Sunny,5,5,1.0
2012,Logan,302,9,33.556
2012,Jayden,260,15,17.333
2012,Carter,217,5,43.4
2012,Ryan,211,12,17.583
2012,Hunter,210,6,35.0
2012,Dylan,179,15,11.933
2012,Ryder,163,6,27.167
2012,Austin,150,5,30.0
2012,Tyler,149,5,29.8
2012,Parker,147,40,3.675
2012,Jordan,132,24,5.5
2012,Angel,127,19,6.684
2012,Cameron,121,7,17.286
2012,Bentley,111,7,15.857
2012,Sawyer,87,16,5.438
2012,Kai,81,8,10.125
2012,Riley,77,69,1.116
2012,Alex,74,6,12.333
2012,Hayden,63,38,1.658
2012,Avery,57,199,0.286
2012,Elliot,55,11,5.0
2012,Kayden,55,9,6.111
2012,Elliott,53,6,8.833
2012,Camden,52,5,10.4
2012,Peyton,52,93,0.559
2012,Skyler,47,9,5.222
2012,Rowan,46,22,2.091
2012,Rylan,44,8,5.5
2012,Charlie,41,26,1.577
2012,Alexis,37,119,0.311
2012,Quinn,37,61,0.607
2012,Taylor,31,86,0.36
2012,Dakota,27,28,0.964
2012,Phoenix,26,11,2.364
2012,Jaiden,25,8,3.125
2012,Drew,24,9,2.667
2012,Emerson,23,29,0.793
2012,Rory,23,7,3.286
2012,Ali,20,10,2.0
2012,River,20,19,1.053
2012,Devon,19,5,3.8
2012,Payton,18,69,0.261
2012,Amari,16,8,2.0
2012,Morgan,16,54,0.296
2012,Remy,15,6,2.5
2012,Teagan,15,46,0.326
2012,Finley,14,27,0.519
2012,Ellis,13,7,1.857
2012,Emery,13,42,0.31
2012,Layne,13,6,2.167
2012,Harley,12,15,0.8
2012,Reese,11,54,0.204
2012,Tatum,11,35,0.314
2012,Camdyn,10,5,2.0
2012,Justice,10,6,1.667
2012,Remington,10,5,2.0
2012,Rylee,10,63,0.159
2012,Jamie,9,21,0.429
2012,Skylar,9,43,0.209
2012,Haven,8,19,0.421
2012,London,8,29,0.276
2012,Quincy,8,7,1.143
2012,Sage,8,17,0.471
2012,Harper,7,172,0.041
2012,Jessie,7,12,0.583
2012,Ocean,7,5,1.4
2012,Reagan,7,58,0.121
2012,Shiloh,7,8,0.875
2012,Eden,6,40,0.15
2012,Lucca,6,5,1.2
2012,Lyric,6,11,0.545
2012,Guadalupe,5,21,0.238
2012,Kasey,5,9,0.556
2012,Kendall,5,51,0.098
2012,Noa,5,8,0.625
2013,Logan,293,11,26.636
2013,Jayden,217,18,12.056
2013,Dylan,166,11,15.091
2013,Ryan,151,7,21.571
2013,Parker,147,28,5.25
2013,Hudson,145,7,20.714
2013,Cameron,143,8,17.875
2013,Ryder,143,7,20.429
2013,Blake,131,14,9.357
2013,Tyler,130,6,21.667
2013,Angel,122,16,7.625
2013,Sawyer,111,32,3.469
2013,Jordan,108,15,7.2
2013,Micah,103,5,20.6
2013,Ezra,93,6,15.5
2013,Alex,85,6,14.167
2013,Kai,70,5,14.0
2013,Kayden,66,6,11.0
2013,Riley,66,98,0.673
2013,Elliott,62,6,10.333
2013,Hayden,54,39,1.385
2013,Elliot,53,6,8.833
2013,Charlie,51,39,1.308
2013,Rowan,49,29,1.69
2013,Avery,46,217,0.212
2013,Peyton,46,102,0.451
2013,Emerson,44,40,1.1
2013,Skyler,43,12,3.583
2013,Devin,39,5,7.8
2013,Alexis,35,95,0.368
2013,Quinn,34,85,0.4
2013,Rory,27,7,3.857
2013,Dakota,26,28,0.929
2013,River,26,22,1.182
2013,Drew,25,6,4.167
2013,Phoenix,25,13,1.923
2013,Casey,18,5,3.6
2013,Dallas,17,8,2.125
2013,Harley,17,12,1.417
2013,Skylar,17,50,0.34
2013,Ellis,15,8,1.875
2013,Finley,15,35,0.429
2013,Payton,15,58,0.259
2013,Noel,14,6,2.333
2013,Remington,14,8,1.75
2013,Taylor,14,82,0.171
2013,Amari,13,9,1.444
2013,London,12,46,0.261
2013,Ali,11,6,1.833
2013,Emery,11,39,0.282
2013,Lennox,11,10,1.1
2013,Morgan,11,48,0.229
2013,Reese,11,51,0.216
2013,Tatum,11,24,0.458
2013,Justice,10,10,1.0
2013,Sage,10,15,0.667
2013,Harper,9,198,0.045
2013,Reagan,9,40,0.225
2013,Jamie,8,15,0.533
2013,Lyric,8,20,0.4
2013,Memphis,8,5,1.6
2013,Remy,8,10,0.8
2013,Teagan,8,38,0.211
2013,Oakley,7,9,0.778
2013,Ariel,6,32,0.188
2013,Henley,6,6,1.0
2013,Hollis,6,5,1.2
2013,Jessie,6,8,0.75
2013,Lennon,6,13,0.462
2013,Sidney,6,11,0.545
2013,Jaylin,5,6,0.833
2013,Kennedy,5,79,0.063
2013,Rian,5,5,1.0
2013,Robin,5,6,0.833
2013,Shiloh,5,12,0.417
2014,Logan,333,14,23.786
2014,Jayden,216,21,10.286
2014,Carter,214,7,30.571
2014,Hunter,211,15,14.067
2014,Ryan,162,15,10.8
2014,Dylan,158,29,5.448
2014,Parker,154,44,3.5
2014,Cameron,150,10,15.0
2014,Angel,127,21,6.048
2014,Blake,114,7,16.286
2014,Bentley,102,5,20.4
2014,Sawyer,98,41,2.39
2014,Jordan,93,26,3.577
2014,Elliott,88,14,6.286
2014,Riley,79,96,0.823
2014,Kayden,64,6,10.667
2014,Hayden,61,42,1.452
2014,Rowan,59,31,1.903
2014,Alex,56,6,9.333
2014,Charlie,51,45,1.133
2014,Avery,50,202,0.248
2014,Luca,45,6,7.5
2014,River,43,30,1.433
2014,Peyton,39,70,0.557
2014,Elliot,38,11,3.455
2014,Emerson,33,39,0.846
2014,Rory,33,6,5.5
2014,Rylan,33,7,4.714
2014,Finley,30,52,0.577
2014,Quinn,29,84,0.345
2014,Ellis,28,14,2.0
2014,Alexis,27,112,0.241
2014,Skyler,27,12,2.25
2014,Ali,25,8,3.125
2014,Zion,25,5,5.0
2014,Phoenix,24,13,1.846
2014,Sage,23,18,1.278
2014,Remington,22,6,3.667
2014,Skylar,21,54,0.389
2014,Ari,20,6,3.333
2014,Drew,19,7,2.714
2014,Casey,18,8,2.25
2014,Morgan,18,54,0.333
2014,Taylor,18,65,0.277
2014,Tatum,17,22,0.773
2014,Emery,15,58,0.259
2014,Dallas,14,6,2.333
2014,Noel,14,8,1.75
2014,Oakley,14,10,1.4
2014,Dakota,12,31,0.387
2014,Justice,12,7,1.714
2014,Lennon,12,6,2.0
2014,Reece,11,6,1.833
2014,Azariah,10,5,2.0
2014,Finnley,10,7,1.429
2014,London,10,38,0.263
2014,Quincy,10,16,0.625
2014,Remy,10,8,1.25
2014,Royal,9,6,1.5
2014,Amari,8,11,0.727
2014,Harley,8,22,0.364
2014,Joey,8,5,1.6
2014,Kyrie,8,6,1.333
2014,Payton,8,47,0.17
2014,Rylee,8,64,0.125
2014,Sidney,8,8,1.0
2014,Eden,7,47,0.149
2014,Haven,7,19,0.368
2014,Leighton,7,13,0.538
2014,Reese,7,41,0.171
2014,Aspen,6,33,0.182
2014,Elisha,6,5,1.2
2014,Harper,6,240,0.025
2014,Indiana,6,5,1.2
2014,Jessie,6,11,0.545
2014,Robin,6,6,1.0
2014,Ariel,5,31,0.161
2014,Devyn,5,6,0.833
2014,Kendall,5,44,0.114
2014,Kennedy,5,97,0.052
2014,Lyric,5,18,0.278
2014,Marley,5,29,0.172
2014,Monroe,5,7,0.714
2014,Reagan,5,51,0.098
2015,Logan,329,14,23.5
2015,Mason,317,5,63.4
2015,Carter,216,13,16.615
2015,Hunter,205,9,22.778
2015,Hudson,201,5,40.2
2015,Jayden,178,13,13.692
2015,Grayson,177,7,25.286
2015,Dylan,147,16,9.188
2015,Ezra,147,7,21.0
2015,Ryan,136,13,10.462
2015,Sawyer,135,36,3.75
2015,Evan,125,5,25.0
2015,Parker,125,41,3.049
2015,Cameron,124,14,8.857
2015,Kai,118,11,10.727
2015,Jordan,111,21,5.286
2015,Angel,110,15,7.333
2015,Bennett,104,5,20.8
2015,Bentley,103,14,7.357
2015,Micah,100,6,16.667
2015,Blake,90,28,3.214
2015,Elliott,85,16,5.312
2015,Rowan,73,34,2.147
2015,August,72,6,12.0
2015,Avery,70,191,0.366
2015,Hayden,66,39,1.692
2015,Elliot,63,7,9.0
2015,Riley,63,106,0.594
2015,Ashton,59,6,9.833
2015,Finley,47,51,0.922
2015,Spencer,47,5,9.4
2015,River,44,33,1.333
2015,Beau,43,5,8.6
2015,Charlie,43,54,0.796
2015,Luca,43,6,7.167
2015,Skyler,36,19,1.895
2015,Emerson,35,29,1.207
2015,Rylan,31,7,4.429
2015,Rory,28,10,2.8
2015,Alexis,25,71,0.352
2015,Ali,25,5,5.0
2015,Quinn,25,93,0.269
2015,Ari,24,13,1.846
2015,Ellis,24,7,3.429
2015,Karter,24,7,3.429
2015,Zion,22,7,3.143
2015,Remington,21,12,1.75
2015,Dallas,20,6,3.333
2015,Peyton,20,89,0.225
2015,Phoenix,19,18,1.056
2015,Finnley,17,8,2.125
2015,Dakota,16,23,0.696
2015,Amari,15,16,0.938
2015,Drew,15,6,2.5
2015,Harley,15,28,0.536
2015,Lennox,15,6,2.5
2015,Morgan,15,32,0.469
2015,Tatum,14,14,1.0
2015,Oakley,13,8,1.625
2015,Payton,11,60,0.183
2015,Sage,10,30,0.333
2015,Taylor,10,74,0.135
2015,Emery,9,73,0.123
2015,Leighton,9,18,0.5
2015,Lennon,9,10,0.9
2015,Lyric,9,7,1.286
2015,Briar,8,8,1.0
2015,Eden,8,43,0.186
2015,Ira,8,5,1.6
2015,Justice,8,8,1.0
2015,Reese,8,47,0.17
2015,Skylar,8,47,0.17
2015,Emory,7,8,0.875
2015,Harper,7,255,0.027
2015,Jamie,7,9,0.778
2015,Shiloh,7,10,0.7
2015,Ariel,6,42,0.143
2015,Reagan,6,58,0.103
2015,Rylee,6,67,0.09
2015,Sidney,6,9,0.667
2015,Haiden,5,6,0.833
2015,Indiana,5,9,0.556
2015,Kennedy,5,97,0.052
2015,London,5,34,0.147
2015,Sydney,5,65,0.077
2016,Logan,275,15,18.333
2016,Lincoln,242,5,48.4
2016,Hudson,200,9,22.222
2016,Carter,199,19,10.474
2016,Hunter,199,9,22.111
2016,Jayden,183,7,26.143
2016,Ryan,156,10,15.6
2016,Dylan,154,25,6.16
2016,Sawyer,138,37,3.73
2016,Cooper,137,5,27.4
2016,Cameron,122,10,12.2
2016,Parker,119,38,3.132
2016,Angel,109,15,7.267
2016,Ryder,108,5,21.6
2016,Jordan,98,23,4.261
2016,Elliott,87,19,4.579
2016,Rowan,81,42,1.929
2016,Camden,79,5,15.8
2016,Blake,70,29,2.414
2016,August,68,6,11.333
2016,Avery,63,207,0.304
2016,Elliot,60,19,3.158
2016,Maddox,59,6,9.833
2016,Kayden,57,6,9.5
2016,Riley,54,135,0.4
2016,Emerson,52,45,1.156
2016,River,52,43,1.209
2016,Charlie,51,43,1.186
2016,Hayden,47,43,1.093
2016,Ellis,43,10,4.3
2016,Finley,42,52,0.808
2016,Quinn,38,119,0.319
2016,Phoenix,35,12,2.917
2016,Skyler,35,15,2.333
2016,Spencer,33,7,4.714
2016,Remington,31,6,5.167
2016,Ari,27,5,5.4
2016,Karter,27,6,4.5
2016,Rory,27,15,1.8
2016,Alexis,26,66,0.394
2016,Quincy,26,5,5.2
2016,Devin,21,5,4.2
2016,Remy,21,26,0.808
2016,Amari,19,9,2.111
2016,Finnley,19,5,3.8
2016,Dallas,18,9,2.0
2016,Oakley,18,17,1.059
2016,Peyton,18,56,0.321
2016,Dakota,17,28,0.607
2016,Sage,17,25,0.68
2016,Casey,16,9,1.778
2016,Noel,16,6,2.667
2016,Taylor,16,65,0.246
2016,Morgan,15,46,0.326
2016,Chandler,14,5,2.8
2016,Eden,13,58,0.224
2016,Joey,13,6,2.167
2016,Emery,12,74,0.162
2016,Ira,12,8,1.5
2016,Leighton,12,15,0.8
2016,Lennox,12,10,1.2
2016,Royal,12,8,1.5
2016,Harley,11,22,0.5
2016,Justice,11,5,2.2
2016,Lennon,11,21,0.524
2016,Tatum,11,13,0.846
2016,Ariel,10,31,0.323
2016,Payton,10,49,0.204
2016,Boston,9,5,1.8
2016,London,9,37,0.243
2016,Lyric,9,12,0.75
2016,Murphy,9,7,1.286
2016,Reese,9,60,0.15
2016,Jamie,8,21,0.381
2016,Palmer,7,5,1.4
2016,Reagan,7,58,0.121
2016,Robin,7,11,0.636
2016,Austen,6,5,1.2
2016,Marley,6,33,0.182
2016,Nova,6,52,0.115
2016,Scout,6,10,0.6
2016,Sidney,6,7,0.857
2016,Skylar,6,51,0.118
2016,Sloan,6,15,0.4
2016,Frankie,5,9,0.556
2016,Jordyn,5,27,0.185
2016,Kamryn,5,16,0.312
2016,Linden,5,5,1.0
2016,Remi,5,27,0.185
2016,Skye,5,16,0.312
2016,Teagan,5,49,0.102
2017,Logan,331,16,20.688
2017,Lincoln,249,9,27.667
2017,Carter,190,12,15.833
2017,Hunter,176,13,13.538
2017,Hudson,175,6,29.167
2017,Dylan,142,21,6.762
2017,Ryan,138,16,8.625
2017,Cameron,120,14,8.571
2017,Angel,117,12,9.75
2017,Evan,112,5,22.4
2017,Rowan,112,58,1.931
2017,Sawyer,109,50,2.18
2017,Wesley,108,5,21.6
2017,Kai,104,7,14.857
2017,Elliott,95,20,4.75
2017,Jordan,84,24,3.5
2017,Parker,82,35,2.343
2017,Tyler,77,6,12.833
2017,Luca,75,8,9.375
2017,August,70,7,10.0
2017,Elliot,67,16,4.188
2017,Bentley,65,8,8.125
2017,River,61,48,1.271
2017,Blake,60,37,1.622
2017,Avery,56,193,0.29
2017,Camden,53,5,10.6
2017,Alex,51,5,10.2
2017,Emerson,50,42,1.19
2017,Hayden,46,51,0.902
2017,Charlie,43,52,0.827
2017,Finley,43,44,0.977
2017,Spencer,40,8,5.0
2017,Phoenix,39,17,2.294
2017,Remington,38,15,2.533
2017,Riley,38,131,0.29
2017,Ellis,37,13,2.846
2017,Dakota,36,29,1.241
2017,Quinn,35,102,0.343
2017,Zion,33,7,4.714
2017,Remy,31,16,1.938
2017,Rylan,30,6,5.0
2017,Finnley,28,8,3.5
2017,Skyler,27,16,1.688
2017,Rory,26,17,1.529
2017,Rowen,26,8,3.25
2017,Sage,24,31,0.774
2017,Oakley,23,13,1.769
2017,Noel,21,5,4.2
2017,Ari,19,6,3.167
2017,Sterling,19,5,3.8
2017,Alexis,18,44,0.409
2017,Asa,18,5,3.6
2017,Amari,16,14,1.143
2017,Lennox,16,16,1.0
2017,Peyton,15,63,0.238
2017,Ariel,14,28,0.5
2017,Lyric,14,9,1.556
2017,Morgan,14,36,0.389
2017,Reese,14,34,0.412
2017,Drew,13,7,1.857
2017,Eden,13,48,0.271
2017,Emery,13,58,0.224
2017,Taylor,13,55,0.236
2017,Elisha,12,5,2.4
2017,Quincy,12,10,1.2
2017,Dallas,11,8,1.375
2017,Lennon,11,27,0.407
2017,Payton,11,34,0.324
2017,Justice,10,10,1.0
2017,Casey,9,8,1.125
2017,London,9,29,0.31
2017,Amen,8,8,1.0
2017,Cedar,8,6,1.333
2017,Harley,8,30,0.267
2017,Joey,7,5,1.4
2017,Royal,7,8,0.875
2017,Skylar,7,46,0.152
2017,Tatum,7,22,0.318
2017,Teagan,7,36,0.194
2017,Bailey,6,51,0.118
2017,Harper,6,235,0.026
2017,Jamie,6,13,0.462
2017,Leighton,6,15,0.4
2017,Reagan,6,73,0.082
2017,Salem,6,8,0.75
2017,Skye,6,8,0.75
2017,Wren,6,23,0.261
2017,Briar,5,8,0.625
2017,Campbell,5,6,0.833
2017,Monroe,5,12,0.417
2017,Robin,5,8,0.625
2018,Logan,295,32,9.219
2018,Wyatt,262,6,43.667
2018,Lincoln,195,6,32.5
2018,Hudson,194,6,32.333
2018,Carter,187,17,11.0
2018,Ezra,176,8,22.0
2018,Hunter,149,15,9.933
2018,Jayden,134,9,14.889
2018,Ryan,132,22,6.0
2018,Dylan,130,21,6.19
2018,Jordan,111,25,4.44
2018,Parker,104,45,2.311
2018,Cameron,103,20,5.15
2018,Sawyer,100,44,2.273
2018,Evan,96,5,19.2
2018,Angel,86,12,7.167
2018,Rowan,84,43,1.953
2018,Elliot,78,16,4.875
2018,Everett,74,5,14.8
2018,Elliott,72,15,4.8
2018,River,60,39,1.538
2018,Blake,56,24,2.333
2018,Avery,50,159,0.314
2018,Finley,46,52,0.885
2018,Kayden,46,6,7.667
2018,Emerson,45,39,1.154
2018,Alex,44,5,8.8
2018,Riley,43,109,0.394
2018,Charlie,38,54,0.704
2018,Hayden,36,36,1.0
2018,Phoenix,34,16,2.125
2018,Skyler,28,17,1.647
2018,Rory,27,14,1.929
2018,Remington,26,16,1.625
2018,Rylan,26,6,4.333
2018,Ellis,25,12,2.083
2018,Spencer,24,5,4.8
2018,Quinn,23,105,0.219
2018,Remy,23,19,1.211
2018,Dakota,21,29,0.724
2018,Drew,21,5,4.2
2018,Amari,19,18,1.056
2018,Oakley,19,22,0.864
2018,Taylor,19,50,0.38
2018,Sage,17,21,0.81
2018,Ari,16,8,2.0
2018,Dallas,16,11,1.455
2018,Alexis,15,41,0.366
2018,Lennox,15,8,1.875
2018,Casey,14,6,2.333
2018,Lennon,14,15,0.933
2018,Quincy,14,13,1.077
2018,Tatum,14,22,0.636
2018,Finnley,13,6,2.167
2018,Royal,13,6,2.167
2018,Nova,12,83,0.145
2018,Morgan,11,30,0.367
2018,Ira,10,5,2.0
2018,Jamie,10,7,1.429
2018,Shiloh,10,7,1.429
2018,Ariel,9,19,0.474
2018,Emery,9,88,0.102
2018,Peyton,9,52,0.173
2018,Arden,8,7,1.143
2018,Frankie,8,11,0.727
2018,Harley,8,28,0.286
2018,Lyric,8,8,1.0
2018,Reese,8,35,0.229
2018,Eden,7,43,0.163
2018,Leighton,7,15,0.467
2018,Skylar,7,44,0.159
2018,Emory,6,16,0.375
2018,Justice,6,13,0.462
2018,London,6,29,0.207
2018,Payton,6,33,0.182
2018,Aspen,5,47,0.106
2018,Bellamy,5,5,1.0
2018,Cassidy,5,17,0.294
2018,Kendall,5,16,0.312
2018,Memphis,5,5,1.0
2018,Monroe,5,18,0.278
2018,Rylee,5,65,0.077
2018,Scout,5,14,0.357
2018,Sidney,5,8,0.625
2019,Ezra,213,5,42.6
2019,Logan,210,22,9.545
2019,Carter,197,20,9.85
2019,Jayden,149,5,29.8
2019,Hunter,143,10,14.3
2019,Adrian,134,5,26.8
2019,Dylan,121,10,12.1
2019,Rowan,114,33,3.455
2019,Ryder,106,5,21.2
2019,Bennett,100,6,16.667
2019,Elliott,99,25,3.96
2019,Sawyer,99,42,2.357
2019,Jordan,95,22,4.318
2019,Ryan,94,17,5.529
2019,Angel,91,13,7.0
2019,Parker,88,52,1.692
2019,Cameron,86,10,8.6
2019,August,84,7,12.0
2019,Paxton,73,7,10.429
2019,Jude,70,6,11.667
2019,Elliot,68,10,6.8
2019,River,64,63,1.016
2019,Charlie,57,66,0.864
2019,Riley,51,107,0.477
2019,Avery,47,167,0.281
2019,Emerson,47,42,1.119
2019,Blake,46,39,1.179
2019,Hayden,41,30,1.367
2019,Zion,41,5,8.2
2019,Finley,38,57,0.667
2019,Quinn,35,103,0.34
2019,Lane,34,5,6.8
2019,Remy,33,19,1.737
2019,Ellis,32,12,2.667
2019,Remington,31,20,1.55
2019,Phoenix,30,10,3.0
2019,Dallas,28,7,4.0
2019,Karter,26,6,4.333
2019,Sage,25,31,0.806
2019,Spencer,25,9,2.778
2019,Ari,23,6,3.833
2019,Rylan,23,6,3.833
2019,Sterling,22,6,3.667
2019,Amari,21,16,1.312
2019,Dakota,21,26,0.808
2019,Noel,21,6,3.5
2019,Rowen,21,7,3.0
2019,Skyler,20,8,2.5
2019,Cedar,19,7,2.714
2019,Quincy,18,5,3.6
2019,Casey,17,7,2.429
2019,Kyrie,17,5,3.4
2019,Rory,17,11,1.545
2019,Azariah,15,7,2.143
2019,Eden,15,64,0.234
2019,Remi,14,41,0.341
2019,Tatum,14,25,0.56
2019,Leighton,13,8,1.625
2019,Alexis,12,33,0.364
2019,Ira,12,5,2.4
2019,Peyton,12,48,0.25
2019,Taylor,12,47,0.255
2019,Ariel,11,28,0.393
2019,Skylar,11,48,0.229
2019,Royal,10,6,1.667
2019,Arden,9,9,1.0
2019,Bellamy,9,12,0.75
2019,Lennon,9,29,0.31
2019,Memphis,9,5,1.8
2019,Morgan,9,27,0.333
2019,Salem,9,9,1.0
2019,Emery,8,62,0.129
2019,Harper,8,242,0.033
2019,Oakley,8,22,0.364
2019,Reign,8,11,0.727
2019,Amen,6,6,1.0
2019,Aspen,6,36,0.167
2019,Camdyn,6,5,1.2
2019,Frankie,6,9,0.667
2019,Genesis,6,73,0.082
2019,Harley,6,28,0.214
2019,Nova,6,72,0.083
2019,Ocean,6,6,1.0
2019,Reese,6,33,0.182
2019,Chandler,5,5,1.0
2019,Emory,5,5,1.0
2019,Jamie,5,16,0.312
2019,Jessie,5,6,0.833
2019,Kennedy,5,91,0.055
2019,Marley,5,37,0.135
2019,Payton,5,34,0.147
2019,Presley,5,24,0.208
2019,Raven,5,21,0.238
2019,Ridley,5,5,1.0
2019,Shiloh,5,18,0.278
2019,Sidney,5,6,0.833
2019,Sunny,5,11,0.455
2020,Ezra,209,8,26.125
2020,Logan,206,19,10.842
2020,Carter,163,19,8.579
2020,Hunter,145,12,12.083
2020,Jayden,137,6,22.833
2020,Rowan,117,43,2.721
2020,Cooper,112,7,16.0
2020,Kai,103,5,20.6
2020,Ryan,99,12,8.25
2020,Jordan,97,10,9.7
2020,Dylan,95,16,5.938
2020,Parker,93,53,1.755
2020,Elliott,92,21,4.381
2020,Cameron,90,14,6.429
2020,Jasper,87,6,14.5
2020,Sawyer,87,32,2.719
2020,Angel,85,12,7.083
2020,River,75,46,1.63
2020,Elliot,73,22,3.318
2020,Atlas,69,7,9.857
2020,August,69,6,11.5
2020,Bentley,65,6,10.833
2020,Hayden,54,36,1.5
2020,Avery,53,152,0.349
2020,Charlie,50,62,0.806
2020,Camden,48,8,6.0
2020,Remy,45,21,2.143
2020,Ellis,40,15,2.667
2020,Remington,40,16,2.5
2020,Emerson,39,35,1.114
2020,Rory,38,19,2.0
2020,Blake,35,26,1.346
2020,Phoenix,33,21,1.571
2020,Riley,31,104,0.298
2020,Finley,30,42,0.714
2020,Ari,27,8,3.375
2020,Lennox,27,10,2.7
2020,Sterling,27,5,5.4
2020,Amari,26,13,2.0
2020,Rylan,24,6,4.0
2020,Sage,23,36,0.639
2020,Quinn,22,87,0.253
2020,Dakota,21,18,1.167
2020,Huxley,21,5,4.2
2020,Skyler,21,17,1.235
2020,Kyrie,20,5,4.0
2020,Remi,20,75,0.267
2020,Cedar,18,5,3.6
2020,Oakley,18,36,0.5
2020,Dallas,16,7,2.286
2020,Eden,16,56,0.286
2020,Taylor,16,24,0.667
2020,Armani,15,5,3.0
2020,Quincy,15,9,1.667
2020,Robin,15,8,1.875
2020,Baylor,13,6,2.167
2020,Bellamy,13,6,2.167
2020,Drew,13,8,1.625
2020,Jamie,13,10,1.3
2020,Layne,13,6,2.167
2020,Peyton,13,49,0.265
2020,Tatum,13,28,0.464
2020,Alexis,12,23,0.522
2020,Emery,12,72,0.167
2020,Finnley,12,8,1.5
2020,Wren,12,30,0.4
2020,Joey,11,9,1.222
2020,Kingsley,11,5,2.2
2020,Ariel,10,23,0.435
2020,Bowie,10,5,2.0
2020,Azariah,9,11,0.818
2020,Cadence,9,12,0.75
2020,Reign,9,10,0.9
2020,Genesis,8,70,0.114
2020,Harley,8,27,0.296
2020,Sutton,8,23,0.348
2020,Arden,7,9,0.778
2020,Briar,7,9,0.778
2020,Chandler,7,5,1.4
2020,Justice,7,7,1.0
2020,Lennon,7,41,0.171
2020,Lyric,7,7,1.0
2020,Skylar,7,63,0.111
2020,Amani,6,6,1.0
2020,Kit,6,5,1.2
2020,London,6,23,0.261
2020,Morgan,6,34,0.176
2020,Ocean,6,7,0.857
2020,Payton,6,43,0.14
2020,Salem,6,8,0.75
2020,Amen,5,10,0.5
2020,Aubrey,5,73,0.068
2020,Camdyn,5,7,0.714
2020,Echo,5,5,1.0
2020,Harper,5,191,0.026
2020,Leighton,5,13,0.385
2020,Marley,5,25,0.2
2020,Reagan,5,45,0.111
2021,Noah,394,14,28.143
2021,Ezra,226,11,20.545
2021,Levi,201,5,40.2
2021,Hudson,190,8,23.75
2021,Logan,190,25,7.6
2021,Wyatt,190,5,38.0
2021,Lincoln,167,5,33.4
2021,Luca,150,5,30.0
2021,Kai,138,5,27.6
2021,Carter,133,18,7.389
2021,Cooper,130,5,26.0
2021,Dylan,118,10,11.8
2021,Rowan,118,40,2.95
2021,Hunter,116,7,16.571
2021,Cameron,107,14,7.643
2021,Adrian,106,5,21.2
2021,Parker,98,45,2.178
2021,Ryan,98,18,5.444
2021,Arlo,96,5,19.2
2021,River,96,67,1.433
2021,Elliott,92,17,5.412
2021,Sawyer,85,37,2.297
2021,August,84,6,14.0
2021,Jasper,81,6,13.5
2021,Angel,80,9,8.889
2021,Jordan,76,22,3.455
2021,Ryder,76,9,8.444
2021,Elliot,68,10,6.8
2021,Micah,67,5,13.4
2021,Avery,57,145,0.393
2021,Bentley,51,7,7.286
2021,Hayden,51,34,1.5
2021,Finley,48,35,1.371
2021,Riley,45,123,0.366
2021,Blake,44,30,1.467
2021,Remy,43,22,1.955
2021,Alex,42,6,7.0
2021,Charlie,41,65,0.631
2021,Tyler,41,5,8.2
2021,Ari,39,11,3.545
2021,Rory,39,24,1.625
2021,Remington,36,34,1.059
2021,Amari,32,24,1.333
2021,Ellis,32,14,2.286
2021,Baker,30,8,3.75
2021,Hendrix,30,5,6.0
2021,Sterling,30,6,5.0
2021,Casey,27,8,3.375
2021,Phoenix,27,13,2.077
2021,Azariah,26,9,2.889
2021,Quincy,26,10,2.6
2021,Spencer,26,6,4.333
2021,Emerson,25,27,0.926
2021,Lennox,25,9,2.778
2021,Quinn,25,85,0.294
2021,Asa,23,7,3.286
2021,Emery,23,76,0.303
2021,Finnley,23,8,2.875
2021,Oakley,23,47,0.489
2021,Sage,23,49,0.469
2021,Rowen,22,8,2.75
2021,Armani,20,6,3.333
2021,Ali,19,6,3.167
2021,Cedar,17,9,1.889
2021,Jamie,17,11,1.545
2021,Layne,17,7,2.429
2021,Rio,17,6,2.833
2021,Baylor,16,9,1.778
2021,Dallas,16,9,1.778
2021,Shiloh,15,10,1.5
2021,Ariel,14,26,0.538
2021,Morgan,14,30,0.467
2021,Remi,14,65,0.215
2021,Tatum,14,24,0.583
2021,Karter,13,9,1.444
2021,Reign,13,8,1.625
2021,Dakota,12,29,0.414
2021,Eden,12,40,0.3
2021,Ira,12,14,0.857
2021,Lennon,12,36,0.333
2021,Nova,12,102,0.118
2021,Skyler,12,10,1.2
2021,Kingsley,11,10,1.1
2021,Miller,11,5,2.2
2021,Taylor,11,34,0.324
2021,Wren,11,38,0.289
2021,Bellamy,10,11,0.909
2021,Drew,10,9,1.111
2021,Robin,10,8,1.25
2021,Salem,10,15,0.667
2021,Emory,9,5,1.8
2021,Ocean,8,6,1.333
2021,Ozzy,8,5,1.6
2021,Reese,8,43,0.186
2021,Santana,8,6,1.333
2021,Skylar,8,48,0.167
2021,Sol,8,10,0.8
2021,Alexis,7,21,0.333
2021,Artemis,7,11,0.636
2021,Briar,7,17,0.412
2021,Indiana,7,5,1.4
2021,Lyric,7,12,0.583
2021,Monroe,7,12,0.583
2021,Murphy,7,13,0.538
2021,Peyton,7,54,0.13
2021,Ripley,7,6,1.167
2021,Sutton,7,20,0.35
2021,Arden,6,6,1.0
2021,Bailey,6,42,0.143
2021,Harley,6,19,0.316
2021,Kelly,6,5,1.2
2021,Lux,6,7,0.857
2021,Scout,6,13,0.462
2021,Sunny,6,10,0.6
2021,Brooklyn,5,64,0.078
2021,Genesis,5,68,0.074
