YOB,Name,mFrequency,fFrequency,mForF
1913,John,524,5,104.8
1913,Laverne,11,20,0.55
1913,Marion,5,109,0.046
1913,Merle,5,6,0.833
1914,George,327,5,65.4
1914,Laverne,16,15,1.067
1914,Cecil,13,5,2.6
1914,Merle,9,8,1.125
1914,Marion,8,137,0.058
1914,Claire,5,11,0.455
1914,Fay,5,8,0.625
1915,John,864,7,123.429
1915,Edward,519,7,74.143
1915,George,489,7,69.857
1915,Henry,268,5,53.6
1915,Francis,170,6,28.333
1915,Laverne,28,42,0.667
1915,Lee,19,6,3.167
1915,Merle,12,17,0.706
1915,Marion,10,214,0.047
1915,Fay,6,8,0.75
1916,John,932,13,71.692
1916,George,535,5,107.0
1916,Raymond,464,5,92.8
1916,Joseph,448,5,89.6
1916,James,388,5,77.6
1916,Francis,167,8,20.875
1916,Lee,33,5,6.6
1916,Laverne,26,57,0.456
1916,Lavern,24,6,4.0
1916,Merle,16,9,1.778
1916,Claire,14,9,1.556
1916,Marion,11,277,0.04
1916,Fay,6,10,0.6
1916,Gail,6,5,1.2
1917,Robert,965,8,120.625
1917,William,683,9,75.889
1917,George,551,6,91.833
1917,Edward,510,6,85.0
1917,Harold,479,5,95.8
1917,Lawrence,201,5,40.2
1917,Earl,194,5,38.8
1917,Francis,162,6,27.0
1917,Laverne,41,58,0.707
1917,Virgil,27,6,4.5
1917,Lavern,17,6,2.833
1917,Merle,17,11,1.545
1917,Gene,16,5,3.2
1917,Claire,10,14,0.714
1917,Marion,9,282,0.032
1917,Fay,5,11,0.455
1917,Gail,5,7,0.714
1918,Robert,1117,6,186.167
1918,John,1053,12,87.75
1918,William,650,7,92.857
1918,George,558,7,79.714
1918,James,460,8,57.5
1918,Donald,432,8,54.0
1918,Richard,319,5,63.8
1918,Clarence,305,5,61.0
1918,Francis,164,7,23.429
1918,Ray,55,6,9.167
1918,Laverne,45,88,0.511
1918,Virgil,27,5,5.4
1918,Merle,26,11,2.364
1918,Lee,20,6,3.333
1918,Lavern,19,8,2.375
1918,Marion,18,291,0.062
1918,Claire,10,12,0.833
1919,Robert,1152,5,230.4
1919,John,960,8,120.0
1919,William,569,7,81.286
1919,Harold,508,7,72.571
1919,James,400,5,80.0
1919,Charles,346,5,69.2
1919,Clarence,296,5,59.2
1919,Henry,234,5,46.8
1919,Francis,145,8,18.125
1919,Laverne,36,99,0.364
1919,Lavern,27,9,3.0
1919,Marion,15,283,0.053
1919,Merle,15,10,1.5
1919,Fay,6,9,0.667
1920,Robert,1451,6,241.833
1920,John,1006,14,71.857
1920,Harold,598,5,119.6
1920,Donald,592,6,98.667
1920,Raymond,526,5,105.2
1920,George,519,6,86.5
1920,James,484,5,96.8
1920,Eugene,254,6,42.333
1920,Ralph,218,5,43.6
1920,Norman,188,6,31.333
1920,Francis,173,8,21.625
1920,Fred,102,5,20.4
1920,Laverne,58,117,0.496
1920,Lavern,33,12,2.75
1920,Merle,30,14,2.143
1920,Marion,9,286,0.031
1920,Claire,8,6,1.333
1920,Shirley,6,128,0.047
1920,Ardell,5,5,1.0
1921,Robert,1637,15,109.133
1921,John,1061,14,75.786
1921,William,801,10,80.1
1921,Donald,692,6,115.333
1921,James,609,6,101.5
1921,Edward,543,5,108.6
1921,Harold,503,8,62.875
1921,Joseph,432,5,86.4
1921,Frank,324,6,54.0
1921,Arthur,320,5,64.0
1921,Harry,208,5,41.6
1921,Francis,175,5,35.0
1921,Laverne,49,135,0.363
1921,Lavern,29,9,3.222
1921,Merle,25,7,3.571
1921,Clare,7,6,1.167
1921,Fay,7,13,0.538
1921,Mary,7,950,0.007
1921,Claire,6,17,0.353
1921,Jean,6,278,0.022
1921,Marion,6,326,0.018
1922,Robert,1635,17,96.176
1922,John,1055,10,105.5
1922,Donald,738,5,147.6
1922,James,603,9,67.0
1922,George,524,12,43.667
1922,Harold,480,6,80.0
1922,Kenneth,414,7,59.143
1922,Charles,389,7,55.571
1922,Ralph,236,6,39.333
1922,Merlin,69,5,13.8
1922,Laverne,48,136,0.353
1922,Merle,24,10,2.4
1922,Gene,17,10,1.7
1922,Marion,15,329,0.046
1922,Claire,6,14,0.429
1922,Mary,5,969,0.005
1923,Robert,1783,11,162.091
1923,John,1092,12,91.0
1923,William,796,9,88.444
1923,George,522,5,104.4
1923,Raymond,424,5,84.8
1923,Paul,213,5,42.6
1923,Melvin,179,5,35.8
1923,Francis,171,5,34.2
1923,Louis,125,6,20.833
1923,Laverne,57,156,0.365
1923,Lavern,28,11,2.545
1923,Lee,24,5,4.8
1923,Marion,16,341,0.047
1923,Merle,14,8,1.75
1923,Claire,12,9,1.333
1923,Carroll,10,6,1.667
1923,Gail,9,7,1.286
1923,Ardell,7,8,0.875
1923,Carol,7,130,0.054
1923,Jean,5,305,0.016
1923,Laurel,5,13,0.385
1924,Robert,1938,22,88.091
1924,John,1156,11,105.091
1924,Donald,932,12,77.667
1924,William,859,13,66.077
1924,James,729,10,72.9
1924,Richard,662,7,94.571
1924,George,534,5,106.8
1924,Harold,472,7,67.429
1924,Charles,394,6,65.667
1924,Ralph,258,5,51.6
1924,Lester,94,6,15.667
1924,Laverne,56,148,0.378
1924,Lavern,33,7,4.714
1924,Gene,29,6,4.833
1924,Merle,26,9,2.889
1924,Claire,7,15,0.467
1924,Marion,7,360,0.019
1924,Arlyn,5,6,0.833
1925,Robert,1820,23,79.13
1925,John,1090,15,72.667
1925,Donald,1025,15,68.333
1925,William,863,12,71.917
1925,James,758,11,68.909
1925,Richard,752,5,150.4
1925,George,537,7,76.714
1925,Edward,507,6,84.5
1925,Kenneth,465,5,93.0
1925,Harold,417,6,69.5
1925,Charles,403,10,40.3
1925,Raymond,402,6,67.0
1925,Arthur,261,5,52.2
1925,Earl,209,5,41.8
1925,Carl,178,7,25.429
1925,Vernon,128,5,25.6
1925,Arnold,125,6,20.833
1925,Laverne,61,156,0.391
1925,Gene,31,10,3.1
1925,Merle,24,8,3.0
1925,Lynn,12,5,2.4
1925,Jean,8,416,0.019
1925,Marlyn,7,7,1.0
1925,Claire,6,15,0.4
1925,Dorothy,6,965,0.006
1926,Robert,1869,25,74.76
1926,John,1064,8,133.0
1926,Donald,1050,12,87.5
1926,William,858,6,143.0
1926,James,821,7,117.286
1926,Raymond,440,7,62.857
1926,Harold,405,8,50.625
1926,Charles,398,5,79.6
1926,Joseph,390,5,78.0
1926,Gerald,264,6,44.0
1926,Jack,172,6,28.667
1926,Francis,156,5,31.2
1926,Arnold,114,5,22.8
1926,Laverne,63,139,0.453
1926,Ray,58,5,11.6
1926,Lavern,40,5,8.0
1926,Gene,30,7,4.286
1926,Marlyn,12,5,2.4
1926,Marion,10,301,0.033
1926,Clare,8,7,1.143
1926,Jean,7,390,0.018
1926,Claire,6,10,0.6
1926,Margaret,5,446,0.011
1927,Robert,1908,29,65.793
1927,Donald,1161,7,165.857
1927,John,1134,16,70.875
1927,James,916,14,65.429
1927,Richard,915,13,70.385
1927,William,875,6,145.833
1927,Kenneth,551,7,78.714
1927,George,467,6,77.833
1927,Edward,455,6,75.833
1927,Charles,443,5,88.6
1927,Raymond,441,11,40.091
1927,Joseph,366,7,52.286
1927,Walter,261,6,43.5
1927,Frank,250,5,50.0
1927,Gene,73,6,12.167
1927,Laverne,46,156,0.295
1927,Lavern,30,9,3.333
1927,Lee,25,6,4.167
1927,Merle,20,7,2.857
1927,Claire,13,13,1.0
1927,Marion,13,268,0.049
1927,Carol,8,243,0.033
1927,Marlyn,5,5,1.0
1928,Robert,1875,18,104.167
1928,Donald,1316,12,109.667
1928,John,1097,12,91.417
1928,James,1023,16,63.938
1928,Richard,993,9,110.333
1928,William,913,9,101.444
1928,Kenneth,520,6,86.667
1928,George,466,5,93.2
1928,Edward,416,11,37.818
1928,Charles,401,6,66.833
1928,Harold,384,10,38.4
1928,Raymond,374,5,74.8
1928,Joseph,344,6,57.333
1928,Gerald,338,6,56.333
1928,Frank,254,5,50.8
1928,Paul,232,5,46.4
1928,Walter,224,5,44.8
1928,Earl,176,6,29.333
1928,Gene,72,5,14.4
1928,Laverne,53,175,0.303
1928,Lavern,35,10,3.5
1928,Merle,16,5,3.2
1928,Marion,8,255,0.031
1928,Marlyn,6,6,1.0
1928,Shirley,6,591,0.01
1928,Ardell,5,6,0.833
1928,Carol,5,296,0.017
1928,Jackie,5,6,0.833
1929,Robert,1761,19,92.684
1929,Donald,1292,10,129.2
1929,John,1069,20,53.45
1929,Richard,1064,5,212.8
1929,James,1009,7,144.143
1929,William,905,13,69.615
1929,Kenneth,543,6,90.5
1929,Charles,426,7,60.857
1929,George,376,5,75.2
1929,Edward,369,8,46.125
1929,Joseph,351,9,39.0
1929,Harold,324,6,54.0
1929,Frank,222,7,31.714
1929,Paul,213,6,35.5
1929,Laverne,60,116,0.517
1929,Lavern,26,6,4.333
1929,Merle,24,6,4.0
1929,Mary,11,1130,0.01
1929,Claire,10,19,0.526
1929,Pat,8,10,0.8
1929,Laurel,6,6,1.0
1929,Marion,6,239,0.025
1929,Jean,5,396,0.013
1930,Robert,1797,23,78.13
1930,Donald,1350,13,103.846
1930,Richard,1185,12,98.75
1930,John,1155,11,105.0
1930,James,1061,9,117.889
1930,William,892,6,148.667
1930,Kenneth,528,5,105.6
1930,Charles,450,11,40.909
1930,Gerald,436,5,87.2
1930,George,419,6,69.833
1930,Edward,405,6,67.5
1930,Thomas,396,7,56.571
1930,Joseph,364,8,45.5
1930,Paul,233,5,46.6
1930,Walter,199,5,39.8
1930,Dale,134,7,19.143
1930,Laverne,61,115,0.53
1930,Lavern,36,10,3.6
1930,Merle,26,10,2.6
1930,Lynn,16,5,3.2
1930,Jean,10,372,0.027
1930,Ardell,7,7,1.0
1930,Arlyn,7,6,1.167
1930,Marion,7,233,0.03
1930,Claire,6,12,0.5
1930,Lavon,5,10,0.5
1930,Pat,5,20,0.25
1930,Shirley,5,624,0.008
1931,Robert,1747,10,174.7
1931,Donald,1271,9,141.222
1931,Richard,1098,5,219.6
1931,James,1045,5,209.0
1931,John,1042,11,94.727
1931,William,796,5,159.2
1931,Kenneth,500,8,62.5
1931,Gerald,466,5,93.2
1931,Charles,419,5,83.8
1931,George,381,5,76.2
1931,Eugene,368,5,73.6
1931,Edward,362,6,60.333
1931,Joseph,317,5,63.4
1931,Ronald,312,5,62.4
1931,Paul,230,7,32.857
1931,Earl,118,5,23.6
1931,Gene,79,5,15.8
1931,Laverne,67,78,0.859
1931,Lavern,31,8,3.875
1931,Merle,20,6,3.333
1931,Carroll,12,8,1.5
1931,Claire,10,14,0.714
1931,Jackie,9,7,1.286
1931,Marion,9,194,0.046
1931,Ardell,7,5,1.4
1931,Pat,7,23,0.304
1931,Jean,5,398,0.013
1931,Marlyn,5,12,0.417
1932,Robert,1611,8,201.375
1932,Donald,1298,8,162.25
1932,Richard,1171,5,234.2
1932,James,1073,7,153.286
1932,John,998,11,90.727
1932,William,768,9,85.333
1932,Charles,415,7,59.286
1932,Paul,234,6,39.0
1932,Laverne,54,88,0.614
1932,Lee,44,8,5.5
1932,Lavern,30,8,3.75
1932,Lynn,12,6,2.0
1932,Terry,12,7,1.714
1932,Claire,9,12,0.75
1932,Jean,5,345,0.014
1932,Marlyn,5,7,0.714
1932,Pat,5,24,0.208
1933,Robert,1445,9,160.556
1933,Donald,1195,8,149.375
1933,James,1155,6,192.5
1933,John,1049,13,80.692
1933,Laverne,40,57,0.702
1933,Lynn,15,7,2.143
1933,Carroll,14,7,2.0
1933,Pat,13,23,0.565
1933,Marion,8,151,0.053
1933,Carol,7,630,0.011
1933,Jackie,7,7,1.0
1933,Ardell,5,8,0.625
1933,Jean,5,362,0.014
1934,Robert,1513,13,116.385
1934,Richard,1267,5,253.4
1934,Donald,1237,6,206.167
1934,John,1017,13,78.231
1934,Laverne,43,49,0.878
1934,Pat,10,24,0.417
1934,Marion,9,115,0.078
1934,Gail,8,45,0.178
1934,Marlyn,8,10,0.8
1934,Ardell,7,6,1.167
1934,Claire,7,7,1.0
1934,Carol,6,675,0.009
1935,Robert,1534,6,255.667
1935,James,1366,8,170.75
1935,Dale,179,5,35.8
1935,Lee,69,5,13.8
1935,Laverne,39,41,0.951
1935,Lynn,20,9,2.222
1935,Merle,18,6,3.0
1935,Marion,9,110,0.082
1935,Jackie,7,11,0.636
1935,Marlyn,7,12,0.583
1935,Pat,7,32,0.219
1935,Shirley,7,1083,0.006
1935,Ardell,6,6,1.0
1935,Claire,6,17,0.353
1936,Robert,1601,8,200.125
1936,John,1068,5,213.6
1936,David,596,5,119.2
1936,Jerry,193,5,38.6
1936,Lee,60,9,6.667
1936,Laverne,42,47,0.894
1936,Leslie,16,5,3.2
1936,Lynn,14,11,1.273
1936,Gale,10,5,2.0
1936,Jean,7,313,0.022
1936,Marlyn,7,14,0.5
1936,Pat,7,34,0.206
1936,Claire,6,10,0.6
1936,Gail,5,77,0.065
1936,Jackie,5,9,0.556
1936,Mary,5,1191,0.004
1937,John,1094,7,156.286
1937,Dale,172,5,34.4
1937,Lee,63,6,10.5
1937,Laverne,35,33,1.061
1937,Lynn,15,16,0.938
1937,Gale,10,6,1.667
1937,Marion,9,77,0.117
1937,Marlyn,9,12,0.75
1937,Jan,8,6,1.333
1937,Carol,7,835,0.008
1937,Jackie,6,9,0.667
1937,Claire,5,10,0.5
1937,Gayle,5,19,0.263
1937,Mary,5,1272,0.004
1938,James,1518,7,216.857
1938,Richard,1268,6,211.333
1938,Lee,89,6,14.833
1938,Laverne,32,41,0.78
1938,Lynn,26,24,1.083
1938,Jan,16,5,3.2
1938,Gale,13,6,2.167
1938,Mary,7,1308,0.005
1938,Jackie,6,9,0.667
1938,Judith,5,671,0.007
1938,Patricia,5,858,0.006
1939,James,1489,5,297.8
1939,John,1155,6,192.5
1939,Charles,403,5,80.6
1939,Dale,194,10,19.4
1939,Terry,101,6,16.833
1939,Lynn,28,40,0.7
1939,Laverne,23,21,1.095
1939,Gale,21,9,2.333
1939,Jan,9,7,1.286
1939,Pat,9,25,0.36
1939,Marlyn,8,7,1.143
1939,Marion,7,72,0.097
1939,Barbara,5,881,0.006
1939,Billie,5,5,1.0
1939,Carol,5,845,0.006
1939,Jackie,5,10,0.5
1939,Sharon,5,440,0.011
1940,John,1318,6,219.667
1940,Richard,1255,5,251.0
1940,Dale,186,5,37.2
1940,Lynn,32,44,0.727
1940,Laverne,26,17,1.529
1940,Gale,13,17,0.765
1940,Jan,8,5,1.6
1940,Patricia,8,885,0.009
1940,Carroll,5,5,1.0
1940,Claire,5,12,0.417
1940,Fay,5,13,0.385
1940,Judith,5,1228,0.004
1940,Marion,5,78,0.064
1940,Pat,5,32,0.156
1941,Thomas,1035,6,172.5
1941,William,925,7,132.143
1941,Dale,212,5,42.4
1941,Lee,89,9,9.889
1941,Lynn,49,47,1.043
1941,Laverne,39,18,2.167
1941,Leslie,31,6,5.167
1941,Jan,18,9,2.0
1941,Gale,12,11,1.091
1941,Pat,9,47,0.191
1941,Merle,8,5,1.6
1941,Judith,6,1176,0.005
1941,Sharon,6,678,0.009
1941,Barbara,5,972,0.005
1941,Darlene,5,260,0.019
1942,Robert,1731,5,346.2
1942,John,1421,7,203.0
1942,Dale,221,10,22.1
1942,Terry,144,11,13.091
1942,Lee,99,9,11.0
1942,Lynn,64,90,0.711
1942,Leslie,33,8,4.125
1942,Laverne,31,26,1.192
1942,Gale,18,10,1.8
1942,Pat,11,33,0.333
1942,Jackie,10,11,0.909
1942,Mary,6,1583,0.004
1942,Patricia,6,941,0.006
1942,Sharon,6,840,0.007
1942,Claire,5,17,0.294
1942,Gail,5,99,0.051
1942,Karen,5,1081,0.005
1943,Robert,1756,6,292.667
1943,Ronald,876,6,146.0
1943,Michael,751,8,93.875
1943,Dale,230,5,46.0
1943,Terry,173,18,9.611
1943,Lee,98,11,8.909
1943,Lynn,55,107,0.514
1943,Leslie,29,9,3.222
1943,Laverne,22,15,1.467
1943,Jan,18,8,2.25
1943,Lavern,17,5,3.4
1943,Gale,10,13,0.769
1943,Mary,8,1724,0.005
1943,Jean,7,368,0.019
1943,Jackie,6,12,0.5
1943,Patricia,6,901,0.007
1943,Sharon,6,1070,0.006
1943,Ardell,5,7,0.714
1943,Pat,5,34,0.147
1944,James,1914,5,382.8
1944,David,1161,5,232.2
1944,Dale,215,5,43.0
1944,Terry,175,17,10.294
1944,Francis,90,5,18.0
1944,Lee,87,12,7.25
1944,Lynn,40,115,0.348
1944,Leslie,32,18,1.778
1944,Laverne,18,12,1.5
1944,Jan,16,10,1.6
1944,Chris,11,6,1.833
1944,Gale,10,10,1.0
1944,Gail,7,123,0.057
1944,Bonnie,5,337,0.015
1944,Pat,5,34,0.147
1945,Robert,1689,6,281.5
1945,Thomas,1146,5,229.2
1945,William,930,5,186.0
1945,Terry,209,19,11.0
1945,Dale,205,7,29.286
1945,Gene,87,5,17.4
1945,Lee,81,15,5.4
1945,Lynn,37,120,0.308
1945,Leslie,32,10,3.2
1945,Jan,18,14,1.286
1945,Gale,13,11,1.182
1945,Laverne,11,9,1.222
1945,Robin,9,7,1.286
1945,Lonnie,8,7,1.143
1945,Kerry,7,5,1.4
1945,Judith,6,848,0.007
1945,Mary,6,1780,0.003
1945,Claire,5,15,0.333
1945,Jackie,5,14,0.357
1945,Marion,5,33,0.152
1946,John,1858,5,371.6
1946,Terry,305,27,11.296
1946,Dale,288,5,57.6
1946,Lee,100,15,6.667
1946,Leslie,44,25,1.76
1946,Lynn,32,214,0.15
1946,Jan,29,20,1.45
1946,Laverne,17,13,1.308
1946,Gale,12,17,0.706
1946,Pat,9,40,0.225
1946,Robin,7,13,0.538
1946,Gail,6,148,0.041
1946,Jackie,5,24,0.208
1947,Richard,1791,5,358.2
1947,Michael,1599,6,266.5
1947,Terry,358,53,6.755
1947,Dale,341,6,56.833
1947,Lee,104,18,5.778
1947,Randy,67,5,13.4
1947,Lynn,54,253,0.213
1947,Leslie,38,37,1.027
1947,Kim,29,9,3.222
1947,Jan,28,20,1.4
1947,Chris,22,7,3.143
1947,Laverne,22,9,2.444
1947,Lonnie,19,9,2.111
1947,Robin,19,21,0.905
1947,Gale,18,18,1.0
1947,Kerry,18,8,2.25
1947,Dana,10,10,1.0
1947,Jackie,9,20,0.45
1947,Pat,8,51,0.157
1947,Gail,6,196,0.031
1947,Patricia,6,1179,0.005
1948,James,2190,6,365.0
1948,Dale,347,11,31.545
1948,Terry,343,47,7.298
1948,Lee,111,27,4.111
1948,Leslie,43,26,1.654
1948,Lynn,41,242,0.169
1948,Chris,28,8,3.5
1948,Lonnie,24,8,3.0
1948,Jan,21,24,0.875
1948,Kerry,20,14,1.429
1948,Robin,16,15,1.067
1948,Kim,15,6,2.5
1948,Gale,14,17,0.824
1948,Laverne,13,8,1.625
1948,Pat,13,30,0.433
1948,Dana,12,12,1.0
1948,Gerry,8,8,1.0
1948,Gail,5,201,0.025
1948,Mary,5,2170,0.002
1949,Richard,1493,5,298.6
1949,Dale,371,10,37.1
1949,Terry,311,72,4.319
1949,Lee,110,8,13.75
1949,Randy,91,6,15.167
1949,Leslie,51,28,1.821
1949,Lynn,46,263,0.175
1949,Chris,37,5,7.4
1949,Kerry,26,20,1.3
1949,Kim,26,8,3.25
1949,Robin,19,19,1.0
1949,Jan,15,26,0.577
1949,Gale,12,17,0.706
1949,Dana,11,11,1.0
1949,Kelly,11,5,2.2
1949,Jackie,9,15,0.6
1949,Tracy,6,6,1.0
1949,Gayle,5,52,0.096
1949,Pat,5,15,0.333
1950,James,2135,5,427.0
1950,Dale,369,6,61.5
1950,Terry,291,52,5.596
1950,Lee,117,14,8.357
1950,Leslie,43,22,1.955
1950,Kim,36,12,3.0
1950,Lynn,36,312,0.115
1950,Kerry,35,21,1.667
1950,Robin,24,26,0.923
1950,Jan,20,29,0.69
1950,Chris,16,5,3.2
1950,Dana,13,7,1.857
1950,Gale,12,17,0.706
1950,Carey,8,7,1.143
1950,Laverne,8,12,0.667
1950,Pat,6,13,0.462
1950,Gail,5,247,0.02
1950,Jody,5,18,0.278
1950,Kris,5,7,0.714
1950,Lauren,5,10,0.5
1951,Michael,2298,5,459.6
1951,Robert,1912,7,273.143
1951,Dale,414,6,69.0
1951,Terry,315,64,4.922
1951,Randy,178,7,25.429
1951,Lee,131,19,6.895
1951,Kim,68,20,3.4
1951,Chris,52,8,6.5
1951,Leslie,41,28,1.464
1951,Robin,41,39,1.051
1951,Lynn,39,329,0.119
1951,Kerry,33,16,2.062
1951,Jan,28,49,0.571
1951,Dana,21,17,1.235
1951,Gale,11,20,0.55
1951,Laverne,11,10,1.1
1951,Carey,7,5,1.4
1951,Kris,6,10,0.6
1951,Gail,5,268,0.019
1952,Michael,2311,8,288.875
1952,James,2268,7,324.0
1952,Robert,1854,6,309.0
1952,Dale,395,14,28.214
1952,Terry,329,60,5.483
1952,Lee,114,18,6.333
1952,Kim,96,52,1.846
1952,Chris,51,8,6.375
1952,Leslie,46,35,1.314
1952,Lynn,40,288,0.139
1952,Kerry,30,30,1.0
1952,Robin,29,65,0.446
1952,Kelly,19,5,3.8
1952,Jan,18,65,0.277
1952,Dana,16,15,1.067
1952,Gale,10,21,0.476
1952,Kris,8,12,0.667
1952,Claire,6,28,0.214
1952,Kimberly,5,19,0.263
1952,Mary,5,2241,0.002
1952,Pat,5,12,0.417
1952,Tracy,5,8,0.625
1953,Michael,2309,8,288.625
1953,James,2082,5,416.4
1953,Jeffrey,895,7,127.857
1953,Dale,396,12,33.0
1953,Terry,297,72,4.125
1953,Lee,123,19,6.474
1953,Kim,104,67,1.552
1953,Robin,54,93,0.581
1953,Chris,40,14,2.857
1953,Kerry,35,21,1.667
1953,Lynn,35,328,0.107
1953,Leslie,32,53,0.604
1953,Jan,21,62,0.339
1953,Dana,15,10,1.5
1953,Gale,12,16,0.75
1953,Laverne,10,5,2.0
1953,Pat,7,12,0.583
1953,Gayle,6,69,0.087
1953,Kimberly,6,26,0.231
1953,Jessie,5,6,0.833
1953,Kris,5,6,0.833
1954,David,2181,5,436.2
1954,Joseph,615,5,123.0
1954,Dale,409,11,37.182
1954,Terry,355,109,3.257
1954,Kim,128,84,1.524
1954,Lee,113,28,4.036
1954,Robin,54,119,0.454
1954,Jan,41,76,0.539
1954,Kerry,33,13,2.538
1954,Leslie,33,43,0.767
1954,Lynn,30,357,0.084
1954,Kelly,21,11,1.909
1954,Dana,18,13,1.385
1954,Laverne,10,9,1.111
1954,Jessie,9,7,1.286
1954,Carey,7,8,0.875
1954,Lauren,7,14,0.5
1954,Pat,7,9,0.778
1954,Shawn,7,11,0.636
1954,Kimberly,6,25,0.24
1954,Gale,5,29,0.172
1954,Jackie,5,26,0.192
1954,Jody,5,38,0.132
1954,Mary,5,2397,0.002
1955,Michael,2365,5,473.0
1955,Timothy,604,5,120.8
1955,Dale,412,18,22.889
1955,Terry,382,117,3.265
1955,Kim,133,223,0.596
1955,Lee,117,28,4.179
1955,Robin,67,192,0.349
1955,Chris,63,18,3.5
1955,Kerry,43,21,2.048
1955,Kelly,38,12,3.167
1955,Leslie,35,45,0.778
1955,Lynn,27,370,0.073
1955,Jan,25,81,0.309
1955,Dana,21,17,1.235
1955,Pat,14,16,0.875
1955,Gale,12,20,0.6
1955,Tracy,12,12,1.0
1955,Shawn,11,10,1.1
1955,Kris,10,15,0.667
1955,Jackie,6,18,0.333
1955,Rene,6,10,0.6
1955,Carey,5,6,0.833
1955,Leigh,5,11,0.455
1956,David,2215,6,369.167
1956,James,1915,7,273.571
1956,Robert,1689,6,281.5
1956,Dale,430,8,53.75
1956,Terry,289,109,2.651
1956,Kim,129,412,0.313
1956,Lee,106,39,2.718
1956,Robin,84,182,0.462
1956,Chris,75,19,3.947
1956,Leslie,45,60,0.75
1956,Kelly,31,9,3.444
1956,Kerry,27,22,1.227
1956,Jan,26,93,0.28
1956,Lynn,25,449,0.056
1956,Dana,19,19,1.0
1956,Tracy,14,27,0.519
1956,Kris,11,18,0.611
1956,Carey,10,12,0.833
1956,Jody,9,67,0.134
1956,Gale,8,36,0.222
1956,Pat,8,19,0.421
1956,Shawn,8,16,0.5
1956,Deborah,5,701,0.007
1956,Jackie,5,30,0.167
1957,Michael,2396,6,399.333
1957,James,2009,5,401.8
1957,Robert,1604,6,267.333
1957,Dale,459,8,57.375
1957,Terry,327,91,3.593
1957,Lee,113,30,3.767
1957,Chris,86,41,2.098
1957,Kim,69,463,0.149
1957,Robin,53,211,0.251
1957,Kelly,49,51,0.961
1957,Kerry,48,27,1.778
1957,Lonnie,29,7,4.143
1957,Leslie,26,63,0.413
1957,Tracy,26,39,0.667
1957,Shawn,25,14,1.786
1957,Dana,24,38,0.632
1957,Pat,21,31,0.677
1957,Jan,17,96,0.177
1957,Lynn,17,413,0.041
1957,Jody,12,93,0.129
1957,Carey,10,5,2.0
1957,Jamie,8,22,0.364
1957,Kris,7,31,0.226
1958,Mark,1807,6,301.167
1958,Terry,349,122,2.861
1958,Lee,119,32,3.719
1958,Chris,104,60,1.733
1958,Kelly,73,123,0.593
1958,Kim,45,432,0.104
1958,Robin,45,204,0.221
1958,Pat,39,35,1.114
1958,Kerry,29,37,0.784
1958,Leslie,28,66,0.424
1958,Tracy,25,48,0.521
1958,Lynn,23,362,0.064
1958,Shawn,22,17,1.294
1958,Jody,21,113,0.186
1958,Jan,20,64,0.312
1958,Kris,17,35,0.486
1958,Dana,16,28,0.571
1958,Cary,14,6,2.333
1958,Jamie,11,32,0.344
1958,Carey,10,7,1.429
1958,Cory,10,5,2.0
1958,Robbin,8,6,1.333
1958,Jackie,6,63,0.095
1958,Julie,5,990,0.005
1958,Tracey,5,19,0.263
1959,David,2298,6,383.0
1959,Mark,1880,5,376.0
1959,James,1819,8,227.375
1959,John,1743,9,193.667
1959,Terry,338,96,3.521
1959,Chris,143,81,1.765
1959,Lee,108,29,3.724
1959,Kelly,50,168,0.298
1959,Robin,43,227,0.189
1959,Kerry,42,27,1.556
1959,Kim,42,436,0.096
1959,Shawn,37,24,1.542
1959,Jody,33,94,0.351
1959,Leslie,30,63,0.476
1959,Pat,28,29,0.966
1959,Tracy,25,70,0.357
1959,Jamie,23,35,0.657
1959,Dana,20,39,0.513
1959,Kris,19,35,0.543
1959,Jan,14,82,0.171
1959,Lynn,13,404,0.032
1959,Gale,8,18,0.444
1959,Jackie,8,60,0.133
1959,Linda,5,1121,0.004
1959,Mary,5,1773,0.003
1960,Michael,2148,6,358.0
1960,Mark,1936,6,322.667
1960,James,1739,6,289.833
1960,Steven,1338,5,267.6
1960,Timothy,1044,5,208.8
1960,Patrick,449,5,89.8
1960,Dale,402,5,80.4
1960,Terry,316,89,3.551
1960,Chris,155,77,2.013
1960,Lee,125,23,5.435
1960,Kelly,89,245,0.363
1960,Kerry,57,32,1.781
1960,Robin,48,228,0.211
1960,Shawn,41,18,2.278
1960,Tracy,40,140,0.286
1960,Jody,38,80,0.475
1960,Jamie,29,31,0.935
1960,Kim,29,487,0.06
1960,Pat,29,18,1.611
1960,Kyle,28,7,4.0
1960,Leslie,23,69,0.333
1960,Dana,21,51,0.412
1960,Kris,17,31,0.548
1960,Lynn,16,405,0.04
1960,Jan,15,74,0.203
1960,Carey,10,5,2.0
1960,Cory,8,7,1.143
1960,Jayme,7,7,1.0
1960,Susan,6,1351,0.004
1960,Dawn,5,455,0.011
1960,Gale,5,21,0.238
1960,Lori,5,1038,0.005
1960,Stacy,5,31,0.161
1961,Robert,1524,5,304.8
1961,Dale,356,7,50.857
1961,Terry,281,102,2.755
1961,Chris,181,66,2.742
1961,Lee,99,15,6.6
1961,Kelly,72,275,0.262
1961,Tracy,58,123,0.472
1961,Robin,48,259,0.185
1961,Kerry,43,54,0.796
1961,Shawn,41,26,1.577
1961,Pat,40,21,1.905
1961,Kim,35,429,0.082
1961,Jody,33,93,0.355
1961,Kris,31,40,0.775
1961,Leslie,30,71,0.423
1961,Dana,19,50,0.38
1961,Jamie,18,43,0.419
1961,Lynn,16,391,0.041
1961,Cory,14,8,1.75
1961,Jan,11,51,0.216
1961,Rene,10,30,0.333
1961,Carey,6,7,0.857
1961,Mary,6,1670,0.004
1962,Michael,2092,7,298.857
1962,John,1799,5,359.8
1962,Mark,1667,6,277.833
1962,Robert,1472,5,294.4
1962,Terry,252,79,3.19
1962,Chris,176,53,3.321
1962,Kelly,103,324,0.318
1962,Lee,97,23,4.217
1962,Tracy,60,158,0.38
1962,Robin,58,211,0.275
1962,Shawn,45,19,2.368
1962,Kerry,35,37,0.946
1962,Kim,27,492,0.055
1962,Pat,27,21,1.286
1962,Jamie,24,54,0.444
1962,Jody,23,98,0.235
1962,Dana,20,52,0.385
1962,Kris,20,34,0.588
1962,Jan,17,45,0.378
1962,Leslie,17,68,0.25
1962,Cory,16,9,1.778
1962,Shaun,9,6,1.5
1962,Lynn,8,393,0.02
1962,Tracey,8,56,0.143
1962,Jackie,6,77,0.078
1962,Jessie,6,7,0.857
1962,Rene,5,43,0.116
1962,Shannon,5,16,0.312
1962,Stacey,5,24,0.208
1963,Michael,2092,6,348.667
1963,David,1975,8,246.875
1963,John,1771,6,295.167
1963,Robert,1416,5,283.2
1963,Thomas,1182,6,197.0
1963,Daniel,1131,5,226.2
1963,Terry,267,70,3.814
1963,Chris,150,62,2.419
1963,Lee,83,21,3.952
1963,Kelly,75,338,0.222
1963,Shawn,74,33,2.242
1963,Robin,42,213,0.197
1963,Jamie,36,40,0.9
1963,Tracy,35,171,0.205
1963,Dana,26,66,0.394
1963,Jody,26,112,0.232
1963,Kerry,26,38,0.684
1963,Kim,25,433,0.058
1963,Kris,25,52,0.481
1963,Leslie,23,73,0.315
1963,Pat,21,7,3.0
1963,Lonnie,18,6,3.0
1963,Lynn,14,368,0.038
1963,Shannon,13,16,0.812
1963,Jan,10,41,0.244
1963,Stacy,8,57,0.14
1963,Stacey,7,38,0.184
1963,Angel,5,5,1.0
1963,Gale,5,8,0.625
1964,John,1896,11,172.364
1964,James,1627,6,271.167
1964,Mark,1395,8,174.375
1964,Terry,210,62,3.387
1964,Chris,128,44,2.909
1964,Lee,94,21,4.476
1964,Shawn,91,37,2.459
1964,Kelly,59,401,0.147
1964,Robin,45,209,0.215
1964,Tracy,45,203,0.222
1964,Jamie,40,48,0.833
1964,Kerry,27,38,0.711
1964,Leslie,22,78,0.282
1964,Cary,20,5,4.0
1964,Jody,20,87,0.23
1964,Kim,20,446,0.045
1964,Kris,20,58,0.345
1964,Dana,19,84,0.226
1964,Pat,17,8,2.125
1964,Shannon,10,34,0.294
1964,Lynn,6,341,0.018
1964,Tracey,6,51,0.118
1964,Lisa,5,1326,0.004
1964,Rene,5,22,0.227
1964,Stacy,5,76,0.066
1965,John,1506,5,301.2
1965,James,1445,6,240.833
1965,Robert,1260,5,252.0
1965,Daniel,1075,5,215.0
1965,Brian,931,6,155.167
1965,Paul,858,5,171.6
1965,Terry,188,31,6.065
1965,Chris,136,54,2.519
1965,Shawn,93,38,2.447
1965,Lee,89,23,3.87
1965,Kelly,67,405,0.165
1965,Tracy,50,240,0.208
1965,Jamie,39,59,0.661
1965,Kerry,39,34,1.147
1965,Jody,29,89,0.326
1965,Robin,26,163,0.16
1965,Kris,24,52,0.462
1965,Leslie,20,64,0.312
1965,Kim,15,501,0.03
1965,Shannon,15,41,0.366
1965,Pat,14,6,2.333
1965,Dana,13,68,0.191
1965,Jan,10,28,0.357
1965,Lisa,9,1441,0.006
1965,Tracey,8,62,0.129
1965,Lynn,7,264,0.027
1965,Mary,6,1065,0.006
1965,Rene,6,20,0.3
1965,Stacey,5,67,0.075
1965,Stacy,5,61,0.082
1966,Michael,1906,5,381.2
1966,David,1705,6,284.167
1966,John,1397,7,199.571
1966,Terry,169,37,4.568
1966,Joel,160,9,17.778
1966,Chris,141,26,5.423
1966,Shawn,130,44,2.955
1966,Lee,96,21,4.571
1966,Kelly,74,433,0.171
1966,Tracy,50,300,0.167
1966,Jamie,35,58,0.603
1966,Cary,34,6,5.667
1966,Jody,29,123,0.236
1966,Kerry,25,32,0.781
1966,Robin,24,137,0.175
1966,Shannon,22,38,0.579
1966,Kim,20,499,0.04
1966,Kris,16,53,0.302
1966,Leslie,13,60,0.217
1966,Dana,9,86,0.105
1966,Carey,8,5,1.6
1966,Noel,8,6,1.333
1966,Stacey,7,68,0.103
1966,Tracey,7,98,0.071
1966,Lynn,6,235,0.026
1966,Leigh,5,7,0.714
1966,Lisa,5,1407,0.004
1967,Michael,1926,5,385.2
1967,David,1528,9,169.778
1967,James,1204,5,240.8
1967,Dale,189,6,31.5
1967,Terry,159,24,6.625
1967,Shawn,141,46,3.065
1967,Lee,102,16,6.375
1967,Chris,88,22,4.0
1967,Kelly,85,442,0.192
1967,Jody,46,83,0.554
1967,Jamie,38,49,0.776
1967,Tracy,38,289,0.131
1967,Cary,25,6,4.167
1967,Robin,24,120,0.2
1967,Leslie,19,62,0.306
1967,Shannon,19,41,0.463
1967,Stacy,18,97,0.186
1967,Kerry,16,38,0.421
1967,Dana,15,57,0.263
1967,Kim,15,379,0.04
1967,Stacey,15,81,0.185
1967,Kris,13,54,0.241
1967,Carey,10,9,1.111
1967,Lynn,9,247,0.036
1967,Tracey,9,77,0.117
1967,Jackie,5,49,0.102
1968,Michael,1858,10,185.8
1968,John,1222,8,152.75
1968,Daniel,932,6,155.333
1968,Kevin,628,5,125.6
1968,Terry,178,16,11.125
1968,Shawn,172,41,4.195
1968,Chris,88,29,3.034
1968,Lee,85,8,10.625
1968,Kelly,81,532,0.152
1968,Jody,63,100,0.63
1968,Tracy,58,310,0.187
1968,Jamie,50,55,0.909
1968,Shannon,40,95,0.421
1968,Cory,35,7,5.0
1968,Kerry,23,74,0.311
1968,Robin,19,128,0.148
1968,Stacy,19,125,0.152
1968,Leslie,18,83,0.217
1968,Dana,15,88,0.17
1968,Kim,14,335,0.042
1968,Michelle,11,905,0.012
1968,Stacey,11,93,0.118
1968,Kris,8,27,0.296
1968,Jessie,7,6,1.167
1968,Lynn,7,219,0.032
1968,Erin,6,44,0.136
1968,Lisa,5,1299,0.004
1968,Tracey,5,94,0.053
1969,Michael,1913,8,239.125
1969,Scott,1139,7,162.714
1969,James,1063,5,212.6
1969,John,1047,8,130.875
1969,Mark,973,7,139.0
1969,Richard,616,7,88.0
1969,Dale,155,7,22.143
1969,Shawn,151,62,2.435
1969,Terry,133,25,5.32
1969,Cory,109,8,13.625
1969,Chris,91,26,3.5
1969,Lee,73,21,3.476
1969,Kelly,61,490,0.124
1969,Jody,51,88,0.58
1969,Jamie,49,58,0.845
1969,Shannon,49,143,0.343
1969,Tracy,36,442,0.081
1969,Joey,21,6,3.5
1969,Stacey,18,129,0.14
1969,Stacy,17,134,0.127
1969,Kerry,16,68,0.235
1969,Kris,16,37,0.432
1969,Leslie,16,88,0.182
1969,Dana,15,87,0.172
1969,Robin,12,121,0.099
1969,Lynn,10,185,0.054
1969,Kim,9,288,0.031
1969,Noel,7,6,1.167
1969,Angel,5,9,0.556
1969,Jan,5,15,0.333
1969,Lisa,5,1178,0.004
1969,Rene,5,11,0.455
1969,Tracey,5,107,0.047
1970,Michael,1825,6,304.167
1970,Brian,1009,6,168.167
1970,Steven,851,5,170.2
1970,Shawn,229,58,3.948
1970,Terry,128,11,11.636
1970,Cory,109,5,21.8
1970,Jamie,107,69,1.551
1970,Chris,92,22,4.182
1970,Lee,78,11,7.091
1970,Kelly,65,438,0.148
1970,Jody,53,113,0.469
1970,Shannon,51,228,0.224
1970,Tracy,33,578,0.057
1970,Kris,22,35,0.629
1970,Robin,21,123,0.171
1970,Kerry,17,64,0.266
1970,Stacy,15,199,0.075
1970,Leslie,14,63,0.222
1970,Cary,11,5,2.2
1970,Kim,10,249,0.04
1970,Tracey,9,121,0.074
1970,Dana,7,113,0.062
1970,Jan,6,15,0.4
1970,Lynn,6,167,0.036
1970,Erin,5,89,0.056
1970,Susan,5,459,0.011
1971,Michael,1589,6,264.833
1971,James,965,7,137.857
1971,Jeffrey,819,6,136.5
1971,Shawn,284,43,6.605
1971,Cory,124,7,17.714
1971,Jamie,124,69,1.797
1971,Terry,123,15,8.2
1971,Chris,82,8,10.25
1971,Lee,71,9,7.889
1971,Shannon,63,194,0.325
1971,Kelly,62,393,0.158
1971,Karl,51,6,8.5
1971,Jody,46,89,0.517
1971,Tracy,39,478,0.082
1971,Joey,19,6,3.167
1971,Cary,14,5,2.8
1971,Kim,14,194,0.072
1971,Kris,14,27,0.519
1971,Leslie,14,59,0.237
1971,Kerry,13,83,0.157
1971,Stacy,13,224,0.058
1971,Dana,12,124,0.097
1971,Robin,12,101,0.119
1971,Erin,8,85,0.094
1971,Noel,8,12,0.667
1971,Lynn,6,151,0.04
1971,Michelle,6,877,0.007
1971,Jan,5,11,0.455
1971,Jennifer,5,1608,0.003
1971,Jessie,5,16,0.312
1972,Jason,994,7,142.0
1972,Robert,737,5,147.4
1972,Daniel,714,5,142.8
1972,Shawn,241,38,6.342
1972,Jamie,129,52,2.481
1972,Cory,104,6,17.333
1972,Terry,80,14,5.714
1972,Lee,69,5,13.8
1972,Shannon,64,176,0.364
1972,Chris,61,10,6.1
1972,Kelly,53,309,0.172
1972,Tracy,39,384,0.102
1972,Jody,37,85,0.435
1972,Joey,24,6,4.0
1972,Dana,16,90,0.178
1972,Kerry,15,39,0.385
1972,Robin,15,69,0.217
1972,Kris,12,23,0.522
1972,Jessie,9,8,1.125
1972,Stacy,8,222,0.036
1972,Kim,6,167,0.036
1972,Stacey,6,126,0.048
1972,Tracey,6,72,0.083
1972,Carey,5,13,0.385
1972,Michelle,5,777,0.006
1973,Michael,1392,8,174.0
1973,Daniel,746,5,149.2
1973,Timothy,437,5,87.4
1973,Joseph,395,5,79.0
1973,Shawn,263,43,6.116
1973,Jamie,162,78,2.077
1973,Cory,116,6,19.333
1973,Corey,106,5,21.2
1973,Terry,96,16,6.0
1973,Lee,57,5,11.4
1973,Shannon,56,205,0.273
1973,Tracy,47,369,0.127
1973,Chris,46,9,5.111
1973,Kelly,45,308,0.146
1973,Casey,26,5,5.2
1973,Jody,24,94,0.255
1973,Dana,20,92,0.217
1973,Kerry,17,38,0.447
1973,Jessie,14,11,1.273
1973,Kris,11,16,0.688
1973,Robin,10,76,0.132
1973,Cary,9,6,1.5
1973,Jaime,9,5,1.8
1973,Stacy,9,224,0.04
1973,Kim,8,137,0.058
1973,Tracey,8,57,0.14
1973,Erin,7,88,0.08
1973,Leslie,7,43,0.163
1973,Carey,5,22,0.227
1973,Kenya,5,7,0.714
1973,Nicole,5,511,0.01
1974,Jason,1626,7,232.286
1974,Michael,1346,6,224.333
1974,David,793,6,132.167
1974,Chad,647,5,129.4
1974,Ryan,537,5,107.4
1974,Timothy,475,6,79.167
1974,Jeremy,455,5,91.0
1974,Shawn,256,38,6.737
1974,Jamie,155,80,1.938
1974,Cory,106,10,10.6
1974,Terry,77,10,7.7
1974,Shannon,58,219,0.265
1974,Casey,50,7,7.143
1974,Kelly,43,334,0.129
1974,Tracy,30,293,0.102
1974,Kerry,19,59,0.322
1974,Jody,18,78,0.231
1974,Dana,16,108,0.148
1974,Kris,15,6,2.5
1974,Joey,14,8,1.75
1974,Stacy,13,212,0.061
1974,Erin,11,172,0.064
1974,Robin,9,99,0.091
1974,Kim,7,141,0.05
1974,Ashley,6,9,0.667
1974,Corrie,6,8,0.75
1974,Courtney,6,45,0.133
1974,Jessie,6,16,0.375
1974,Bobbie,5,27,0.185
1974,Leslie,5,45,0.111
1975,Jason,1570,6,261.667
1975,Michael,1371,9,152.333
1975,David,753,6,125.5
1975,Shawn,280,26,10.769
1975,Richard,279,5,55.8
1975,Jesse,195,6,32.5
1975,Jamie,176,109,1.615
1975,Cory,128,15,8.533
1975,Corey,120,9,13.333
1975,Kyle,86,5,17.2
1975,Terry,79,9,8.778
1975,Shannon,59,182,0.324
1975,Casey,54,8,6.75
1975,Chris,40,7,5.714
1975,Kelly,33,377,0.088
1975,Jody,21,64,0.328
1975,Noel,14,6,2.333
1975,Tracy,13,279,0.047
1975,Kerry,12,48,0.25
1975,Dana,11,99,0.111
1975,Erin,11,214,0.051
1975,Stacy,11,247,0.045
1975,Jaime,10,32,0.312
1975,Robin,9,80,0.112
1975,Stacey,9,106,0.085
1975,Jessie,8,14,0.571
1975,Cary,7,10,0.7
1975,Jayme,7,5,1.4
1975,Leslie,7,46,0.152
1975,Brook,6,9,0.667
1975,Carey,6,18,0.333
1975,Kim,6,102,0.059
1975,Kris,6,9,0.667
1975,Lynn,6,71,0.085
1975,Rene,6,6,1.0
1975,Angel,5,18,0.278
1975,Courtney,5,51,0.098
1975,Michelle,5,609,0.008
1976,Jason,1510,9,167.778
1976,Michael,1298,5,259.6
1976,Ryan,707,5,141.4
1976,Andrew,533,6,88.833
1976,Steven,446,5,89.2
1976,Adam,371,5,74.2
1976,Shawn,239,25,9.56
1976,Jesse,220,5,44.0
1976,Cory,157,11,14.273
1976,Jamie,153,385,0.397
1976,Shannon,98,327,0.3
1976,Casey,57,6,9.5
1976,Lee,57,11,5.182
1976,Terry,53,11,4.818
1976,Kelly,35,362,0.097
1976,Chris,22,6,3.667
1976,Joey,19,9,2.111
1976,Robin,15,72,0.208
1976,Jody,13,96,0.135
1976,Dana,12,100,0.12
1976,Tracy,12,230,0.052
1976,Jessie,11,19,0.579
1976,Jaime,10,216,0.046
1976,Stacy,9,206,0.044
1976,Erin,8,279,0.029
1976,Leslie,8,61,0.131
1976,Noel,8,6,1.333
1976,Ashley,7,6,1.167
1976,Carey,6,14,0.429
1976,Jayme,6,11,0.545
1976,Lynn,6,59,0.102
1976,Rene,6,6,1.0
1976,Angel,5,17,0.294
1976,Courtney,5,91,0.055
1976,Kerry,5,38,0.132
1976,Stacey,5,103,0.049
1976,Tory,5,8,0.625
1977,Jason,1460,7,208.571
1977,Michael,1422,8,177.75
1977,Ryan,845,7,120.714
1977,David,766,5,153.2
1977,Robert,584,5,116.8
1977,William,366,6,61.0
1977,Paul,326,5,65.2
1977,Shawn,250,22,11.364
1977,Jesse,238,6,39.667
1977,Corey,169,17,9.941
1977,Jamie,119,376,0.316
1977,Casey,68,7,9.714
1977,Shannon,62,291,0.213
1977,Lee,52,7,7.429
1977,Kelly,48,586,0.082
1977,Jody,22,74,0.297
1977,Chris,19,6,3.167
1977,Jessie,12,19,0.632
1977,Courtney,11,65,0.169
1977,Robin,11,81,0.136
1977,Dana,10,99,0.101
1977,Jaime,9,152,0.059
1977,Tracy,9,225,0.04
1977,Devon,8,8,1.0
1977,Tory,8,7,1.143
1977,Angel,6,16,0.375
1977,Kerry,6,38,0.158
1977,Kris,6,5,1.2
1977,Jayme,5,10,0.5
1977,Jennifer,5,1571,0.003
1978,Ryan,837,12,69.75
1978,James,584,5,116.8
1978,Eric,555,5,111.0
1978,Anthony,326,5,65.2
1978,Shawn,230,20,11.5
1978,Jesse,207,5,41.4
1978,Cory,173,13,13.308
1978,Corey,127,9,14.111
1978,Jamie,107,314,0.341
1978,Casey,74,25,2.96
1978,Lee,69,7,9.857
1978,Terry,65,6,10.833
1978,Shannon,37,218,0.17
1978,Kelly,29,568,0.051
1978,Cody,24,5,4.8
1978,Jordan,24,5,4.8
1978,Jessie,17,27,0.63
1978,Chris,16,5,3.2
1978,Devin,16,13,1.231
1978,Robin,13,63,0.206
1978,Dana,11,80,0.138
1978,Jaime,11,95,0.116
1978,Jody,10,46,0.217
1978,Kerry,10,36,0.278
1978,Morgan,10,5,2.0
1978,Erin,9,378,0.024
1978,Kris,8,7,1.143
1978,Jayme,7,10,0.7
1978,Angel,6,15,0.4
1978,Courtney,5,77,0.065
1978,Leslie,5,47,0.106
1978,Sarah,5,763,0.007
1978,Stacy,5,211,0.024
1979,Michael,1523,8,190.375
1979,Jason,1265,6,210.833
1979,Ryan,948,8,118.5
1979,Christopher,916,5,183.2
1979,Andrew,792,9,88.0
1979,Brian,724,6,120.667
1979,Jeremy,584,6,97.333
1979,Steven,433,5,86.6
1979,Jesse,269,9,29.889
1979,Shawn,215,10,21.5
1979,Kyle,163,5,32.6
1979,Cory,154,13,11.846
1979,Jamie,108,382,0.283
1979,Corey,102,5,20.4
1979,Casey,83,50,1.66
1979,Lee,60,8,7.5
1979,Shannon,40,243,0.165
1979,Kelly,32,495,0.065
1979,Cody,22,7,3.143
1979,Dana,16,115,0.139
1979,Jaime,15,56,0.268
1979,Jody,14,54,0.259
1979,Jessie,13,28,0.464
1979,Courtney,11,98,0.112
1979,Ashley,10,15,0.667
1979,Robin,9,74,0.122
1979,Kasey,8,10,0.8
1979,Tracy,8,197,0.041
1979,Kerry,7,33,0.212
1979,Morgan,6,8,0.75
1979,Devon,5,14,0.357
1979,Erin,5,386,0.013
1979,Stacy,5,191,0.026
1980,Michael,1436,5,287.2
1980,Ryan,937,15,62.467
1980,Justin,673,5,134.6
1980,Timothy,524,5,104.8
1980,Jesse,333,14,23.786
1980,Shawn,212,8,26.5
1980,Kyle,201,5,40.2
1980,Cory,129,5,25.8
1980,Corey,119,6,19.833
1980,Jamie,103,330,0.312
1980,Casey,86,58,1.483
1980,Lee,68,15,4.533
1980,Terry,39,5,7.8
1980,Shannon,31,213,0.146
1980,Kelly,26,425,0.061
1980,Jessie,18,26,0.692
1980,Quinn,15,6,2.5
1980,Robin,12,59,0.203
1980,Tracy,10,174,0.057
1980,Kasey,9,8,1.125
1980,Morgan,8,24,0.333
1980,Noel,8,7,1.143
1980,Dana,7,142,0.049
1980,Jaime,7,57,0.123
1980,Courtney,6,92,0.065
1980,Jayme,6,19,0.316
1980,Leslie,6,61,0.098
1980,Angel,5,22,0.227
1980,Devon,5,13,0.385
1980,Erin,5,415,0.012
1980,Jody,5,45,0.111
1980,Kendall,5,7,0.714
1980,Michelle,5,479,0.01
1981,Michael,1429,6,238.167
1981,Joshua,1013,5,202.6
1981,Jason,970,6,161.667
1981,Ryan,964,6,160.667
1981,Jeremy,530,5,106.0
1981,Jesse,358,13,27.538
1981,Shawn,160,6,26.667
1981,Cory,147,13,11.308
1981,Corey,99,9,11.0
1981,Casey,98,54,1.815
1981,Jordan,90,14,6.429
1981,Jamie,73,305,0.239
1981,Lee,69,8,8.625
1981,Terry,37,5,7.4
1981,Jessie,25,42,0.595
1981,Shannon,23,201,0.114
1981,Kelly,20,437,0.046
1981,Robin,19,61,0.311
1981,Joey,15,5,3.0
1981,Ashley,13,83,0.157
1981,Jaime,13,52,0.25
1981,Morgan,12,26,0.462
1981,Dana,10,123,0.081
1981,Kasey,10,11,0.909
1981,Kerry,9,25,0.36
1981,Courtney,8,121,0.066
1981,Cassidy,7,5,1.4
1981,Devon,6,8,0.75
1981,Jody,5,38,0.132
1981,Tracy,5,144,0.035
1982,Michael,1429,8,178.625
1982,Matthew,1304,8,163.0
1982,Joshua,993,7,141.857
1982,Christopher,967,6,161.167
1982,Jason,928,6,154.667
1982,Ryan,914,8,114.25
1982,Andrew,888,6,148.0
1982,Timothy,453,5,90.6
1982,Jesse,320,6,53.333
1982,Shawn,140,5,28.0
1982,Cory,125,5,25.0
1982,Casey,122,48,2.542
1982,Jamie,72,321,0.224
1982,Cody,46,7,6.571
1982,Kelly,29,368,0.079
1982,Jessie,27,31,0.871
1982,Taylor,21,7,3.0
1982,Bobby,18,5,3.6
1982,Shannon,17,193,0.088
1982,Morgan,13,37,0.351
1982,Robin,13,54,0.241
1982,Alexis,11,48,0.229
1982,Quinn,11,14,0.786
1982,Ashley,10,173,0.058
1982,Dana,9,140,0.064
1982,Courtney,8,143,0.056
1982,Jaime,8,41,0.195
1982,Jody,7,26,0.269
1982,Kasey,7,15,0.467
1982,Angel,5,29,0.172
1982,Ariel,5,11,0.455
1982,Devon,5,6,0.833
1982,Leslie,5,67,0.075
1982,Lindsay,5,192,0.026
1983,Matthew,1367,5,273.4
1983,Michael,1337,12,111.417
1983,Ryan,900,6,150.0
1983,Joseph,771,6,128.5
1983,Kyle,460,8,57.5
1983,Nathan,392,5,78.4
1983,Jesse,249,6,41.5
1983,Jordan,104,7,14.857
1983,Casey,99,43,2.302
1983,Corey,86,7,12.286
1983,Jamie,49,351,0.14
1983,Terry,30,5,6.0
1983,Jessie,19,26,0.731
1983,Adrian,17,8,2.125
1983,Kelly,16,353,0.045
1983,Shannon,16,182,0.088
1983,Bobby,15,5,3.0
1983,Taylor,15,6,2.5
1983,Robin,14,49,0.286
1983,Devon,13,7,1.857
1983,Dana,9,108,0.083
1983,Morgan,9,29,0.31
1983,Noel,9,9,1.0
1983,Courtney,8,139,0.058
1983,Jaime,8,30,0.267
1983,Ashley,7,572,0.012
1983,Dominique,5,6,0.833
1983,Erin,5,453,0.011
1983,Kasey,5,13,0.385
1983,Kendall,5,8,0.625
1983,Leslie,5,45,0.111
1984,Matthew,1252,8,156.5
1984,Ryan,936,8,117.0
1984,Christopher,907,7,129.571
1984,Daniel,866,6,144.333
1984,Nicholas,708,7,101.143
1984,Kyle,424,5,84.8
1984,Jesse,231,7,33.0
1984,Jordan,129,9,14.333
1984,Shawn,125,6,20.833
1984,Cory,116,8,14.5
1984,Cody,110,8,13.75
1984,Corey,110,5,22.0
1984,Casey,108,50,2.16
1984,Jamie,60,281,0.214
1984,Devin,36,5,7.2
1984,Terry,32,9,3.556
1984,Kelly,28,370,0.076
1984,Robin,20,28,0.714
1984,Taylor,19,16,1.188
1984,Jessie,15,21,0.714
1984,Shannon,11,172,0.064
1984,Dominique,9,10,0.9
1984,Jaime,9,33,0.273
1984,Ashley,8,787,0.01
1984,Erin,7,331,0.021
1984,Kendall,7,10,0.7
1984,Morgan,7,47,0.149
1984,Angel,6,29,0.207
1984,Devon,6,5,1.2
1984,Kerry,6,16,0.375
1984,Courtney,5,131,0.038
1984,Dana,5,130,0.038
1985,Michael,1266,7,180.857
1985,Ryan,921,6,153.5
1985,Nicholas,726,6,121.0
1985,James,575,5,115.0
1985,Kyle,570,6,95.0
1985,Benjamin,476,6,79.333
1985,Anthony,461,6,76.833
1985,Tyler,413,5,82.6
1985,Dustin,329,5,65.8
1985,Jesse,206,7,29.429
1985,Jordan,172,12,14.333
1985,Shawn,150,8,18.75
1985,Cory,137,8,17.125
1985,Casey,125,57,2.193
1985,Corey,113,6,18.833
1985,Jamie,62,296,0.209
1985,Lee,55,5,11.0
1985,Adrian,34,6,5.667
1985,Tristan,34,6,5.667
1985,Taylor,33,11,3.0
1985,Christian,22,5,4.4
1985,Kelly,19,298,0.064
1985,Shannon,17,166,0.102
1985,Devon,16,5,3.2
1985,Jessie,16,23,0.696
1985,Morgan,14,36,0.389
1985,Angel,11,28,0.393
1985,Dana,11,109,0.101
1985,Ashley,8,999,0.008
1985,Courtney,8,128,0.062
1985,Kasey,8,15,0.533
1985,Jaime,7,47,0.149
1985,Noel,7,8,0.875
1985,Dominique,6,36,0.167
1985,Robin,6,37,0.162
1985,Kerry,5,13,0.385
1986,Michael,1208,11,109.818
1986,Matthew,1126,8,140.75
1986,Andrew,1001,6,166.833
1986,Ryan,866,5,173.2
1986,Joshua,852,8,106.5
1986,Brandon,589,8,73.625
1986,Justin,581,6,96.833
1986,Tyler,477,5,95.4
1986,Brian,449,5,89.8
1986,Thomas,381,5,76.2
1986,Aaron,298,5,59.6
1986,Dustin,273,5,54.6
1986,Jordan,246,28,8.786
1986,Jesse,210,8,26.25
1986,Cody,149,5,29.8
1986,Cory,125,7,17.857
1986,Casey,107,72,1.486
1986,Corey,92,9,10.222
1986,Drew,55,6,9.167
1986,Devin,53,6,8.833
1986,Christian,42,6,7.0
1986,Jamie,39,238,0.164
1986,Taylor,37,13,2.846
1986,Tristan,17,5,3.4
1986,Shannon,16,158,0.101
1986,Devon,15,7,2.143
1986,Dominique,13,28,0.464
1986,Kelly,13,298,0.044
1986,Jaime,10,23,0.435
1986,Jessie,10,27,0.37
1986,Kasey,10,26,0.385
1986,Kendall,9,11,0.818
1986,Angel,8,21,0.381
1986,Tracy,8,83,0.096
1986,Ashley,7,1029,0.007
1986,Dana,6,91,0.066
1986,Erin,6,271,0.022
1986,Kerry,6,16,0.375
1986,Mackenzie,6,18,0.333
1986,Morgan,6,31,0.194
1986,Robin,6,29,0.207
1986,Heather,5,443,0.011
1986,Kelsey,5,73,0.068
1987,Michael,1194,5,238.8
1987,Ryan,811,7,115.857
1987,Christopher,719,5,143.8
1987,Justin,669,6,111.5
1987,Adam,615,5,123.0
1987,Benjamin,562,6,93.667
1987,Brandon,469,7,67.0
1987,Jordan,254,19,13.368
1987,Cody,249,5,49.8
1987,Jesse,197,7,28.143
1987,Corey,107,10,10.7
1987,Casey,92,77,1.195
1987,Devin,50,7,7.143
1987,Taylor,41,31,1.323
1987,Jamie,40,231,0.173
1987,Dominique,20,30,0.667
1987,Jessie,14,26,0.538
1987,Kelly,14,273,0.051
1987,Kasey,13,22,0.591
1987,Mackenzie,13,26,0.5
1987,Shannon,13,142,0.092
1987,Angel,11,16,0.688
1987,Morgan,11,56,0.196
1987,Robin,8,32,0.25
1987,Tracy,8,58,0.138
1987,Kerry,6,5,1.2
1987,Paris,6,7,0.857
1987,Noel,5,5,1.0
1988,Michael,1113,10,111.3
1988,Matthew,1043,9,115.889
1988,Andrew,1016,7,145.143
1988,Joshua,872,5,174.4
1988,Justin,783,7,111.857
1988,Ryan,732,5,146.4
1988,Daniel,720,6,120.0
1988,Christopher,704,7,100.571
1988,Kyle,683,5,136.6
1988,Jacob,634,7,90.571
1988,Tyler,478,5,95.6
1988,Zachary,372,5,74.4
1988,Cody,326,5,65.2
1988,Jordan,231,26,8.885
1988,Alex,223,8,27.875
1988,Jesse,192,9,21.333
1988,Cory,132,5,26.4
1988,Shawn,127,5,25.4
1988,Casey,98,52,1.885
1988,Taylor,69,35,1.971
1988,Jamie,42,185,0.227
1988,Devon,29,5,5.8
1988,Adrian,25,6,4.167
1988,Dominique,25,27,0.926
1988,Kelly,17,240,0.071
1988,Shannon,12,111,0.108
1988,Mackenzie,10,22,0.455
1988,Morgan,10,53,0.189
1988,Jessie,9,24,0.375
1988,Robin,9,34,0.265
1988,Jaime,8,17,0.471
1988,Kasey,8,13,0.615
1988,Kendall,7,8,0.875
1988,Angel,6,22,0.273
1988,Courtney,6,220,0.027
1988,Erin,6,204,0.029
1988,Ashton,5,7,0.714
1988,Codi,5,5,1.0
1988,Rachel,5,338,0.015
1989,Ryan,768,8,96.0
1989,Jordan,317,58,5.466
1989,Cody,313,6,52.167
1989,Alex,232,8,29.0
1989,Jesse,217,11,19.727
1989,Casey,112,55,2.036
1989,Taylor,103,57,1.807
1989,Unnamed,79,79,1.0
1989,Lee,42,5,8.4
1989,Jamie,40,163,0.245
1989,Devon,31,5,6.2
1989,Dominique,28,22,1.273
1989,Kelly,18,237,0.076
1989,Gabriel,17,5,3.4
1989,Mackenzie,14,27,0.519
1989,Jessie,12,26,0.462
1989,Angel,11,20,0.55
1989,Jaime,10,17,0.588
1989,Kendall,9,12,0.75
1989,Morgan,9,74,0.122
1989,Robin,8,23,0.348
1989,Shannon,7,102,0.069
1989,Leslie,5,33,0.152
1990,Jordan,465,109,4.266
1990,Jesse,204,10,20.4
1990,Taylor,176,141,1.248
1990,Casey,124,53,2.34
1990,Corey,118,6,19.667
1990,Devin,63,19,3.316
1990,Dominique,40,21,1.905
1990,Lee,38,6,6.333
1990,Devon,36,12,3.0
1990,Jamie,32,150,0.213
1990,Dakota,28,7,4.0
1990,Jessie,22,20,1.1
1990,Gabriel,18,6,3.0
1990,Kelly,13,198,0.066
1990,Angel,12,21,0.571
1990,Kasey,12,25,0.48
1990,Skylar,12,7,1.714
1990,Devan,10,9,1.111
1990,Kendall,10,8,1.25
1990,Mackenzie,10,31,0.323
1990,Jaime,9,17,0.529
1990,Morgan,9,107,0.084
1990,Robin,7,17,0.412
1990,Avery,6,5,1.2
1990,Jade,6,37,0.162
1990,Shannon,6,86,0.07
1990,Aubrey,5,19,0.263
1990,Courtney,5,288,0.017
1990,Kerry,5,7,0.714
1991,Tyler,799,7,114.143
1991,Jordan,438,98,4.469
1991,Alex,220,6,36.667
1991,Taylor,186,220,0.845
1991,Jesse,184,5,36.8
1991,Casey,135,58,2.328
1991,Corey,109,5,21.8
1991,Devin,96,17,5.647
1991,Christian,86,6,14.333
1991,Dakota,60,15,4.0
1991,Dominique,54,19,2.842
1991,Devon,47,9,5.222
1991,Lee,32,5,6.4
1991,Riley,29,6,4.833
1991,Jamie,28,159,0.176
1991,Jessie,18,19,0.947
1991,Devan,16,10,1.6
1991,Mackenzie,15,52,0.288
1991,Skyler,15,5,3.0
1991,Kasey,13,29,0.448
1991,Morgan,13,145,0.09
1991,Shannon,12,103,0.117
1991,Kendall,11,11,1.0
1991,Angel,10,25,0.4
1991,Blair,9,6,1.5
1991,Codi,9,6,1.5
1991,Jayme,8,5,1.6
1991,Tracy,8,23,0.348
1991,Ashton,7,5,1.4
1991,Kelly,7,191,0.037
1991,Avery,6,5,1.2
1991,Kelsey,6,279,0.022
1991,Ali,5,11,0.455
1991,Cassidy,5,14,0.357
1991,Courtney,5,257,0.019
1991,Dana,5,79,0.063
1991,Jade,5,28,0.179
1991,Paris,5,7,0.714
1991,Shelby,5,113,0.044
1991,Tayler,5,9,0.556
1992,Tyler,793,10,79.3
1992,Cody,546,5,109.2
1992,Jordan,364,84,4.333
1992,Taylor,198,272,0.728
1992,Jesse,176,6,29.333
1992,Logan,128,6,21.333
1992,Casey,121,53,2.283
1992,Devin,87,16,5.438
1992,Dakota,73,11,6.636
1992,Devon,56,10,5.6
1992,Riley,38,16,2.375
1992,Dominique,33,30,1.1
1992,Jamie,31,94,0.33
1992,Lee,26,7,3.714
1992,Quinn,23,8,2.875
1992,Angel,20,12,1.667
1992,Dallas,20,5,4.0
1992,Mackenzie,17,91,0.187
1992,Harley,16,8,2.0
1992,Devan,14,7,2.0
1992,Kasey,12,22,0.545
1992,Kendall,12,10,1.2
1992,Jessie,11,17,0.647
1992,Kelly,11,155,0.071
1992,Morgan,11,151,0.073
1992,Cassidy,10,15,0.667
1992,Darian,9,7,1.286
1992,Robin,9,13,0.692
1992,Avery,8,17,0.471
1992,Blair,8,5,1.6
1992,Chandler,7,5,1.4
1992,Paris,7,8,0.875
1992,Shannon,7,101,0.069
1992,Skylar,7,12,0.583
1992,Ali,6,8,0.75
1992,Ashton,6,7,0.857
1992,Jaime,6,17,0.353
1992,Sidney,6,5,1.2
1992,Tayler,6,9,0.667
1992,Payton,5,5,1.0
1993,Tyler,761,8,95.125
1993,Jordan,352,104,3.385
1993,Alex,265,13,20.385
1993,Logan,160,10,16.0
1993,Taylor,159,415,0.383
1993,Connor,129,6,21.5
1993,Devin,118,7,16.857
1993,Dakota,100,12,8.333
1993,Casey,85,31,2.742
1993,Devon,64,9,7.111
1993,Hunter,63,6,10.5
1993,Riley,51,11,4.636
1993,Jamie,33,97,0.34
1993,Dallas,25,9,2.778
1993,Dominique,22,27,0.815
1993,Quinn,20,7,2.857
1993,Skyler,20,8,2.5
1993,Angel,18,18,1.0
1993,Mackenzie,18,91,0.198
1993,Devan,17,7,2.429
1993,Skylar,17,9,1.889
1993,Kendall,14,23,0.609
1993,Darian,13,10,1.3
1993,Kasey,13,21,0.619
1993,Jessie,12,15,0.8
1993,Shannon,11,112,0.098
1993,Carson,10,8,1.25
1993,Kelly,9,133,0.068
1993,Morgan,8,194,0.041
1993,Alexis,7,161,0.043
1993,Kelsey,7,242,0.029
1993,Noel,7,5,1.4
1993,Tayler,7,25,0.28
1993,Ashton,6,6,1.0
1993,Chandler,6,5,1.2
1993,Jaime,6,13,0.462
1993,Payton,6,11,0.545
1993,Jayme,5,6,0.833
1994,Tyler,749,5,149.8
1994,Jordan,348,108,3.222
1994,Dylan,309,5,61.8
1994,Alex,226,6,37.667
1994,Logan,189,9,21.0
1994,Taylor,184,435,0.423
1994,Dakota,132,22,6.0
1994,Hunter,127,8,15.875
1994,Devin,114,9,12.667
1994,Casey,98,52,1.885
1994,Corey,76,7,10.857
1994,Riley,71,15,4.733
1994,Devon,70,11,6.364
1994,Gabriel,56,5,11.2
1994,Avery,30,9,3.333
1994,Quinn,27,5,5.4
1994,Skyler,25,5,5.0
1994,Jamie,23,78,0.295
1994,Mackenzie,23,88,0.261
1994,Harley,22,16,1.375
1994,Dominique,19,26,0.731
1994,Angel,17,23,0.739
1994,Morgan,15,250,0.06
1994,Alexis,13,198,0.066
1994,Kasey,12,26,0.462
1994,Jessie,11,19,0.579
1994,Kendall,11,20,0.55
1994,Payton,11,15,0.733
1994,Darian,10,11,0.909
1994,Robin,10,17,0.588
1994,De,9,6,1.5
1994,Jaime,9,12,0.75
1994,Kelly,9,103,0.087
1994,Tayler,9,21,0.429
1994,Ashton,6,5,1.2
1994,Kelsey,6,206,0.029
1994,Peyton,6,5,1.2
1994,Skylar,6,15,0.4
1994,Ali,5,15,0.333
1994,Courtney,5,215,0.023
1994,Shannon,5,96,0.052
1995,Tyler,725,7,103.571
1995,Jordan,329,114,2.886
1995,Alex,241,6,40.167
1995,Logan,217,8,27.125
1995,Dakota,172,15,11.467
1995,Hunter,164,8,20.5
1995,Devin,144,6,24.0
1995,Taylor,123,359,0.343
1995,Riley,89,20,4.45
1995,Devon,81,11,7.364
1995,Drew,62,5,12.4
1995,Casey,59,47,1.255
1995,Tristan,43,8,5.375
1995,Chandler,36,7,5.143
1995,Avery,30,11,2.727
1995,Morgan,27,267,0.101
1995,Dallas,26,7,3.714
1995,Bailey,21,79,0.266
1995,Dominique,20,28,0.714
1995,Jamie,19,74,0.257
1995,Mackenzie,18,110,0.164
1995,Devan,17,5,3.4
1995,Angel,13,22,0.591
1995,Jordon,13,5,2.6
1995,Payton,11,22,0.5
1995,Skylar,11,13,0.846
1995,Harley,10,9,1.111
1995,Jaime,10,15,0.667
1995,Justice,9,19,0.474
1995,Kelly,9,103,0.087
1995,Kendall,8,18,0.444
1995,Alexis,7,237,0.03
1995,Ali,7,9,0.778
1995,Darian,7,7,1.0
1995,Jessie,7,19,0.368
1995,Tristen,7,7,1.0
1995,Kasey,6,24,0.25
1995,Kennedy,6,26,0.231
1995,Shannon,6,83,0.072
1995,Courtney,5,271,0.018
1995,Jade,5,35,0.143
1995,Peyton,5,8,0.625
1995,Tayler,5,13,0.385
1996,Tyler,601,7,85.857
1996,Jordan,353,122,2.893
1996,Alex,229,6,38.167
1996,Hunter,190,10,19.0
1996,Christian,158,6,26.333
1996,Bryce,155,5,31.0
1996,Dakota,148,25,5.92
1996,Taylor,126,391,0.322
1996,Devin,118,8,14.75
1996,Jesse,113,8,14.125
1996,Riley,104,23,4.522
1996,Chase,80,6,13.333
1996,Casey,78,46,1.696
1996,Drew,67,8,8.375
1996,Devon,61,8,7.625
1996,Bailey,40,102,0.392
1996,Keegan,33,5,6.6
1996,Skyler,28,9,3.111
1996,Avery,27,6,4.5
1996,Dallas,27,7,3.857
1996,Angel,26,25,1.04
1996,Quinn,23,5,4.6
1996,Morgan,19,284,0.067
1996,Dominique,18,19,0.947
1996,Payton,18,26,0.692
1996,Justice,17,15,1.133
1996,Skylar,17,14,1.214
1996,Jamie,12,70,0.171
1996,Mackenzie,11,147,0.075
1996,Alexis,10,269,0.037
1996,Peyton,10,15,0.667
1996,Ashton,9,6,1.5
1996,Jaden,9,6,1.5
1996,Kasey,9,14,0.643
1996,Kendall,9,14,0.643
1996,Jessie,7,18,0.389
1996,Sage,7,6,1.167
1996,Shannon,7,78,0.09
1996,Jade,6,42,0.143
1996,Jaime,6,7,0.857
1996,Montana,6,8,0.75
1996,Robin,6,5,1.2
1996,Sidney,6,14,0.429
1996,Darian,5,8,0.625
1996,Kelly,5,99,0.051
1996,Noel,5,8,0.625
1997,Tyler,571,5,114.2
1997,Jordan,348,143,2.434
1997,Hunter,261,5,52.2
1997,Logan,234,10,23.4
1997,Alex,226,12,18.833
1997,Dakota,152,24,6.333
1997,Riley,107,30,3.567
1997,Devin,106,7,15.143
1997,Cameron,104,10,10.4
1997,Taylor,98,370,0.265
1997,Chase,85,6,14.167
1997,Drew,80,5,16.0
1997,Casey,77,24,3.208
1997,Devon,76,15,5.067
1997,Gabriel,70,6,11.667
1997,Bailey,61,125,0.488
1997,Angel,34,34,1.0
1997,Quinn,33,5,6.6
1997,Payton,29,30,0.967
1997,Chandler,27,5,5.4
1997,Skyler,26,10,2.6
1997,Avery,22,13,1.692
1997,Justice,20,15,1.333
1997,Peyton,19,19,1.0
1997,Mackenzie,18,146,0.123
1997,Ashton,16,6,2.667
1997,Harley,16,5,3.2
1997,Dominique,14,32,0.438
1997,Skylar,14,22,0.636
1997,Lee,13,5,2.6
1997,Morgan,12,305,0.039
1997,Alexis,11,309,0.036
1997,Kasey,10,12,0.833
1997,Devyn,9,9,1.0
1997,Kendall,9,25,0.36
1997,Shannon,9,71,0.127
1997,Ali,8,10,0.8
1997,Jamie,8,45,0.178
1997,Darian,7,6,1.167
1997,Jessie,7,9,0.778
1997,Kelly,7,81,0.086
1997,Phoenix,7,5,1.4
1997,Tayler,7,14,0.5
1997,Montana,6,9,0.667
1997,Teagan,6,9,0.667
1997,Madison,5,103,0.049
1997,Sidney,5,13,0.385
1998,Tyler,541,5,108.2
1998,Jordan,331,109,3.037
1998,Hunter,312,21,14.857
1998,Dakota,146,33,4.424
1998,Devin,134,5,26.8
1998,Riley,131,35,3.743
1998,Cameron,128,20,6.4
1998,Drew,84,5,16.8
1998,Taylor,83,347,0.239
1998,Gabriel,75,6,12.5
1998,Bailey,72,116,0.621
1998,Devon,68,7,9.714
1998,Casey,53,28,1.893
1998,Adrian,45,5,9.0
1998,Carson,44,7,6.286
1998,Angel,40,37,1.081
1998,Quinn,38,5,7.6
1998,Skyler,36,20,1.8
1998,Avery,29,16,1.812
1998,Jaden,28,12,2.333
1998,Peyton,27,18,1.5
1998,Payton,24,26,0.923
1998,Devan,20,6,3.333
1998,Skylar,18,27,0.667
1998,Ashton,17,6,2.833
1998,Justice,17,18,0.944
1998,Jamie,15,62,0.242
1998,Alexis,11,374,0.029
1998,Morgan,10,286,0.035
1998,Kendall,9,28,0.321
1998,Harley,8,10,0.8
1998,Jessie,8,18,0.444
1998,Kasey,8,16,0.5
1998,Sage,8,10,0.8
1998,Montana,7,12,0.583
1998,Sidney,7,16,0.438
1998,Tracy,7,7,1.0
1998,Kennedy,6,42,0.143
1998,Addison,5,7,0.714
1998,Courtney,5,152,0.033
1998,Mackenzie,5,140,0.036
1998,Phoenix,5,5,1.0
1998,Shannon,5,53,0.094
1999,Tyler,524,9,58.222
1999,Ryan,479,6,79.833
1999,Hunter,345,11,31.364
1999,Jordan,285,98,2.908
1999,Alex,207,8,25.875
1999,Cameron,158,16,9.875
1999,Dakota,147,32,4.594
1999,Riley,133,55,2.418
1999,Devin,114,5,22.8
1999,Devon,89,11,8.091
1999,Gabriel,88,5,17.6
1999,Taylor,87,371,0.235
1999,Jesse,83,7,11.857
1999,Casey,61,39,1.564
1999,Carson,59,16,3.688
1999,Bailey,53,108,0.491
1999,Drew,51,7,7.286
1999,Quinn,45,8,5.625
1999,Avery,32,14,2.286
1999,Skyler,31,15,2.067
1999,Angel,29,41,0.707
1999,Chandler,29,6,4.833
1999,Jaden,29,16,1.812
1999,Peyton,29,18,1.611
1999,Dallas,28,5,5.6
1999,Payton,26,38,0.684
1999,Jayden,16,9,1.778
1999,Skylar,15,43,0.349
1999,Justice,14,16,0.875
1999,Ashton,13,8,1.625
1999,Harley,13,9,1.444
1999,Alexis,12,382,0.031
1999,Reese,12,5,2.4
1999,Addison,10,8,1.25
1999,Devyn,10,5,2.0
1999,Sage,10,12,0.833
1999,Darian,9,7,1.286
1999,Shannon,9,44,0.205
1999,Montana,8,18,0.444
1999,Morgan,8,281,0.028
1999,Paris,8,6,1.333
1999,Dominique,7,10,0.7
1999,Kendall,7,18,0.389
1999,Raven,7,29,0.241
1999,Jamie,6,53,0.113
1999,Mackenzie,6,142,0.042
1999,Kasey,5,17,0.294
1999,Reagan,5,8,0.625
1999,Teagan,5,6,0.833
2000,Ryan,441,7,63.0
2000,Hunter,348,16,21.75
2000,Logan,300,9,33.333
2000,Jordan,260,85,3.059
2000,Cameron,166,17,9.765
2000,Dakota,147,26,5.654
2000,Riley,124,60,2.067
2000,Gabriel,119,6,19.833
2000,Devin,109,8,13.625
2000,Taylor,75,293,0.256
2000,Carson,70,8,8.75
2000,Hayden,69,5,13.8
2000,Bailey,63,89,0.708
2000,Devon,62,5,12.4
2000,Casey,54,23,2.348
2000,Payton,53,64,0.828
2000,Peyton,41,32,1.281
2000,Angel,39,34,1.147
2000,Jaden,34,16,2.125
2000,Jayden,30,13,2.308
2000,Quinn,30,7,4.286
2000,Skyler,24,26,0.923
2000,Avery,22,20,1.1
2000,Ashton,20,6,3.333
2000,Skylar,14,49,0.286
2000,Jaime,13,9,1.444
2000,Kendall,13,20,0.65
2000,Alexis,12,315,0.038
2000,Dominique,10,11,0.909
2000,Justice,10,11,0.909
2000,Montana,10,21,0.476
2000,Morgan,10,260,0.038
2000,Addison,9,20,0.45
2000,Jamie,9,49,0.184
2000,Harley,7,13,0.538
2000,Mackenzie,6,196,0.031
2000,Teagan,6,13,0.462
2000,Tristen,6,5,1.2
2000,Amari,5,6,0.833
2000,Jessie,5,10,0.5
2000,Jorden,5,7,0.714
2000,Noel,5,5,1.0
2000,Sage,5,11,0.455
2001,Tyler,447,5,89.4
2001,Ryan,335,5,67.0
2001,Hunter,300,16,18.75
2001,Jordan,182,104,1.75
2001,Alex,176,8,22.0
2001,Gabriel,165,7,23.571
2001,Cameron,155,25,6.2
2001,Riley,131,53,2.472
2001,Devin,116,5,23.2
2001,Dakota,114,14,8.143
2001,Parker,70,9,7.778
2001,Jaden,65,22,2.955
2001,Jayden,65,19,3.421
2001,Jesse,59,7,8.429
2001,Hayden,55,9,6.111
2001,Taylor,46,306,0.15
2001,Angel,44,48,0.917
2001,Payton,44,60,0.733
2001,Drew,41,9,4.556
2001,Avery,36,26,1.385
2001,Casey,34,22,1.545
2001,Quinn,34,9,3.778
2001,Bailey,33,92,0.359
2001,Peyton,33,35,0.943
2001,Skyler,33,17,1.941
2001,Ashton,29,8,3.625
2001,Alexis,26,311,0.084
2001,Micah,20,7,2.857
2001,Dallas,19,6,3.167
2001,Harley,12,6,2.0
2001,Skylar,12,57,0.211
2001,Addison,10,19,0.526
2001,Sage,10,7,1.429
2001,Jamie,9,31,0.29
2001,Teagan,9,20,0.45
2001,Ali,8,6,1.333
2001,Jadyn,8,23,0.348
2001,Amari,7,8,0.875
2001,Armani,7,5,1.4
2001,Justice,7,18,0.389
2001,Morgan,6,224,0.027
2001,Noel,6,5,1.2
2001,Ariel,5,18,0.278
2001,Elisha,5,5,1.0
2001,Kendall,5,12,0.417
2001,Santana,5,8,0.625
2002,Tyler,423,6,70.5
2002,Logan,368,11,33.455
2002,Ryan,314,6,52.333
2002,Jordan,189,98,1.929
2002,Riley,150,63,2.381
2002,Cameron,123,11,11.182
2002,Hayden,93,5,18.6
2002,Dakota,89,20,4.45
2002,Tristan,83,7,11.857
2002,Jaden,70,41,1.707
2002,Jayden,65,25,2.6
2002,Angel,60,36,1.667
2002,Payton,56,52,1.077
2002,Drew,54,6,9.0
2002,Keegan,52,5,10.4
2002,Taylor,47,234,0.201
2002,Casey,44,16,2.75
2002,Avery,38,34,1.118
2002,Peyton,35,42,0.833
2002,Skyler,32,24,1.333
2002,Quinn,29,7,4.143
2002,Ashton,28,8,3.5
2002,Reese,26,9,2.889
2002,Bailey,19,66,0.288
2002,Justice,18,10,1.8
2002,Alexis,16,324,0.049
2002,Harley,16,11,1.455
2002,Skylar,16,34,0.471
2002,Addison,14,20,0.7
2002,Teagan,13,15,0.867
2002,Kendall,11,27,0.407
2002,Morgan,11,221,0.05
2002,Armani,8,6,1.333
2002,Jadyn,8,26,0.308
2002,Jaiden,8,14,0.571
2002,Jamie,7,23,0.304
2002,Dominique,6,16,0.375
2002,Jessie,6,8,0.75
2002,Sidney,6,19,0.316
2003,Logan,423,9,47.0
2003,Dylan,305,5,61.0
2003,Aidan,219,5,43.8
2003,Jordan,181,89,2.034
2003,Riley,136,63,2.159
2003,Cameron,129,14,9.214
2003,Dakota,99,14,7.071
2003,Parker,96,5,19.2
2003,Jayden,91,29,3.138
2003,Jaden,88,30,2.933
2003,Angel,65,37,1.757
2003,Payton,52,61,0.852
2003,Keegan,51,6,8.5
2003,Peyton,49,31,1.581
2003,Taylor,41,225,0.182
2003,Casey,36,15,2.4
2003,Avery,33,64,0.516
2003,Quinn,33,13,2.538
2003,Skyler,30,26,1.154
2003,Alexis,26,292,0.089
2003,Reese,25,16,1.562
2003,Charlie,20,5,4.0
2003,Addison,14,31,0.452
2003,Jaiden,14,17,0.824
2003,Bailey,13,67,0.194
2003,Harley,13,8,1.625
2003,Skylar,11,48,0.229
2003,Ali,10,7,1.429
2003,Justice,10,16,0.625
2003,Jaylin,9,6,1.5
2003,Amari,8,18,0.444
2003,Jessie,8,8,1.0
2003,Rylee,8,46,0.174
2003,Reilly,7,6,1.167
2003,Sidney,7,21,0.333
2003,Dominique,6,8,0.75
2003,Jamie,6,25,0.24
2003,Jordyn,6,34,0.176
2003,Teagan,6,6,1.0
2003,Dallas,5,5,1.0
2003,Sage,5,14,0.357
2004,Logan,355,12,29.583
2004,Ryan,339,7,48.429
2004,Dylan,295,5,59.0
2004,Jordan,172,68,2.529
2004,Alex,164,7,23.429
2004,Riley,143,79,1.81
2004,Cameron,139,16,8.688
2004,Chase,124,5,24.8
2004,Jayden,97,33,2.939
2004,Parker,89,5,17.8
2004,Jaden,85,27,3.148
2004,Angel,81,39,2.077
2004,Dakota,59,17,3.471
2004,Ayden,54,6,9.0
2004,Peyton,50,42,1.19
2004,Payton,46,68,0.676
2004,Sawyer,41,6,6.833
2004,Quinn,38,13,2.923
2004,Casey,35,12,2.917
2004,Taylor,30,184,0.163
2004,Alexis,29,254,0.114
2004,Avery,27,59,0.458
2004,Reese,22,32,0.688
2004,Jaiden,19,20,0.95
2004,Skyler,15,18,0.833
2004,Reece,14,5,2.8
2004,Kayden,13,5,2.6
2004,Addison,12,27,0.444
2004,Armani,12,5,2.4
2004,Harley,11,7,1.571
2004,Morgan,11,199,0.055
2004,Skylar,11,29,0.379
2004,Bailey,10,47,0.213
2004,Justice,10,13,0.769
2004,Amari,9,9,1.0
2004,Devyn,8,5,1.6
2004,Kendall,7,40,0.175
2004,Noel,7,5,1.4
2004,Presley,7,10,0.7
2004,Rylee,7,43,0.163
2004,Teagan,6,30,0.2
2004,Camryn,5,28,0.179
2005,Logan,366,9,40.667
2005,Mason,339,5,67.8
2005,Ryan,304,6,50.667
2005,Jordan,163,56,2.911
2005,Riley,156,79,1.975
2005,Cameron,130,20,6.5
2005,Chase,125,7,17.857
2005,Hayden,120,11,10.909
2005,Jayden,118,28,4.214
2005,Parker,97,10,9.7
2005,Ashton,85,5,17.0
2005,Devin,81,6,13.5
2005,Peyton,81,50,1.62
2005,Drew,76,5,15.2
2005,Dakota,68,32,2.125
2005,Angel,67,43,1.558
2005,Jaden,67,33,2.03
2005,Payton,58,69,0.841
2005,Avery,56,84,0.667
2005,Quinn,42,13,3.231
2005,Casey,32,14,2.286
2005,Reese,32,38,0.842
2005,Skyler,30,14,2.143
2005,Charlie,29,9,3.222
2005,Taylor,26,185,0.141
2005,Kayden,25,7,3.571
2005,Alexis,23,212,0.108
2005,Jaiden,23,14,1.643
2005,Reece,22,7,3.143
2005,Elliott,18,5,3.6
2005,Rowan,18,10,1.8
2005,Morgan,17,190,0.089
2005,Kasey,15,10,1.5
2005,Skylar,15,33,0.455
2005,Bailey,14,67,0.209
2005,Justice,13,14,0.929
2005,London,12,10,1.2
2005,Addison,10,55,0.182
2005,Rylee,10,41,0.244
2005,Harley,9,5,1.8
2005,Teagan,9,20,0.45
2005,Reagan,8,28,0.286
2005,Dominique,7,11,0.636
2005,Emerson,7,19,0.368
2005,Ali,6,8,0.75
2005,Kendall,6,48,0.125
2005,Campbell,5,5,1.0
2005,Jadyn,5,27,0.185
2005,Jaidyn,5,10,0.5
2005,Sage,5,22,0.227
2005,Tayler,5,8,0.625
2006,Ryan,270,7,38.571
2006,Dylan,236,5,47.2
2006,Gabriel,188,5,37.6
2006,Jordan,170,59,2.881
2006,Alex,156,5,31.2
2006,Riley,154,66,2.333
2006,Jayden,142,33,4.303
2006,Cameron,140,16,8.75
2006,Hayden,125,21,5.952
2006,Parker,116,7,16.571
2006,Angel,85,26,3.269
2006,Peyton,68,50,1.36
2006,Payton,65,64,1.016
2006,Jaden,60,14,4.286
2006,Dakota,51,36,1.417
2006,Casey,36,8,4.5
2006,Quinn,35,5,7.0
2006,Kayden,33,6,5.5
2006,Avery,30,62,0.484
2006,Charlie,27,8,3.375
2006,Alexis,26,222,0.117
2006,Jaylen,26,6,4.333
2006,Taylor,26,151,0.172
2006,Jaiden,21,9,2.333
2006,Reese,20,45,0.444
2006,Emerson,15,24,0.625
2006,Morgan,15,162,0.093
2006,Skyler,15,18,0.833
2006,Rowan,14,12,1.167
2006,Armani,13,9,1.444
2006,Kasey,13,10,1.3
2006,Phoenix,12,6,2.0
2006,Addison,11,241,0.046
2006,Jaime,11,5,2.2
2006,Jessie,10,6,1.667
2006,London,10,11,0.909
2006,Rylee,10,35,0.286
2006,Teagan,10,27,0.37
2006,Justice,9,8,1.125
2006,Sage,9,9,1.0
2006,Jaylin,8,6,1.333
2006,Jadyn,7,25,0.28
2006,Lyric,7,9,0.778
2006,Skylar,7,35,0.2
2006,Bailey,6,46,0.13
2006,Finley,6,5,1.2
2006,Jamie,6,12,0.5
2006,Amari,5,11,0.455
2006,Devyn,5,7,0.714
2006,Jordyn,5,36,0.139
2006,Reagan,5,27,0.185
2007,Dylan,205,6,34.167
2007,Jayden,198,33,6.0
2007,Cameron,177,6,29.5
2007,Jordan,143,46,3.109
2007,Riley,140,80,1.75
2007,Hayden,131,23,5.696
2007,Angel,99,34,2.912
2007,Sawyer,97,5,19.4
2007,Jaden,92,10,9.2
2007,Parker,91,8,11.375
2007,Adrian,78,5,15.6
2007,Devin,77,6,12.833
2007,Peyton,72,54,1.333
2007,Keegan,67,5,13.4
2007,Kayden,52,8,6.5
2007,Dakota,43,28,1.536
2007,Quinn,35,12,2.917
2007,Payton,32,65,0.492
2007,Rylan,32,5,6.4
2007,Taylor,30,136,0.221
2007,Casey,27,6,4.5
2007,Avery,26,66,0.394
2007,Charlie,25,11,2.273
2007,Jaiden,25,15,1.667
2007,Rowan,25,20,1.25
2007,Alexis,23,205,0.112
2007,Reese,20,58,0.345
2007,Skyler,19,18,1.056
2007,Amari,16,10,1.6
2007,Morgan,16,140,0.114
2007,Kai,15,5,3.0
2007,Phoenix,15,10,1.5
2007,Zion,14,7,2.0
2007,Emerson,13,27,0.481
2007,Ariel,11,31,0.355
2007,Kasey,10,14,0.714
2007,Finley,9,9,1.0
2007,Teagan,9,17,0.529
2007,Emery,8,7,1.143
2007,Skylar,8,31,0.258
2007,Bailey,7,67,0.104
2007,Harley,7,8,0.875
2007,Jadyn,7,23,0.304
2007,Kendall,7,45,0.156
2007,London,7,15,0.467
2007,Ryley,7,5,1.4
2007,Addison,6,315,0.019
2007,Ali,6,6,1.0
2007,Rory,6,5,1.2
2007,Camryn,5,27,0.185
2007,Devyn,5,5,1.0
2007,Eden,5,30,0.167
2007,Harper,5,11,0.455
2007,Haven,5,9,0.556
2007,Jaidyn,5,7,0.714
2007,Jamie,5,13,0.385
2007,Lyric,5,8,0.625
2007,Reagan,5,25,0.2
2008,Logan,368,7,52.571
2008,Jayden,225,26,8.654
2008,Dylan,207,9,23.0
2008,Cameron,154,9,17.111
2008,Parker,145,12,12.083
2008,Jordan,124,47,2.638
2008,Riley,120,92,1.304
2008,Alex,111,5,22.2
2008,Devin,93,6,15.5
2008,Hayden,87,38,2.289
2008,Angel,67,27,2.481
2008,Keegan,67,7,9.571
2008,Jaden,65,7,9.286
2008,Peyton,62,78,0.795
2008,Kayden,61,6,10.167
2008,Dakota,43,20,2.15
2008,Quinn,41,19,2.158
2008,Payton,39,66,0.591
2008,Avery,32,84,0.381
2008,Charlie,32,8,4.0
2008,Taylor,32,196,0.163
2008,Jaylen,30,5,6.0
2008,Kai,27,7,3.857
2008,Reece,26,5,5.2
2008,Skyler,26,16,1.625
2008,Rowan,25,19,1.316
2008,Casey,24,8,3.0
2008,Reese,21,56,0.375
2008,Alexis,20,198,0.101
2008,Armani,19,5,3.8
2008,Jaiden,19,9,2.111
2008,Amari,18,13,1.385
2008,River,18,9,2.0
2008,Morgan,17,130,0.131
2008,Emerson,15,22,0.682
2008,Kasey,13,5,2.6
2008,Phoenix,13,10,1.3
2008,Elliott,12,5,2.4
2008,Tegan,12,7,1.714
2008,Rylee,11,43,0.256
2008,Skylar,11,26,0.423
2008,Addison,10,251,0.04
2008,Finley,10,9,1.111
2008,Jaidyn,10,9,1.111
2008,Teagan,10,28,0.357
2008,Jaylin,9,8,1.125
2008,Sage,9,17,0.529
2008,Harley,8,10,0.8
2008,Jadyn,8,16,0.5
2008,Kendall,7,49,0.143
2008,Emery,6,6,1.0
2008,Ali,5,10,0.5
2008,Camryn,5,24,0.208
2008,Harper,5,27,0.185
2008,Justice,5,10,0.5
2008,London,5,27,0.185
2008,Noel,5,9,0.556
2009,Ryan,222,6,37.0
2009,Jayden,196,30,6.533
2009,Cameron,142,16,8.875
2009,Parker,136,8,17.0
2009,Jordan,134,24,5.583
2009,Sawyer,116,11,10.545
2009,Riley,105,85,1.235
2009,Angel,80,21,3.81
2009,Hayden,78,47,1.66
2009,Elliot,66,5,13.2
2009,Kayden,57,6,9.5
2009,Peyton,54,99,0.545
2009,Rylan,44,6,7.333
2009,Charlie,43,11,3.909
2009,Jaden,41,7,5.857
2009,Quinn,36,17,2.118
2009,Camden,33,8,4.125
2009,Dakota,32,17,1.882
2009,Rowan,32,17,1.882
2009,Avery,30,102,0.294
2009,Elliott,30,5,6.0
2009,Payton,27,83,0.325
2009,Casey,25,7,3.571
2009,Jaiden,25,7,3.571
2009,Amari,24,10,2.4
2009,Taylor,24,149,0.161
2009,Skyler,22,12,1.833
2009,Alexis,21,178,0.118
2009,Phoenix,20,9,2.222
2009,Finley,17,20,0.85
2009,London,15,29,0.517
2009,Emerson,14,20,0.7
2009,Morgan,14,110,0.127
2009,River,13,6,2.167
2009,Reese,12,53,0.226
2009,Camryn,10,24,0.417
2009,Jaylin,10,7,1.429
2009,Lyric,10,10,1.0
2009,Rory,10,8,1.25
2009,Teagan,10,35,0.286
2009,Emery,9,8,1.125
2009,Addison,7,296,0.024
2009,Kendall,7,57,0.123
2009,Skylar,7,31,0.226
2009,Harley,6,6,1.0
2009,Justice,6,8,0.75
2009,Kamryn,6,18,0.333
2009,Marley,6,31,0.194
2009,Rylee,6,48,0.125
2009,Sage,6,11,0.545
2009,Eden,5,50,0.1
2009,Kasey,5,5,1.0
2010,Jayden,197,23,8.565
2010,Parker,145,7,20.714
2010,Sawyer,123,19,6.474
2010,Cameron,119,11,10.818
2010,Jordan,107,24,4.458
2010,Riley,101,84,1.202
2010,Hayden,72,36,2.0
2010,Kayden,65,6,10.833
2010,Angel,64,19,3.368
2010,Peyton,57,92,0.62
2010,Rylan,54,6,9.0
2010,Jaden,47,9,5.222
2010,Charlie,44,10,4.4
2010,Quinn,38,45,0.844
2010,Casey,34,8,4.25
2010,Rowan,30,15,2.0
2010,Payton,29,83,0.349
2010,Avery,28,100,0.28
2010,Taylor,28,87,0.322
2010,Elliott,26,5,5.2
2010,Phoenix,23,10,2.3
2010,Finley,22,27,0.815
2010,Alexis,20,154,0.13
2010,Dakota,20,22,0.909
2010,Jaiden,18,7,2.571
2010,Emerson,17,28,0.607
2010,Skyler,17,7,2.429
2010,Dallas,15,5,3.0
2010,Reese,13,54,0.241
2010,Ali,11,12,0.917
2010,Rylee,10,41,0.244
2010,Skylar,10,20,0.5
2010,Kendall,9,53,0.17
2010,Morgan,9,105,0.086
2010,Teagan,9,26,0.346
2010,Harper,8,67,0.119
2010,London,8,26,0.308
2010,Sidney,8,8,1.0
2010,Tatum,8,26,0.308
2010,Aspen,7,6,1.167
2010,Jordyn,7,51,0.137
2010,Sage,7,18,0.389
2010,Bailey,6,54,0.111
2010,Jamie,6,8,0.75
2010,Justice,6,8,0.75
2010,Camryn,5,19,0.263
2010,Emery,5,14,0.357
2010,Reagan,5,33,0.152
2011,Jayden,191,16,11.938
2011,Parker,165,9,18.333
2011,Cameron,131,16,8.188
2011,Jordan,120,23,5.217
2011,Riley,101,70,1.443
2011,Hayden,84,28,3.0
2011,Sawyer,79,8,9.875
2011,Micah,67,5,13.4
2011,Angel,60,20,3.0
2011,Kayden,52,7,7.429
2011,Rylan,50,6,8.333
2011,Charlie,47,10,4.7
2011,Avery,41,124,0.331
2011,Quinn,38,47,0.809
2011,Drew,36,6,6.0
2011,Skyler,31,11,2.818
2011,Finley,26,21,1.238
2011,Rowan,24,9,2.667
2011,Dakota,23,19,1.211
2011,Peyton,23,95,0.242
2011,Taylor,23,94,0.245
2011,Phoenix,20,6,3.333
2011,Payton,19,59,0.322
2011,Reece,19,8,2.375
2011,Alexis,17,136,0.125
2011,Emerson,17,20,0.85
2011,Remington,17,6,2.833
2011,Casey,16,9,1.778
2011,River,16,10,1.6
2011,Zion,15,6,2.5
2011,Jaylen,14,6,2.333
2011,Reese,14,53,0.264
2011,Rory,11,9,1.222
2011,Teagan,11,43,0.256
2011,Harley,10,6,1.667
2011,Lennon,10,6,1.667
2011,London,10,33,0.303
2011,Skylar,10,30,0.333
2011,Harper,9,119,0.076
2011,Ali,8,14,0.571
2011,Emery,7,23,0.304
2011,Justice,7,12,0.583
2011,Morgan,7,86,0.081
2011,Kendall,6,61,0.098
2011,Camryn,5,28,0.179
2011,Kennedy,5,65,0.077
2011,Marley,5,21,0.238
2011,Tegan,5,6,0.833
2012,Logan,283,7,40.429
2012,Jayden,180,17,10.588
2012,Parker,160,10,16.0
2012,Cameron,128,10,12.8
2012,Easton,128,5,25.6
2012,Sawyer,110,21,5.238
2012,Jordan,98,18,5.444
2012,Riley,85,70,1.214
2012,Rylan,62,9,6.889
2012,Angel,59,23,2.565
2012,Kayden,59,5,11.8
2012,Charlie,56,30,1.867
2012,Hayden,50,32,1.562
2012,Avery,43,128,0.336
2012,Peyton,35,80,0.438
2012,Quinn,31,68,0.456
2012,Emerson,27,30,0.9
2012,Finley,25,32,0.781
2012,Rowan,24,28,0.857
2012,Jaiden,21,5,4.2
2012,Amari,19,6,3.167
2012,Phoenix,17,6,2.833
2012,Taylor,15,86,0.174
2012,Emery,14,16,0.875
2012,Skyler,14,7,2.0
2012,Justice,12,11,1.091
2012,River,12,8,1.5
2012,Dakota,11,17,0.647
2012,Harper,11,185,0.059
2012,London,10,21,0.476
2012,Morgan,10,89,0.112
2012,Reese,10,49,0.204
2012,Alexis,9,92,0.098
2012,Ali,9,6,1.5
2012,Ellis,9,5,1.8
2012,Harley,9,6,1.5
2012,Tatum,9,10,0.9
2012,Noel,7,7,1.0
2012,Payton,7,68,0.103
2012,Skylar,7,40,0.175
2012,Camryn,6,17,0.353
2012,Devyn,6,7,0.857
2012,Kamryn,6,13,0.462
2012,Jaylin,5,10,0.5
2012,Jordyn,5,50,0.1
2012,Lyric,5,14,0.357
2012,Sage,5,6,0.833
2012,Teagan,5,27,0.185
2013,Logan,279,7,39.857
2013,Blake,183,10,18.3
2013,Parker,176,20,8.8
2013,Jayden,151,11,13.727
2013,Cameron,130,6,21.667
2013,Sawyer,113,8,14.125
2013,Jordan,99,11,9.0
2013,Christian,97,5,19.4
2013,Kayden,79,7,11.286
2013,Riley,75,73,1.027
2013,Angel,66,19,3.474
2013,Hayden,47,31,1.516
2013,Ezra,46,6,7.667
2013,Charlie,45,23,1.957
2013,Keegan,42,5,8.4
2013,Avery,37,148,0.25
2013,Finley,31,32,0.969
2013,Rowan,31,18,1.722
2013,Peyton,30,72,0.417
2013,Emerson,28,33,0.848
2013,Skyler,26,16,1.625
2013,Kai,25,6,4.167
2013,Jaiden,22,6,3.667
2013,Armani,21,7,3.0
2013,Remington,20,5,4.0
2013,Luca,19,5,3.8
2013,Quinn,19,68,0.279
2013,Dakota,18,22,0.818
2013,River,18,11,1.636
2013,Taylor,17,80,0.212
2013,Reece,16,5,3.2
2013,Rory,16,10,1.6
2013,London,12,31,0.387
2013,Reese,12,37,0.324
2013,Alexis,11,96,0.115
2013,Amari,11,7,1.571
2013,Kendall,11,75,0.147
2013,Teagan,11,30,0.367
2013,Dallas,10,8,1.25
2013,Lennon,10,5,2.0
2013,Emery,9,16,0.562
2013,Phoenix,8,8,1.0
2013,Camryn,7,15,0.467
2013,Harper,7,227,0.031
2013,Payton,7,60,0.117
2013,Tatum,7,14,0.5
2013,Jordyn,6,34,0.176
2013,Morgan,6,74,0.081
2013,Skylar,6,47,0.128
2013,Addison,5,160,0.031
2013,Haven,5,11,0.455
2013,Jamie,5,8,0.625
2013,Kamryn,5,7,0.714
2013,Karsyn,5,6,0.833
2013,Lyric,5,19,0.263
2013,Sage,5,14,0.357
2014,Logan,297,7,42.429
2014,Jayden,157,14,11.214
2014,Parker,142,20,7.1
2014,Blake,140,9,15.556
2014,Dylan,140,9,15.556
2014,Sawyer,136,21,6.476
2014,Ryan,109,7,15.571
2014,Jordan,104,12,8.667
2014,Elliot,62,9,6.889
2014,Riley,61,66,0.924
2014,Avery,56,168,0.333
2014,Finley,52,48,1.083
2014,Hayden,51,28,1.821
2014,Charlie,47,30,1.567
2014,Emerson,38,26,1.462
2014,Rylan,38,8,4.75
2014,Angel,36,20,1.8
2014,Rowan,36,18,2.0
2014,Quinn,31,64,0.484
2014,Elliott,30,6,5.0
2014,Armani,25,9,2.778
2014,Remington,21,5,4.2
2014,Zion,21,5,4.2
2014,Ari,20,5,4.0
2014,Dallas,19,6,3.167
2014,Peyton,18,69,0.261
2014,Rory,18,9,2.0
2014,Phoenix,15,9,1.667
2014,Alexis,14,85,0.165
2014,Amari,14,10,1.4
2014,Emery,14,36,0.389
2014,River,12,19,0.632
2014,Dakota,11,24,0.458
2014,London,11,39,0.282
2014,Reese,11,44,0.25
2014,Skyler,11,20,0.55
2014,Royal,10,6,1.667
2014,Taylor,10,62,0.161
2014,Noel,9,5,1.8
2014,Payton,9,73,0.123
2014,Ali,8,9,0.889
2014,Kyrie,8,5,1.6
2014,Lennon,8,16,0.5
2014,Lennox,8,9,0.889
2014,Remy,8,6,1.333
2014,Eden,7,38,0.184
2014,Kendall,7,54,0.13
2014,Landry,7,6,1.167
2014,Leighton,7,13,0.538
2014,Morgan,7,73,0.096
2014,Teagan,7,47,0.149
2014,Marley,6,18,0.333
2014,Sage,6,17,0.353
2014,Tatum,6,21,0.286
2014,Harley,5,7,0.714
2015,Carter,219,9,24.333
2015,Sawyer,162,30,5.4
2015,Parker,160,21,7.619
2015,Cameron,136,6,22.667
2015,Hunter,136,5,27.2
2015,Jayden,129,6,21.5
2015,Jordan,114,21,5.429
2015,Dylan,113,9,12.556
2015,Blake,105,10,10.5
2015,Elliot,79,9,8.778
2015,Charlie,62,25,2.48
2015,Riley,61,88,0.693
2015,Angel,56,14,4.0
2015,Kayden,55,7,7.857
2015,Finley,52,47,1.106
2015,Hayden,50,41,1.22
2015,Avery,48,167,0.287
2015,Elliott,42,10,4.2
2015,Emerson,35,27,1.296
2015,Karter,34,7,4.857
2015,Rowan,32,25,1.28
2015,Spencer,28,8,3.5
2015,Quinn,27,76,0.355
2015,River,23,22,1.045
2015,Remington,22,7,3.143
2015,Armani,21,7,3.0
2015,Rory,21,11,1.909
2015,Dakota,20,15,1.333
2015,Amari,17,14,1.214
2015,Skyler,16,22,0.727
2015,Oakley,15,5,3.0
2015,Alexis,14,75,0.187
2015,Peyton,14,61,0.23
2015,Lennon,13,18,0.722
2015,Noel,13,5,2.6
2015,Phoenix,13,9,1.444
2015,Emery,9,38,0.237
2015,Harley,9,10,0.9
2015,Royal,9,10,0.9
2015,Tatum,9,10,0.9
2015,Lyric,8,13,0.615
2015,Milan,8,5,1.6
2015,Reese,8,46,0.174
2015,Taylor,8,72,0.111
2015,Leighton,7,10,0.7
2015,Lennox,7,9,0.778
2015,Rylee,7,50,0.14
2015,Sage,7,12,0.583
2015,Harper,6,252,0.024
2015,Justice,6,14,0.429
2015,Payton,6,46,0.13
2015,Skylar,6,78,0.077
2015,Teagan,6,37,0.162
2015,Briar,5,9,0.556
2015,Eden,5,38,0.132
2016,Carter,232,12,19.333
2016,Logan,219,6,36.5
2016,Sawyer,153,30,5.1
2016,Parker,126,24,5.25
2016,Cameron,111,7,15.857
2016,Jordan,109,12,9.083
2016,Blake,103,9,11.444
2016,Dylan,101,10,10.1
2016,Elliot,86,14,6.143
2016,Ezra,86,8,10.75
2016,Ryan,84,6,14.0
2016,Finley,65,39,1.667
2016,Elliott,62,8,7.75
2016,Rowan,62,24,2.583
2016,Angel,54,11,4.909
2016,Charlie,51,23,2.217
2016,Emerson,47,28,1.679
2016,Riley,45,106,0.425
2016,Avery,40,126,0.317
2016,Hayden,38,42,0.905
2016,Keegan,35,5,7.0
2016,River,31,27,1.148
2016,Quinn,30,103,0.291
2016,Rylan,26,6,4.333
2016,Phoenix,24,10,2.4
2016,Rory,23,12,1.917
2016,Armani,19,6,3.167
2016,Remington,19,17,1.118
2016,Finnley,18,12,1.5
2016,Amari,16,7,2.286
2016,Peyton,15,59,0.254
2016,Sage,15,13,1.154
2016,Taylor,15,52,0.288
2016,Lennon,14,14,1.0
2016,Dakota,13,18,0.722
2016,Oakley,12,7,1.714
2016,Reece,12,5,2.4
2016,Harley,11,14,0.786
2016,Justice,11,11,1.0
2016,Rowen,11,6,1.833
2016,Skyler,11,26,0.423
2016,Tatum,11,18,0.611
2016,Ari,10,7,1.429
2016,Dallas,10,8,1.25
2016,Skylar,10,55,0.182
2016,Noel,9,6,1.5
2016,Remy,9,5,1.8
2016,Emery,8,36,0.222
2016,Remi,8,12,0.667
2016,Royal,8,9,0.889
2016,Alexis,7,65,0.108
2016,Sutton,7,7,1.0
2016,Kendall,6,35,0.171
2016,Amani,5,7,0.714
2016,Camryn,5,12,0.417
2016,Harper,5,266,0.019
2016,Morgan,5,57,0.088
2016,Reagan,5,57,0.088
2016,Reese,5,37,0.135
2016,Teagan,5,55,0.091
2016,Wren,5,12,0.417
2017,Logan,268,8,33.5
2017,Lincoln,219,7,31.286
2017,Sawyer,154,26,5.923
2017,Cameron,111,9,12.333
2017,Parker,107,18,5.944
2017,Jordan,105,11,9.545
2017,Ezra,98,8,12.25
2017,Dylan,94,11,8.545
2017,Jayden,94,6,15.667
2017,Ryan,79,11,7.182
2017,Finley,70,42,1.667
2017,Elliot,68,8,8.5
2017,Charlie,67,29,2.31
2017,Rowan,63,45,1.4
2017,Blake,58,29,2.0
2017,Elliott,52,8,6.5
2017,Angel,48,14,3.429
2017,Hayden,40,19,2.105
2017,Avery,39,111,0.351
2017,Kai,34,6,5.667
2017,Quinn,33,101,0.327
2017,Riley,31,93,0.333
2017,River,31,23,1.348
2017,Finnley,26,10,2.6
2017,Emerson,25,30,0.833
2017,Remington,25,5,5.0
2017,Armani,21,7,3.0
2017,Ellis,21,5,4.2
2017,Rory,21,12,1.75
2017,Amari,20,13,1.538
2017,Oakley,20,13,1.538
2017,Dakota,19,26,0.731
2017,Drew,18,5,3.6
2017,Remy,17,13,1.308
2017,Dallas,16,7,2.286
2017,Lennox,15,10,1.5
2017,Phoenix,15,12,1.25
2017,Peyton,14,43,0.326
2017,Skyler,14,12,1.167
2017,Lennon,13,21,0.619
2017,Taylor,13,54,0.241
2017,Royal,11,13,0.846
2017,Ari,10,5,2.0
2017,Tatum,10,20,0.5
2017,Harley,9,9,1.0
2017,Alexis,8,42,0.19
2017,Ali,8,5,1.6
2017,Kamari,8,6,1.333
2017,Sage,8,17,0.471
2017,Eden,7,38,0.184
2017,Justice,7,8,0.875
2017,Leighton,7,13,0.538
2017,Nova,7,62,0.113
2017,Payton,7,41,0.171
2017,Emery,6,38,0.158
2017,Kennedy,6,75,0.08
2017,London,6,21,0.286
2017,Monroe,6,10,0.6
2017,Reece,6,5,1.2
2017,Reese,6,45,0.133
2017,Camryn,5,5,1.0
2017,Jaylin,5,5,1.0
2017,Kendall,5,28,0.179
2017,Morgan,5,57,0.088
2017,Reagan,5,48,0.104
2018,Logan,267,9,29.667
2018,Carter,196,8,24.5
2018,Sawyer,127,22,5.773
2018,Ezra,121,5,24.2
2018,Cameron,102,5,20.4
2018,Jordan,98,9,10.889
2018,Parker,95,26,3.654
2018,Ryan,85,13,6.538
2018,Elliot,81,6,13.5
2018,Dylan,80,14,5.714
2018,Blake,66,38,1.737
2018,Finley,66,53,1.245
2018,Rowan,65,32,2.031
2018,Avery,55,119,0.462
2018,Charlie,54,44,1.227
2018,Elliott,45,12,3.75
2018,Hayden,37,30,1.233
2018,Riley,37,89,0.416
2018,Angel,34,13,2.615
2018,River,33,26,1.269
2018,Remington,32,9,3.556
2018,Spencer,32,6,5.333
2018,Rory,30,20,1.5
2018,Emerson,28,42,0.667
2018,Phoenix,27,13,2.077
2018,Finnley,26,5,5.2
2018,Quinn,26,103,0.252
2018,Rylan,25,7,3.571
2018,Kyrie,24,6,4.0
2018,Oakley,23,14,1.643
2018,Amari,22,14,1.571
2018,Armani,22,8,2.75
2018,Lennon,14,30,0.467
2018,Emery,12,47,0.255
2018,Lennox,12,9,1.333
2018,Reese,12,34,0.353
2018,Dakota,11,23,0.478
2018,Peyton,11,47,0.234
2018,Remy,11,12,0.917
2018,Noel,10,6,1.667
2018,Sage,9,17,0.529
2018,Briar,8,11,0.727
2018,Rowen,8,9,0.889
2018,Tatum,8,12,0.667
2018,Aspen,7,30,0.233
2018,London,7,17,0.412
2018,Skyler,7,11,0.636
2018,Harley,6,16,0.375
2018,Jamie,6,7,0.857
2018,Justice,6,12,0.5
2018,Rylee,6,45,0.133
2018,Alexis,5,28,0.179
2018,Arden,5,5,1.0
2018,Azariah,5,5,1.0
2018,Eden,5,51,0.098
2018,Lyric,5,15,0.333
2018,Shay,5,8,0.625
2018,Skylar,5,66,0.076
2018,Sutton,5,8,0.625
2018,Taylor,5,42,0.119
2019,Carter,197,6,32.833
2019,Logan,184,11,16.727
2019,Ezra,124,11,11.273
2019,Cameron,102,7,14.571
2019,Dylan,83,11,7.545
2019,Sawyer,82,22,3.727
2019,Parker,79,28,2.821
2019,August,72,8,9.0
2019,Blake,69,18,3.833
2019,Elliot,69,15,4.6
2019,Ryan,65,6,10.833
2019,Finley,62,29,2.138
2019,Jordan,58,10,5.8
2019,Angel,54,7,7.714
2019,Charlie,53,26,2.038
2019,Elliott,53,13,4.077
2019,Rowan,53,27,1.963
2019,Kai,50,7,7.143
2019,River,44,30,1.467
2019,Hayden,42,28,1.5
2019,Avery,41,104,0.394
2019,Emerson,32,37,0.865
2019,Riley,30,97,0.309
2019,Ellis,28,6,4.667
2019,Remington,28,12,2.333
2019,Alex,25,7,3.571
2019,Quinn,25,85,0.294
2019,Oakley,24,17,1.412
2019,Phoenix,23,23,1.0
2019,Rory,23,18,1.278
2019,Finnley,21,8,2.625
2019,Amari,18,18,1.0
2019,Lennox,18,7,2.571
2019,Dakota,16,18,0.889
2019,Remy,15,13,1.154
2019,Tatum,15,17,0.882
2019,Royal,14,5,2.8
2019,Lennon,13,33,0.394
2019,Ari,11,5,2.2
2019,Skyler,11,10,1.1
2019,Sutton,11,19,0.579
2019,Briar,10,20,0.5
2019,Taylor,10,30,0.333
2019,Presley,9,25,0.36
2019,Rowen,9,5,1.8
2019,Harley,8,12,0.667
2019,Leighton,8,14,0.571
2019,London,8,21,0.381
2019,Payton,8,29,0.276
2019,Peyton,8,42,0.19
2019,Azariah,7,7,1.0
2019,Kendall,7,28,0.25
2019,Sage,7,25,0.28
2019,Jamie,6,6,1.0
2019,Jaylin,6,8,0.75
2019,Justice,6,15,0.4
2019,Laken,6,7,0.857
2019,Milan,6,6,1.0
2019,Harper,5,246,0.02
2019,Kamryn,5,11,0.455
2019,Layne,5,9,0.556
2019,Legacy,5,11,0.455
2019,Lyric,5,16,0.312
2019,Monroe,5,21,0.238
2019,Reese,5,35,0.143
2019,Remi,5,39,0.128
2020,Carter,148,5,29.6
2020,Logan,142,8,17.75
2020,Sawyer,114,25,4.56
2020,Ezra,107,8,13.375
2020,Parker,90,37,2.432
2020,Cameron,88,7,12.571
2020,Rowan,70,17,4.118
2020,Jordan,69,14,4.929
2020,Ryan,59,5,11.8
2020,Dylan,57,5,11.4
2020,Blake,56,25,2.24
2020,Elliot,56,14,4.0
2020,Elliott,56,14,4.0
2020,Ryder,52,6,8.667
2020,Charlie,48,38,1.263
2020,Angel,44,12,3.667
2020,River,37,34,1.088
2020,Finley,36,43,0.837
2020,Hayden,34,29,1.172
2020,Finnley,29,5,5.8
2020,Rory,29,18,1.611
2020,Remington,28,12,2.333
2020,Armani,27,9,3.0
2020,Avery,26,86,0.302
2020,Riley,24,81,0.296
2020,Emerson,22,26,0.846
2020,Oakley,22,20,1.1
2020,Rylan,22,6,3.667
2020,Amari,20,9,2.222
2020,Ellis,19,10,1.9
2020,Lennon,18,44,0.409
2020,Phoenix,18,17,1.059
2020,Dallas,17,6,2.833
2020,Sterling,17,6,2.833
2020,Dakota,16,15,1.067
2020,Lennox,15,10,1.5
2020,Tatum,15,21,0.714
2020,Remy,14,12,1.167
2020,Kingsley,13,5,2.6
2020,Rowen,13,6,2.167
2020,Quinn,12,100,0.12
2020,Ari,11,12,0.917
2020,Harley,11,16,0.688
2020,Leighton,11,19,0.579
2020,Peyton,11,57,0.193
2020,Sutton,11,19,0.579
2020,Reese,9,41,0.22
2020,Skyler,9,11,0.818
2020,Briar,8,10,0.8
2020,Eden,8,50,0.16
2020,Karsyn,8,5,1.6
2020,Reign,8,9,0.889
2020,Remi,8,38,0.211
2020,Alexis,7,21,0.333
2020,Artemis,7,5,1.4
2020,Genesis,7,21,0.333
2020,Laken,6,6,1.0
2020,Noel,6,5,1.2
2020,Nova,6,68,0.088
2020,Shay,6,10,0.6
2020,Ariel,5,16,0.312
2020,Legacy,5,13,0.385
2020,Payton,5,38,0.132
2020,Sage,5,13,0.385
2021,Logan,135,12,11.25
2021,Ezra,119,8,14.875
2021,Cameron,116,12,9.667
2021,August,95,7,13.571
2021,Sawyer,95,25,3.8
2021,Rowan,88,25,3.52
2021,Parker,87,51,1.706
2021,Jayden,66,6,11.0
2021,Elliot,64,8,8.0
2021,Jordan,63,9,7.0
2021,Walker,60,6,10.0
2021,Elliott,57,10,5.7
2021,River,57,38,1.5
2021,Finley,54,33,1.636
2021,Ryan,50,5,10.0
2021,Charlie,48,41,1.171
2021,Angel,45,9,5.0
2021,Riley,44,69,0.638
2021,Hayden,42,31,1.355
2021,Ryder,42,5,8.4
2021,Blake,36,43,0.837
2021,Phoenix,29,16,1.812
2021,Avery,27,119,0.227
2021,Ellis,26,8,3.25
2021,Lennox,26,7,3.714
2021,Remington,24,10,2.4
2021,Rory,24,12,2.0
2021,Emerson,23,34,0.676
2021,Amari,22,16,1.375
2021,Baker,18,7,2.571
2021,Armani,17,6,2.833
2021,Tatum,17,22,0.773
2021,Dakota,16,18,0.889
2021,Oakley,16,25,0.64
2021,Royal,15,7,2.143
2021,Remy,14,10,1.4
2021,Briar,13,19,0.684
2021,Quinn,13,95,0.137
2021,Legacy,12,9,1.333
2021,Peyton,12,58,0.207
2021,Rylan,12,7,1.714
2021,Rowen,11,5,2.2
2021,Eden,10,44,0.227
2021,Layne,10,16,0.625
2021,Reese,10,41,0.244
2021,Sutton,10,22,0.455
2021,Robin,9,8,1.125
2021,Wren,9,35,0.257
2021,Everest,8,5,1.6
2021,Harley,8,20,0.4
2021,Morgan,8,26,0.308
2021,Sage,8,31,0.258
2021,Shiloh,8,6,1.333
2021,Skyler,8,7,1.143
2021,Loyal,7,5,1.4
2021,Lyric,7,11,0.636
2021,Monroe,7,12,0.583
2021,Murphy,7,12,0.583
2021,Alexis,6,16,0.375
2021,Leighton,6,14,0.429
2021,Aries,5,6,0.833
2021,Dior,5,13,0.385
2021,Kendall,5,18,0.278
2021,Remi,5,41,0.122
