YOB,Name,mFrequency,fFrequency,mForF
1920,Marion,6,12,0.5
1922,Marion,7,6,1.167
1925,Marion,5,6,0.833
1926,Marion,7,9,0.778
1933,Marion,6,6,1.0
1933,Billie,5,6,0.833
1937,Jackie,7,8,0.875
1938,Pat,6,6,1.0
1943,Terry,16,7,2.286
1943,Lynn,6,11,0.545
1944,Pat,5,12,0.417
1947,Terry,34,10,3.4
1947,Lynn,7,13,0.538
1948,Terry,31,6,5.167
1949,Terry,38,9,4.222
1949,Lynn,6,11,0.545
1950,Terry,31,11,2.818
1950,Lynn,8,10,0.8
1950,Leslie,6,5,1.2
1951,Terry,33,6,5.5
1952,Terry,24,10,2.4
1952,Kim,6,5,1.2
1952,Leslie,6,13,0.462
1953,Terry,38,17,2.235
1953,Kim,15,6,2.5
1953,Lynn,12,13,0.923
1953,Leslie,9,5,1.8
1954,Terry,24,16,1.5
1954,Kim,17,8,2.125
1954,Lee,13,5,2.6
1954,Leslie,9,12,0.75
1954,Robin,9,17,0.529
1954,Chris,7,6,1.167
1954,Lynn,6,11,0.545
1955,Terry,34,8,4.25
1955,Kelly,15,8,1.875
1955,Kim,6,10,0.6
1955,Leslie,5,11,0.455
1956,Terry,24,19,1.263
1956,Kelly,14,11,1.273
1956,Kim,11,31,0.355
1956,Lee,9,7,1.286
1956,Tracy,7,7,1.0
1956,Dana,6,9,0.667
1956,Lynn,6,11,0.545
1956,Robin,6,16,0.375
1956,Leslie,5,9,0.556
1957,Terry,41,8,5.125
1957,Kelly,12,11,1.091
1957,Lee,9,5,1.8
1957,Robin,9,10,0.9
1957,Tracy,8,6,1.333
1957,Dana,6,5,1.2
1957,Lynn,6,11,0.545
1957,Kerry,5,5,1.0
1957,Kim,5,28,0.179
1958,Kelly,20,15,1.333
1958,Terry,20,10,2.0
1958,Lee,9,7,1.286
1958,Kim,7,28,0.25
1958,Leslie,7,16,0.438
1958,Robin,7,17,0.412
1958,Tracy,6,9,0.667
1958,Dana,5,5,1.0
1959,Terry,28,8,3.5
1959,Kelly,20,30,0.667
1959,Tracy,8,11,0.727
1959,Lynn,7,8,0.875
1959,Kim,6,31,0.194
1959,Robin,6,15,0.4
1960,Terry,27,12,2.25
1960,Kelly,22,38,0.579
1960,Chris,10,6,1.667
1960,Kerry,8,5,1.6
1960,Lynn,8,5,1.6
1960,Dana,6,12,0.5
1960,Leslie,6,17,0.353
1960,Lee,5,5,1.0
1961,Terry,38,11,3.455
1961,Kelly,31,36,0.861
1961,Chris,21,7,3.0
1961,Tracy,15,27,0.556
1961,Shawn,11,6,1.833
1961,Robin,8,26,0.308
1961,Leslie,7,16,0.438
1961,Lynn,5,15,0.333
1962,Terry,30,9,3.333
1962,Kelly,20,25,0.8
1962,Tracy,14,17,0.824
1962,Chris,9,10,0.9
1962,Leslie,6,16,0.375
1962,Robin,6,21,0.286
1962,Lee,5,5,1.0
1963,Terry,23,5,4.6
1963,Kelly,15,27,0.556
1963,Leslie,11,12,0.917
1963,Kerry,9,7,1.286
1963,Jody,7,5,1.4
1963,Tracy,7,14,0.5
1963,Robin,6,24,0.25
1963,Lynn,5,9,0.556
1964,Terry,23,6,3.833
1964,Shawn,13,6,2.167
1964,Kelly,7,21,0.333
1964,Robin,7,30,0.233
1964,Shannon,7,14,0.5
1964,Tracy,7,16,0.438
1965,Kelly,11,29,0.379
1965,Tracy,10,22,0.455
1965,Jamie,7,10,0.7
1966,Kelly,17,23,0.739
1966,Tracy,9,23,0.391
1967,Shawn,20,6,3.333
1967,Kelly,14,27,0.519
1968,Kelly,20,17,1.176
1968,Leslie,5,13,0.385
1969,Kelly,16,23,0.696
1969,Shannon,7,18,0.389
1969,Jody,6,5,1.2
1970,Kelly,8,19,0.421
1970,Jamie,7,14,0.5
1970,Leslie,7,10,0.7
1970,Shannon,5,21,0.238
1970,Tracy,5,36,0.139
1971,Kelly,8,19,0.421
1971,Jamie,6,22,0.273
1971,Leslie,6,8,0.75
1971,Shannon,5,29,0.172
1972,Kelly,10,15,0.667
1972,Tracy,8,18,0.444
1972,Jamie,7,10,0.7
1972,Shannon,6,29,0.207
1973,Kelly,11,10,1.1
1973,Shannon,6,14,0.429
1973,Jamie,5,13,0.385
1974,Kelly,12,22,0.545
1975,Shannon,7,19,0.368
1975,Jamie,5,28,0.179
1975,Tracy,5,12,0.417
1976,Kelly,10,25,0.4
1976,Jamie,7,50,0.14
1977,Kelly,10,29,0.345
1977,Jody,8,6,1.333
1977,Jamie,6,62,0.097
1977,Tracy,5,12,0.417
1978,Casey,21,11,1.909
1978,Cody,21,5,4.2
1978,Kelly,10,31,0.323
1978,Jamie,6,48,0.125
1978,Shannon,5,29,0.172
1979,Jamie,5,47,0.106
1980,Kelly,7,28,0.25
1980,Jamie,6,48,0.125
1981,Michael,145,5,29.0
1981,Ryan,78,8,9.75
1981,Casey,35,5,7.0
1981,Jesse,32,5,6.4
1981,Kelly,8,24,0.333
1981,Dusty,7,6,1.167
1982,Cody,31,9,3.444
1982,Casey,23,5,4.6
1982,Kelly,17,20,0.85
1982,Jamie,6,39,0.154
1983,Casey,23,9,2.556
1983,Kelly,5,24,0.208
1984,Cody,53,6,8.833
1984,Jamie,8,28,0.286
1984,Kelly,7,17,0.412
1985,Casey,29,5,5.8
1985,Kelly,7,18,0.389
1985,Morgan,5,5,1.0
1986,Cody,34,6,5.667
1986,Jordan,23,8,2.875
1986,Casey,15,8,1.875
1986,Kelly,6,12,0.5
1987,Casey,15,7,2.143
1987,Kelly,9,13,0.692
1988,Casey,28,5,5.6
1988,Jordan,26,6,4.333
1988,Kelly,7,12,0.583
1988,Morgan,7,7,1.0
1989,Jordan,30,13,2.308
1989,Casey,17,9,1.889
1989,Taylor,13,9,1.444
1989,Devin,7,5,1.4
1990,Jordan,32,21,1.524
1990,Casey,16,5,3.2
1990,Taylor,15,18,0.833
1991,Jordan,38,19,2.0
1991,Taylor,26,14,1.857
1991,Casey,13,5,2.6
1991,Jessie,5,6,0.833
1992,Jordan,31,8,3.875
1992,Taylor,26,27,0.963
1992,Casey,18,5,3.6
1992,Kelly,5,8,0.625
1993,Tyler,90,7,12.857
1993,Jordan,31,17,1.824
1993,Taylor,19,47,0.404
1994,Jordan,31,23,1.348
1994,Taylor,26,36,0.722
1995,Jordan,23,21,1.095
1995,Taylor,15,34,0.441
1995,Morgan,6,24,0.25
1996,Jordan,29,20,1.45
1996,Taylor,17,44,0.386
1996,Tristan,15,5,3.0
1996,Dakota,13,5,2.6
1996,Morgan,8,26,0.308
1997,Jordan,22,26,0.846
1997,Taylor,21,42,0.5
1997,Dakota,14,5,2.8
1997,Riley,8,8,1.0
1997,Bailey,6,23,0.261
1997,Morgan,5,22,0.227
1998,Taylor,23,33,0.697
1998,Jordan,11,19,0.579
1998,Bailey,6,23,0.261
1999,Hunter,21,5,4.2
1999,Jordan,21,14,1.5
1999,Dakota,13,9,1.444
1999,Riley,12,8,1.5
1999,Taylor,9,37,0.243
1999,Bailey,6,14,0.429
1999,Morgan,5,13,0.385
2000,Riley,11,6,1.833
2000,Jordan,10,11,0.909
2000,Taylor,7,39,0.179
2000,Dakota,6,5,1.2
2001,Jordan,19,14,1.357
2001,Riley,11,7,1.571
2001,Taylor,11,35,0.314
2001,Morgan,8,20,0.4
2001,Dakota,7,5,1.4
2002,Riley,18,7,2.571
2002,Jordan,16,12,1.333
2002,Jaden,12,6,2.0
2002,Jayden,11,6,1.833
2002,Taylor,6,25,0.24
2003,Jordan,10,8,1.25
2003,Riley,10,8,1.25
2003,Jaden,9,5,1.8
2003,Jayden,6,9,0.667
2003,Morgan,5,20,0.25
2004,Riley,16,14,1.143
2004,Jordan,12,11,1.091
2004,Jayden,10,7,1.429
2004,Morgan,9,21,0.429
2004,Jaden,8,7,1.143
2004,Peyton,7,6,1.167
2004,Taylor,6,23,0.261
2004,Alexis,5,31,0.161
2005,Riley,22,5,4.4
2005,Dakota,11,9,1.222
2005,Jayden,10,6,1.667
2005,Payton,7,5,1.4
2005,Avery,6,15,0.4
2005,Peyton,6,5,1.2
2006,Riley,15,5,3.0
2006,Jaden,11,5,2.2
2006,Jordan,11,9,1.222
2006,Payton,7,11,0.636
2006,Peyton,7,7,1.0
2007,Hayden,20,9,2.222
2007,Riley,18,12,1.5
2007,Jordan,14,11,1.273
2007,Jayden,13,5,2.6
2007,Peyton,9,7,1.286
2007,Taylor,7,27,0.259
2008,Riley,19,7,2.714
2008,Jayden,18,5,3.6
2008,Hayden,17,10,1.7
2008,Jordan,11,5,2.2
2008,Payton,5,16,0.312
2008,Taylor,5,28,0.179
2009,Dylan,24,5,4.8
2009,Jayden,20,11,1.818
2009,Hayden,17,9,1.889
2009,Payton,11,12,0.917
2009,Peyton,10,7,1.429
2010,Jayden,24,6,4.0
2010,Hayden,18,5,3.6
2010,Riley,11,9,1.222
2010,Peyton,6,12,0.5
2010,Payton,5,11,0.455
2010,Sawyer,5,6,0.833
2011,Hayden,13,5,2.6
2011,Riley,12,12,1.0
2011,Jayden,10,5,2.0
2011,Jordan,7,5,1.4
2011,Peyton,5,13,0.385
2012,Riley,8,12,0.667
2012,Hayden,6,5,1.2
2013,Sawyer,14,7,2.0
2013,Hayden,8,5,1.6
2013,Riley,7,9,0.778
2014,Riley,12,10,1.2
2014,Sawyer,10,7,1.429
2014,Avery,6,18,0.333
2014,Oakley,6,14,0.429
2014,Remington,6,6,1.0
2015,Sawyer,17,7,2.429
2015,Riley,8,8,1.0
2015,Hayden,7,7,1.0
2015,Finley,5,5,1.0
2016,Parker,14,5,2.8
2016,Sawyer,13,9,1.444
2017,Sawyer,12,10,1.2
2017,Charlie,5,8,0.625
2018,Remington,11,5,2.2
2018,Sawyer,10,5,2.0
2018,Blake,5,8,0.625
2018,Peyton,5,9,0.556
2019,Sawyer,16,7,2.286
2019,Charlie,8,5,1.6
2020,Logan,23,5,4.6
2020,Sawyer,10,6,1.667
2020,Avery,6,10,0.6
2021,Parker,9,5,1.8
2021,River,7,5,1.4
2021,Remington,6,5,1.2
2021,Charlie,5,8,0.625
